B.E.	wide/2:CPS		B.E.	F 1s/5:CPS		B.E.	O 1s/6:CPS		B.E.	C 1s/7:CPS		
1.101526e+003	1.566000e+004		6.975760e+002	4.083333e+003		5.415260e+002	2.722222e+003		2.980260e+002	1.326667e+003		
1.100526e+003	1.549000e+004		6.975260e+002	4.196667e+003		5.414760e+002	2.731111e+003		2.979760e+002	1.253333e+003		
1.099526e+003	1.551000e+004		6.974760e+002	4.203333e+003		5.414260e+002	2.686667e+003		2.979260e+002	1.263333e+003		
1.098526e+003	1.505000e+004		6.974260e+002	4.000000e+003		5.413760e+002	2.651111e+003		2.978760e+002	1.273333e+003		
1.097526e+003	1.540000e+004		6.973760e+002	4.050000e+003		5.413260e+002	2.602222e+003		2.978260e+002	1.293333e+003		
1.096526e+003	1.571000e+004		6.973260e+002	4.220000e+003		5.412760e+002	2.664444e+003		2.977760e+002	1.343333e+003		
1.095526e+003	1.525000e+004		6.972760e+002	4.223333e+003		5.412260e+002	2.875556e+003		2.977260e+002	1.233333e+003		
1.094526e+003	1.579000e+004		6.972260e+002	4.136667e+003		5.411760e+002	2.853333e+003		2.976760e+002	1.203333e+003		
1.093526e+003	1.563000e+004		6.971760e+002	3.933333e+003		5.411260e+002	2.700000e+003		2.976260e+002	1.320000e+003		
1.092526e+003	1.541000e+004		6.971260e+002	4.096667e+003		5.410760e+002	2.617778e+003		2.975760e+002	1.363333e+003		
1.091526e+003	1.587000e+004		6.970760e+002	4.026667e+003		5.410260e+002	2.646667e+003		2.975260e+002	1.156667e+003		
1.090526e+003	1.562000e+004		6.970260e+002	4.133333e+003		5.409760e+002	2.617778e+003		2.974760e+002	1.216667e+003		
1.089526e+003	1.575000e+004		6.969760e+002	4.140000e+003		5.409260e+002	2.593333e+003		2.974260e+002	1.223333e+003		
1.088526e+003	1.603000e+004		6.969260e+002	4.093333e+003		5.408760e+002	2.546667e+003		2.973760e+002	1.280000e+003		
1.087526e+003	1.613000e+004		6.968760e+002	4.156667e+003		5.408260e+002	2.513333e+003		2.973260e+002	1.193333e+003		
1.086526e+003	1.581000e+004		6.968260e+002	4.103333e+003		5.407760e+002	2.651111e+003		2.972760e+002	1.283333e+003		
1.085526e+003	1.488000e+004		6.967760e+002	4.200000e+003		5.407260e+002	2.715556e+003		2.972260e+002	1.263333e+003		
1.084526e+003	1.507000e+004		6.967260e+002	4.106667e+003		5.406760e+002	2.497778e+003		2.971760e+002	1.216667e+003		
1.083526e+003	1.554000e+004		6.966760e+002	4.113333e+003		5.406260e+002	2.455556e+003		2.971260e+002	1.326667e+003		
1.082526e+003	1.558000e+004		6.966260e+002	4.186667e+003		5.405760e+002	2.417778e+003		2.970760e+002	1.263333e+003		
1.081526e+003	1.526000e+004		6.965760e+002	4.386667e+003		5.405260e+002	2.382222e+003		2.970260e+002	1.236667e+003		
1.080526e+003	1.505000e+004		6.965260e+002	4.060000e+003		5.404760e+002	2.593333e+003		2.969760e+002	1.200000e+003		
1.079526e+003	1.517000e+004		6.964760e+002	4.136667e+003		5.404260e+002	2.566667e+003		2.969260e+002	1.163333e+003		
1.078526e+003	1.531000e+004		6.964260e+002	4.033333e+003		5.403760e+002	2.595556e+003		2.968760e+002	1.190000e+003		
1.077526e+003	1.559000e+004		6.963760e+002	4.056667e+003		5.403260e+002	2.497778e+003		2.968260e+002	1.143333e+003		
1.076526e+003	1.520000e+004		6.963260e+002	3.990000e+003		5.402760e+002	2.533333e+003		2.967760e+002	1.143333e+003		
1.075526e+003	1.517000e+004		6.962760e+002	4.006667e+003		5.402260e+002	2.506667e+003		2.967260e+002	1.173333e+003		
1.074526e+003	1.519000e+004		6.962260e+002	4.010000e+003		5.401760e+002	2.622222e+003		2.966760e+002	1.213333e+003		
1.073526e+003	1.581000e+004		6.961760e+002	4.150000e+003		5.401260e+002	2.697778e+003		2.966260e+002	1.133333e+003		
1.072526e+003	1.584000e+004		6.961260e+002	4.166667e+003		5.400760e+002	2.584444e+003		2.965760e+002	1.120000e+003		
1.071526e+003	1.607000e+004		6.960760e+002	4.043333e+003		5.400260e+002	2.555556e+003		2.965260e+002	1.123333e+003		
1.070526e+003	1.592000e+004		6.960260e+002	4.106667e+003		5.399760e+002	2.615556e+003		2.964760e+002	1.143333e+003		
1.069526e+003	1.534000e+004		6.959760e+002	4.016667e+003		5.399260e+002	2.626667e+003		2.964260e+002	1.260000e+003		
1.068526e+003	1.585000e+004		6.959260e+002	3.866667e+003		5.398760e+002	2.451111e+003		2.963760e+002	1.260000e+003		
1.067526e+003	1.638000e+004		6.958760e+002	3.893333e+003		5.398260e+002	2.517778e+003		2.963260e+002	1.196667e+003		
1.066526e+003	1.605000e+004		6.958260e+002	3.843333e+003		5.397760e+002	2.633333e+003		2.962760e+002	1.146667e+003		
1.065526e+003	1.582000e+004		6.957760e+002	4.020000e+003		5.397260e+002	2.546667e+003		2.962260e+002	1.150000e+003		
1.064526e+003	1.613000e+004		6.957260e+002	4.050000e+003		5.396760e+002	2.586667e+003		2.961760e+002	1.033333e+003		
1.063526e+003	1.600000e+004		6.956760e+002	4.026667e+003		5.396260e+002	2.515556e+003		2.961260e+002	9.966667e+002		
1.062526e+003	1.587000e+004		6.956260e+002	4.080000e+003		5.395760e+002	2.548889e+003		2.960760e+002	1.190000e+003		
1.061526e+003	1.559000e+004		6.955760e+002	3.970000e+003		5.395260e+002	2.513333e+003		2.960260e+002	1.166667e+003		
1.060526e+003	1.595000e+004		6.955260e+002	4.166667e+003		5.394760e+002	2.515556e+003		2.959760e+002	1.116667e+003		
1.059526e+003	1.557000e+004		6.954760e+002	4.100000e+003		5.394260e+002	2.493333e+003		2.959260e+002	1.130000e+003		
1.058526e+003	1.639000e+004		6.954260e+002	3.790000e+003		5.393760e+002	2.464444e+003		2.958760e+002	1.170000e+003		
1.057526e+003	1.621000e+004		6.953760e+002	4.160000e+003		5.393260e+002	2.504444e+003		2.958260e+002	1.156667e+003		
1.056526e+003	1.659000e+004		6.953260e+002	4.096667e+003		5.392760e+002	2.544444e+003		2.957760e+002	1.173333e+003		
1.055526e+003	1.628000e+004		6.952760e+002	4.080000e+003		5.392260e+002	2.477778e+003		2.957260e+002	1.096667e+003		
1.054526e+003	1.600000e+004		6.952260e+002	4.090000e+003		5.391760e+002	2.395556e+003		2.956760e+002	1.263333e+003		
1.053526e+003	1.574000e+004		6.951760e+002	4.103333e+003		5.391260e+002	2.424444e+003		2.956260e+002	1.156667e+003		
1.052526e+003	1.528000e+004		6.951260e+002	3.976667e+003		5.390760e+002	2.540000e+003		2.955760e+002	1.033333e+003		
1.051526e+003	1.566000e+004		6.950760e+002	4.023333e+003		5.390260e+002	2.484444e+003		2.955260e+002	1.216667e+003		
1.050526e+003	1.611000e+004		6.950260e+002	3.780000e+003		5.389760e+002	2.553333e+003		2.954760e+002	1.136667e+003		
1.049526e+003	1.583000e+004		6.949760e+002	3.883333e+003		5.389260e+002	2.520000e+003		2.954260e+002	1.143333e+003		
1.048526e+003	1.634000e+004		6.949260e+002	3.980000e+003		5.388760e+002	2.415556e+003		2.953760e+002	1.093333e+003		
1.047526e+003	1.612000e+004		6.948760e+002	4.170000e+003		5.388260e+002	2.384444e+003		2.953260e+002	1.026667e+003		
1.046526e+003	1.598000e+004		6.948260e+002	4.153333e+003		5.387760e+002	2.482222e+003		2.952760e+002	1.120000e+003		
1.045526e+003	1.587000e+004		6.947760e+002	4.073333e+003		5.387260e+002	2.546667e+003		2.952260e+002	1.030000e+003		
1.044526e+003	1.565000e+004		6.947260e+002	3.870000e+003		5.386760e+002	2.444444e+003		2.951760e+002	1.043333e+003		
1.043526e+003	1.590000e+004		6.946760e+002	4.063333e+003		5.386260e+002	2.566667e+003		2.951260e+002	1.100000e+003		
1.042526e+003	1.574000e+004		6.946260e+002	4.160000e+003		5.385760e+002	2.517778e+003		2.950760e+002	1.046667e+003		
1.041526e+003	1.593000e+004		6.945760e+002	4.063333e+003		5.385260e+002	2.613333e+003		2.950260e+002	1.000000e+003		
1.040526e+003	1.562000e+004		6.945260e+002	3.916667e+003		5.384760e+002	2.473333e+003		2.949760e+002	1.066667e+003		
1.039526e+003	1.619000e+004		6.944760e+002	4.100000e+003		5.384260e+002	2.568889e+003		2.949260e+002	1.146667e+003		
1.038526e+003	1.651000e+004		6.944260e+002	4.003333e+003		5.383760e+002	2.573333e+003		2.948760e+002	1.036667e+003		
1.037526e+003	1.694000e+004		6.943760e+002	4.123333e+003		5.383260e+002	2.584444e+003		2.948260e+002	1.056667e+003		
1.036526e+003	1.675000e+004		6.943260e+002	4.113333e+003		5.382760e+002	2.557778e+003		2.947760e+002	1.073333e+003		
1.035526e+003	1.628000e+004		6.942760e+002	4.050000e+003		5.382260e+002	2.431111e+003		2.947260e+002	1.036667e+003		
1.034526e+003	1.652000e+004		6.942260e+002	3.950000e+003		5.381760e+002	2.595556e+003		2.946760e+002	1.120000e+003		
1.033526e+003	1.683000e+004		6.941760e+002	4.183333e+003		5.381260e+002	2.648889e+003		2.946260e+002	1.143333e+003		
1.032526e+003	1.655000e+004		6.941260e+002	4.053333e+003		5.380760e+002	2.642222e+003		2.945760e+002	1.053333e+003		
1.031526e+003	1.642000e+004		6.940760e+002	4.106667e+003		5.380260e+002	2.477778e+003		2.945260e+002	1.013333e+003		
1.030526e+003	1.569000e+004		6.940260e+002	4.123333e+003		5.379760e+002	2.555556e+003		2.944760e+002	1.126667e+003		
1.029526e+003	1.650000e+004		6.939760e+002	4.083333e+003		5.379260e+002	2.526667e+003		2.944260e+002	1.020000e+003		
1.028526e+003	1.628000e+004		6.939260e+002	4.183333e+003		5.378760e+002	2.524444e+003		2.943760e+002	1.060000e+003		
1.027526e+003	1.611000e+004		6.938760e+002	4.043333e+003		5.378260e+002	2.526667e+003		2.943260e+002	9.766667e+002		
1.026526e+003	1.669000e+004		6.938260e+002	3.943333e+003		5.377760e+002	2.571111e+003		2.942760e+002	1.063333e+003		
1.025526e+003	1.701000e+004		6.937760e+002	4.036667e+003		5.377260e+002	2.522222e+003		2.942260e+002	9.500000e+002		
1.024526e+003	1.693000e+004		6.937260e+002	4.116667e+003		5.376760e+002	2.366667e+003		2.941760e+002	9.633333e+002		
1.023526e+003	1.682000e+004		6.936760e+002	4.140000e+003		5.376260e+002	2.544444e+003		2.941260e+002	1.066667e+003		
1.022526e+003	1.679000e+004		6.936260e+002	4.143333e+003		5.375760e+002	2.535556e+003		2.940760e+002	1.096667e+003		
1.021526e+003	1.670000e+004		6.935760e+002	4.146667e+003		5.375260e+002	2.520000e+003		2.940260e+002	9.700000e+002		
1.020526e+003	1.715000e+004		6.935260e+002	4.030000e+003		5.374760e+002	2.480000e+003		2.939760e+002	1.000000e+003		
1.019526e+003	1.707000e+004		6.934760e+002	3.903333e+003		5.374260e+002	2.444444e+003		2.939260e+002	1.073333e+003		
1.018526e+003	1.675000e+004		6.934260e+002	4.130000e+003		5.373760e+002	2.542222e+003		2.938760e+002	1.030000e+003		
1.017526e+003	1.647000e+004		6.933760e+002	4.006667e+003		5.373260e+002	2.557778e+003		2.938260e+002	1.046667e+003		
1.016526e+003	1.648000e+004		6.933260e+002	4.060000e+003		5.372760e+002	2.528889e+003		2.937760e+002	9.766667e+002		
1.015526e+003	1.698000e+004		6.932760e+002	4.120000e+003		5.372260e+002	2.580000e+003		2.937260e+002	1.020000e+003		
1.014526e+003	1.667000e+004		6.932260e+002	4.193333e+003		5.371760e+002	2.651111e+003		2.936760e+002	9.866667e+002		
1.013526e+003	1.713000e+004		6.931760e+002	4.130000e+003		5.371260e+002	2.575556e+003		2.936260e+002	1.050000e+003		
1.012526e+003	1.736000e+004		6.931260e+002	4.086667e+003		5.370760e+002	2.513333e+003		2.935760e+002	9.833333e+002		
1.011526e+003	1.726000e+004		6.930760e+002	4.003333e+003		5.370260e+002	2.404444e+003		2.935260e+002	1.056667e+003		
1.010526e+003	1.728000e+004		6.930260e+002	3.930000e+003		5.369760e+002	2.480000e+003		2.934760e+002	1.040000e+003		
1.009526e+003	1.688000e+004		6.929760e+002	4.146667e+003		5.369260e+002	2.573333e+003		2.934260e+002	1.013333e+003		
1.008526e+003	1.749000e+004		6.929260e+002	4.203333e+003		5.368760e+002	2.453333e+003		2.933760e+002	1.066667e+003		
1.007526e+003	1.710000e+004		6.928760e+002	4.136667e+003		5.368260e+002	2.568889e+003		2.933260e+002	1.150000e+003		
1.006526e+003	1.751000e+004		6.928260e+002	4.333333e+003		5.367760e+002	2.611111e+003		2.932760e+002	1.190000e+003		
1.005526e+003	1.745000e+004		6.927760e+002	4.266667e+003		5.367260e+002	2.588889e+003		2.932260e+002	1.130000e+003		
1.004526e+003	1.760000e+004		6.927260e+002	4.090000e+003		5.366760e+002	2.571111e+003		2.931760e+002	9.633333e+002		
1.003526e+003	1.742000e+004		6.926760e+002	4.090000e+003		5.366260e+002	2.628889e+003		2.931260e+002	1.056667e+003		
1.002526e+003	1.770000e+004		6.926260e+002	4.033333e+003		5.365760e+002	2.666667e+003		2.930760e+002	1.090000e+003		
1.001526e+003	1.820000e+004		6.925760e+002	4.256667e+003		5.365260e+002	2.673333e+003		2.930260e+002	1.096667e+003		
1.000526e+003	1.775000e+004		6.925260e+002	4.256667e+003		5.364760e+002	2.566667e+003		2.929760e+002	1.100000e+003		
9.995260e+002	1.783000e+004		6.924760e+002	4.220000e+003		5.364260e+002	2.597778e+003		2.929260e+002	1.103333e+003		
9.985260e+002	1.815000e+004		6.924260e+002	4.260000e+003		5.363760e+002	2.622222e+003		2.928760e+002	1.146667e+003		
9.975260e+002	1.803000e+004		6.923760e+002	4.530000e+003		5.363260e+002	2.575556e+003		2.928260e+002	1.126667e+003		
9.965260e+002	1.692000e+004		6.923260e+002	4.313333e+003		5.362760e+002	2.651111e+003		2.927760e+002	1.156667e+003		
9.955260e+002	1.672000e+004		6.922760e+002	4.320000e+003		5.362260e+002	2.668889e+003		2.927260e+002	1.100000e+003		
9.945260e+002	1.697000e+004		6.922260e+002	4.300000e+003		5.361760e+002	2.777778e+003		2.926760e+002	1.180000e+003		
9.935260e+002	1.690000e+004		6.921760e+002	4.256667e+003		5.361260e+002	2.662222e+003		2.926260e+002	1.146667e+003		
9.925260e+002	1.630000e+004		6.921260e+002	4.373333e+003		5.360760e+002	2.677778e+003		2.925760e+002	1.096667e+003		
9.915260e+002	1.653000e+004		6.920760e+002	4.356667e+003		5.360260e+002	2.771111e+003		2.925260e+002	1.090000e+003		
9.905260e+002	1.677000e+004		6.920260e+002	4.343333e+003		5.359760e+002	2.731111e+003		2.924760e+002	1.196667e+003		
9.895260e+002	1.655000e+004		6.919760e+002	4.320000e+003		5.359260e+002	2.860000e+003		2.924260e+002	1.173333e+003		
9.885260e+002	1.626000e+004		6.919260e+002	4.483333e+003		5.358760e+002	2.802222e+003		2.923760e+002	1.186667e+003		
9.875260e+002	1.613000e+004		6.918760e+002	4.246667e+003		5.358260e+002	2.968889e+003		2.923260e+002	1.243333e+003		
9.865260e+002	1.615000e+004		6.918260e+002	4.386667e+003		5.357760e+002	2.986667e+003		2.922760e+002	1.293333e+003		
9.855260e+002	1.636000e+004		6.917760e+002	4.340000e+003		5.357260e+002	2.911111e+003		2.922260e+002	1.203333e+003		
9.845260e+002	1.644000e+004		6.917260e+002	4.566667e+003		5.356760e+002	2.980000e+003		2.921760e+002	1.280000e+003		
9.835260e+002	1.658000e+004		6.916760e+002	4.240000e+003		5.356260e+002	3.000000e+003		2.921260e+002	1.366667e+003		
9.825260e+002	1.665000e+004		6.916260e+002	4.426667e+003		5.355760e+002	3.046667e+003		2.920760e+002	1.280000e+003		
9.815260e+002	1.755000e+004		6.915760e+002	4.536667e+003		5.355260e+002	3.086667e+003		2.920260e+002	1.326667e+003		
9.805260e+002	1.823000e+004		6.915260e+002	4.756667e+003		5.354760e+002	3.168889e+003		2.919760e+002	1.430000e+003		
9.795260e+002	1.800000e+004		6.914760e+002	4.646667e+003		5.354260e+002	3.157778e+003		2.919260e+002	1.423333e+003		
9.785260e+002	1.860000e+004		6.914260e+002	4.696667e+003		5.353760e+002	3.280000e+003		2.918760e+002	1.406667e+003		
9.775260e+002	1.888000e+004		6.913760e+002	4.760000e+003		5.353260e+002	3.277778e+003		2.918260e+002	1.543333e+003		
9.765260e+002	1.921000e+004		6.913260e+002	4.673333e+003		5.352760e+002	3.340000e+003		2.917760e+002	1.520000e+003		
9.755260e+002	1.897000e+004		6.912760e+002	4.736667e+003		5.352260e+002	3.346667e+003		2.917260e+002	1.560000e+003		
9.745260e+002	1.874000e+004		6.912260e+002	4.806667e+003		5.351760e+002	3.488889e+003		2.916760e+002	1.556667e+003		
9.735260e+002	1.851000e+004		6.911760e+002	4.820000e+003		5.351260e+002	3.604444e+003		2.916260e+002	1.706667e+003		
9.725260e+002	1.740000e+004		6.911260e+002	4.830000e+003		5.350760e+002	3.640000e+003		2.915760e+002	1.730000e+003		
9.715260e+002	1.719000e+004		6.910760e+002	4.796667e+003		5.350260e+002	3.662222e+003		2.915260e+002	1.796667e+003		
9.705260e+002	1.699000e+004		6.910260e+002	4.900000e+003		5.349760e+002	3.926667e+003		2.914760e+002	1.773333e+003		
9.695260e+002	1.630000e+004		6.909760e+002	5.176667e+003		5.349260e+002	3.755556e+003		2.914260e+002	1.733333e+003		
9.685260e+002	1.571000e+004		6.909260e+002	5.126667e+003		5.348760e+002	3.962222e+003		2.913760e+002	1.903333e+003		
9.675260e+002	1.491000e+004		6.908760e+002	5.426667e+003		5.348260e+002	4.035556e+003		2.913260e+002	2.003333e+003		
9.665260e+002	1.440000e+004		6.908260e+002	5.400000e+003		5.347760e+002	4.091111e+003		2.912760e+002	1.930000e+003		
9.655260e+002	1.379000e+004		6.907760e+002	5.386667e+003		5.347260e+002	4.284444e+003		2.912260e+002	2.020000e+003		
9.645260e+002	1.339000e+004		6.907260e+002	5.356667e+003		5.346760e+002	4.351111e+003		2.911760e+002	1.896667e+003		
9.635260e+002	1.283000e+004		6.906760e+002	5.570000e+003		5.346260e+002	4.515556e+003		2.911260e+002	1.920000e+003		
9.625260e+002	1.282000e+004		6.906260e+002	5.523333e+003		5.345760e+002	4.751111e+003		2.910760e+002	2.000000e+003		
9.615260e+002	1.263000e+004		6.905760e+002	5.793333e+003		5.345260e+002	4.733333e+003		2.910260e+002	2.063333e+003		
9.605260e+002	1.273000e+004		6.905260e+002	5.580000e+003		5.344760e+002	5.080000e+003		2.909760e+002	2.146667e+003		
9.595260e+002	1.273000e+004		6.904760e+002	5.940000e+003		5.344260e+002	5.155556e+003		2.909260e+002	2.210000e+003		
9.585260e+002	1.252000e+004		6.904260e+002	5.910000e+003		5.343760e+002	5.284444e+003		2.908760e+002	2.120000e+003		
9.575260e+002	1.316000e+004		6.903760e+002	6.126667e+003		5.343260e+002	5.508889e+003		2.908260e+002	1.990000e+003		
9.565260e+002	1.260000e+004		6.903260e+002	6.386667e+003		5.342760e+002	5.568889e+003		2.907760e+002	2.183333e+003		
9.555260e+002	1.245000e+004		6.902760e+002	6.433333e+003		5.342260e+002	5.986667e+003		2.907260e+002	2.146667e+003		
9.545260e+002	1.258000e+004		6.902260e+002	6.356667e+003		5.341760e+002	6.208889e+003		2.906760e+002	2.333333e+003		
9.535260e+002	1.245000e+004		6.901760e+002	6.693333e+003		5.341260e+002	6.166667e+003		2.906260e+002	2.300000e+003		
9.525260e+002	1.297000e+004		6.901260e+002	6.713333e+003		5.340760e+002	6.617778e+003		2.905760e+002	2.440000e+003		
9.515260e+002	1.333000e+004		6.900760e+002	7.100000e+003		5.340260e+002	6.864444e+003		2.905260e+002	2.440000e+003		
9.505260e+002	1.265000e+004		6.900260e+002	7.076667e+003		5.339760e+002	6.991111e+003		2.904760e+002	2.513333e+003		
9.495260e+002	1.209000e+004		6.899760e+002	7.370000e+003		5.339260e+002	7.420000e+003		2.904260e+002	2.630000e+003		
9.485260e+002	1.267000e+004		6.899260e+002	7.573333e+003		5.338760e+002	7.653333e+003		2.903760e+002	2.863333e+003		
9.475260e+002	1.244000e+004		6.898760e+002	7.670000e+003		5.338260e+002	7.833333e+003		2.903260e+002	2.876667e+003		
9.465260e+002	1.235000e+004		6.898260e+002	7.796667e+003		5.337760e+002	8.215556e+003		2.902760e+002	2.913333e+003		
9.455260e+002	1.258000e+004		6.897760e+002	7.993333e+003		5.337260e+002	8.697778e+003		2.902260e+002	3.040000e+003		
9.445260e+002	1.270000e+004		6.897260e+002	7.810000e+003		5.336760e+002	9.162222e+003		2.901760e+002	3.240000e+003		
9.435260e+002	1.243000e+004		6.896760e+002	8.453333e+003		5.336260e+002	9.584444e+003		2.901260e+002	3.313333e+003		
9.425260e+002	1.299000e+004		6.896260e+002	8.750000e+003		5.335760e+002	9.813333e+003		2.900760e+002	3.610000e+003		
9.415260e+002	1.293000e+004		6.895760e+002	8.876667e+003		5.335260e+002	1.003556e+004		2.900260e+002	3.733333e+003		
9.405260e+002	1.278000e+004		6.895260e+002	9.130000e+003		5.334760e+002	1.035556e+004		2.899760e+002	3.870000e+003		
9.395260e+002	1.297000e+004		6.894760e+002	9.330000e+003		5.334260e+002	1.097333e+004		2.899260e+002	4.156667e+003		
9.385260e+002	1.286000e+004		6.894260e+002	9.656667e+003		5.333760e+002	1.162444e+004		2.898760e+002	4.360000e+003		
9.375260e+002	1.283000e+004		6.893760e+002	9.936667e+003		5.333260e+002	1.193111e+004		2.898260e+002	4.656667e+003		
9.365260e+002	1.272000e+004		6.893260e+002	1.014667e+004		5.332760e+002	1.240222e+004		2.897760e+002	4.860000e+003		
9.355260e+002	1.285000e+004		6.892760e+002	1.076333e+004		5.332260e+002	1.286444e+004		2.897260e+002	4.853333e+003		
9.345260e+002	1.251000e+004		6.892260e+002	1.128667e+004		5.331760e+002	1.345556e+004		2.896760e+002	5.366667e+003		
9.335260e+002	1.274000e+004		6.891760e+002	1.157333e+004		5.331260e+002	1.392222e+004		2.896260e+002	5.463333e+003		
9.325260e+002	1.254000e+004		6.891260e+002	1.209333e+004		5.330760e+002	1.438667e+004		2.895760e+002	5.800000e+003		
9.315260e+002	1.295000e+004		6.890760e+002	1.247667e+004		5.330260e+002	1.507111e+004		2.895260e+002	6.103333e+003		
9.305260e+002	1.257000e+004		6.890260e+002	1.298000e+004		5.329760e+002	1.510222e+004		2.894760e+002	6.300000e+003		
9.295260e+002	1.238000e+004		6.889760e+002	1.340333e+004		5.329260e+002	1.572444e+004		2.894260e+002	6.500000e+003		
9.285260e+002	1.261000e+004		6.889260e+002	1.366667e+004		5.328760e+002	1.616667e+004		2.893760e+002	6.403333e+003		
9.275260e+002	1.372000e+004		6.888760e+002	1.458333e+004		5.328260e+002	1.674222e+004		2.893260e+002	6.696667e+003		
9.265260e+002	1.277000e+004		6.888260e+002	1.499000e+004		5.327760e+002	1.704444e+004		2.892760e+002	6.576667e+003		
9.255260e+002	1.333000e+004		6.887760e+002	1.555333e+004		5.327260e+002	1.735778e+004		2.892260e+002	6.716667e+003		
9.245260e+002	1.298000e+004		6.887260e+002	1.601667e+004		5.326760e+002	1.771556e+004		2.891760e+002	6.770000e+003		
9.235260e+002	1.325000e+004		6.886760e+002	1.672333e+004		5.326260e+002	1.849556e+004		2.891260e+002	6.840000e+003		
9.225260e+002	1.235000e+004		6.886260e+002	1.713667e+004		5.325760e+002	1.860444e+004		2.890760e+002	6.793333e+003		
9.215260e+002	1.294000e+004		6.885760e+002	1.754667e+004		5.325260e+002	1.854000e+004		2.890260e+002	6.763333e+003		
9.205260e+002	1.322000e+004		6.885260e+002	1.767333e+004		5.324760e+002	1.889556e+004		2.889760e+002	6.546667e+003		
9.195260e+002	1.282000e+004		6.884760e+002	1.874000e+004		5.324260e+002	1.855556e+004		2.889260e+002	6.350000e+003		
9.185260e+002	1.266000e+004		6.884260e+002	1.890667e+004		5.323760e+002	1.864222e+004		2.888760e+002	6.230000e+003		
9.175260e+002	1.311000e+004		6.883760e+002	1.914000e+004		5.323260e+002	1.894222e+004		2.888260e+002	5.920000e+003		
9.165260e+002	1.295000e+004		6.883260e+002	1.993333e+004		5.322760e+002	1.891556e+004		2.887760e+002	5.736667e+003		
9.155260e+002	1.322000e+004		6.882760e+002	2.040333e+004		5.322260e+002	1.871111e+004		2.887260e+002	5.743333e+003		
9.145260e+002	1.287000e+004		6.882260e+002	2.039000e+004		5.321760e+002	1.853333e+004		2.886760e+002	5.620000e+003		
9.135260e+002	1.325000e+004		6.881760e+002	2.063000e+004		5.321260e+002	1.805111e+004		2.886260e+002	5.426667e+003		
9.125260e+002	1.354000e+004		6.881260e+002	2.058000e+004		5.320760e+002	1.780000e+004		2.885760e+002	5.096667e+003		
9.115260e+002	1.289000e+004		6.880760e+002	2.051333e+004		5.320260e+002	1.753556e+004		2.885260e+002	5.096667e+003		
9.105260e+002	1.346000e+004		6.880260e+002	2.080333e+004		5.319760e+002	1.700000e+004		2.884760e+002	5.143333e+003		
9.095260e+002	1.344000e+004		6.879760e+002	2.070333e+004		5.319260e+002	1.660667e+004		2.884260e+002	5.013333e+003		
9.085260e+002	1.347000e+004		6.879260e+002	1.997000e+004		5.318760e+002	1.618222e+004		2.883760e+002	5.036667e+003		
9.075260e+002	1.320000e+004		6.878760e+002	1.988000e+004		5.318260e+002	1.598444e+004		2.883260e+002	4.823333e+003		
9.065260e+002	1.360000e+004		6.878260e+002	1.959000e+004		5.317760e+002	1.527111e+004		2.882760e+002	4.916667e+003		
9.055260e+002	1.367000e+004		6.877760e+002	1.953667e+004		5.317260e+002	1.488222e+004		2.882260e+002	4.740000e+003		
9.045260e+002	1.322000e+004		6.877260e+002	1.860000e+004		5.316760e+002	1.450222e+004		2.881760e+002	4.866667e+003		
9.035260e+002	1.327000e+004		6.876760e+002	1.821000e+004		5.316260e+002	1.389333e+004		2.881260e+002	4.936667e+003		
9.025260e+002	1.353000e+004		6.876260e+002	1.790000e+004		5.315760e+002	1.331778e+004		2.880760e+002	4.716667e+003		
9.015260e+002	1.356000e+004		6.875760e+002	1.713667e+004		5.315260e+002	1.268222e+004		2.880260e+002	4.593333e+003		
9.005260e+002	1.379000e+004		6.875260e+002	1.685333e+004		5.314760e+002	1.243556e+004		2.879760e+002	4.776667e+003		
8.995260e+002	1.325000e+004		6.874760e+002	1.596667e+004		5.314260e+002	1.210667e+004		2.879260e+002	4.633333e+003		
8.985260e+002	1.355000e+004		6.874260e+002	1.554000e+004		5.313760e+002	1.163333e+004		2.878760e+002	4.716667e+003		
8.975260e+002	1.357000e+004		6.873760e+002	1.430667e+004		5.313260e+002	1.122444e+004		2.878260e+002	4.763333e+003		
8.965260e+002	1.335000e+004		6.873260e+002	1.383667e+004		5.312760e+002	1.061556e+004		2.877760e+002	4.863333e+003		
8.955260e+002	1.324000e+004		6.872760e+002	1.316333e+004		5.312260e+002	1.026444e+004		2.877260e+002	4.863333e+003		
8.945260e+002	1.356000e+004		6.872260e+002	1.267000e+004		5.311760e+002	9.515556e+003		2.876760e+002	5.220000e+003		
8.935260e+002	1.407000e+004		6.871760e+002	1.202000e+004		5.311260e+002	9.135556e+003		2.876260e+002	5.210000e+003		
8.925260e+002	1.351000e+004		6.871260e+002	1.140667e+004		5.310760e+002	9.033333e+003		2.875760e+002	5.460000e+003		
8.915260e+002	1.335000e+004		6.870760e+002	1.061333e+004		5.310260e+002	8.637778e+003		2.875260e+002	5.563333e+003		
8.905260e+002	1.333000e+004		6.870260e+002	1.004333e+004		5.309760e+002	8.440000e+003		2.874760e+002	5.770000e+003		
8.895260e+002	1.372000e+004		6.869760e+002	9.276667e+003		5.309260e+002	7.904444e+003		2.874260e+002	5.903333e+003		
8.885260e+002	1.317000e+004		6.869260e+002	9.083333e+003		5.308760e+002	7.271111e+003		2.873760e+002	6.116667e+003		
8.875260e+002	1.346000e+004		6.868760e+002	8.636667e+003		5.308260e+002	7.255556e+003		2.873260e+002	6.460000e+003		
8.865260e+002	1.359000e+004		6.868260e+002	8.186667e+003		5.307760e+002	6.724444e+003		2.872760e+002	6.820000e+003		
8.855260e+002	1.378000e+004		6.867760e+002	7.930000e+003		5.307260e+002	6.553333e+003		2.872260e+002	6.976667e+003		
8.845260e+002	1.380000e+004		6.867260e+002	7.513333e+003		5.306760e+002	6.175556e+003		2.871760e+002	7.140000e+003		
8.835260e+002	1.383000e+004		6.866760e+002	6.983333e+003		5.306260e+002	5.942222e+003		2.871260e+002	7.406667e+003		
8.825260e+002	1.349000e+004		6.866260e+002	6.833333e+003		5.305760e+002	5.553333e+003		2.870760e+002	7.546667e+003		
8.815260e+002	1.379000e+004		6.865760e+002	6.353333e+003		5.305260e+002	5.124444e+003		2.870260e+002	8.296667e+003		
8.805260e+002	1.426000e+004		6.865260e+002	6.206667e+003		5.304760e+002	5.224444e+003		2.869760e+002	8.650000e+003		
8.795260e+002	1.417000e+004		6.864760e+002	6.186667e+003		5.304260e+002	4.784444e+003		2.869260e+002	8.710000e+003		
8.785260e+002	1.405000e+004		6.864260e+002	5.840000e+003		5.303760e+002	4.637778e+003		2.868760e+002	9.060000e+003		
8.775260e+002	1.404000e+004		6.863760e+002	5.926667e+003		5.303260e+002	4.271111e+003		2.868260e+002	9.213333e+003		
8.765260e+002	1.419000e+004		6.863260e+002	5.676667e+003		5.302760e+002	4.166667e+003		2.867760e+002	9.396667e+003		
8.755260e+002	1.398000e+004		6.862760e+002	5.236667e+003		5.302260e+002	4.184444e+003		2.867260e+002	9.673333e+003		
8.745260e+002	1.394000e+004		6.862260e+002	5.246667e+003		5.301760e+002	3.831111e+003		2.866760e+002	1.000000e+004		
8.735260e+002	1.426000e+004		6.861760e+002	5.196667e+003		5.301260e+002	3.580000e+003		2.866260e+002	9.993333e+003		
8.725260e+002	1.405000e+004		6.861260e+002	5.113333e+003		5.300760e+002	3.395556e+003		2.865760e+002	9.980000e+003		
8.715260e+002	1.396000e+004		6.860760e+002	4.866667e+003		5.300260e+002	3.266667e+003		2.865260e+002	1.000667e+004		
8.705260e+002	1.365000e+004		6.860260e+002	4.766667e+003		5.299760e+002	3.311111e+003		2.864760e+002	1.001000e+004		
8.695260e+002	1.426000e+004		6.859760e+002	4.573333e+003		5.299260e+002	3.033333e+003		2.864260e+002	9.596667e+003		
8.685260e+002	1.384000e+004		6.859260e+002	4.650000e+003		5.298760e+002	2.977778e+003		2.863760e+002	9.783333e+003		
8.675260e+002	1.348000e+004		6.858760e+002	4.850000e+003		5.298260e+002	2.875556e+003		2.863260e+002	9.520000e+003		
8.665260e+002	1.427000e+004		6.858260e+002	4.576667e+003		5.297760e+002	2.751111e+003		2.862760e+002	9.200000e+003		
8.655260e+002	1.489000e+004		6.857760e+002	4.386667e+003		5.297260e+002	2.731111e+003		2.862260e+002	9.063333e+003		
8.645260e+002	1.452000e+004		6.857260e+002	4.413333e+003		5.296760e+002	2.606667e+003		2.861760e+002	8.693333e+003		
8.635260e+002	1.501000e+004		6.856760e+002	4.456667e+003		5.296260e+002	2.520000e+003		2.861260e+002	8.780000e+003		
8.625260e+002	1.563000e+004		6.856260e+002	4.326667e+003		5.295760e+002	2.533333e+003		2.860760e+002	8.200000e+003		
8.615260e+002	1.546000e+004		6.855760e+002	4.400000e+003		5.295260e+002	2.451111e+003		2.860260e+002	8.053333e+003		
8.605260e+002	1.588000e+004		6.855260e+002	4.390000e+003		5.294760e+002	2.382222e+003		2.859760e+002	7.673333e+003		
8.595260e+002	1.574000e+004		6.854760e+002	4.396667e+003		5.294260e+002	2.304444e+003		2.859260e+002	7.360000e+003		
8.585260e+002	1.540000e+004		6.854260e+002	4.206667e+003		5.293760e+002	2.264444e+003		2.858760e+002	7.020000e+003		
8.575260e+002	1.569000e+004		6.853760e+002	4.223333e+003		5.293260e+002	2.255556e+003		2.858260e+002	6.943333e+003		
8.565260e+002	1.512000e+004		6.853260e+002	4.356667e+003		5.292760e+002	2.224444e+003		2.857760e+002	6.730000e+003		
8.555260e+002	1.492000e+004		6.852760e+002	4.326667e+003		5.292260e+002	2.142222e+003		2.857260e+002	6.603333e+003		
8.545260e+002	1.450000e+004		6.852260e+002	4.160000e+003		5.291760e+002	2.095556e+003		2.856760e+002	6.426667e+003		
8.535260e+002	1.450000e+004		6.851760e+002	4.126667e+003		5.291260e+002	2.060000e+003		2.856260e+002	6.316667e+003		
8.525260e+002	1.470000e+004		6.851260e+002	4.163333e+003		5.290760e+002	2.148889e+003		2.855760e+002	6.183333e+003		
8.515260e+002	1.407000e+004		6.850760e+002	4.090000e+003		5.290260e+002	2.144444e+003		2.855260e+002	6.300000e+003		
8.505260e+002	1.480000e+004		6.850260e+002	4.233333e+003		5.289760e+002	2.040000e+003		2.854760e+002	6.283333e+003		
8.495260e+002	1.369000e+004		6.849760e+002	4.010000e+003		5.289260e+002	1.997778e+003		2.854260e+002	6.340000e+003		
8.485260e+002	1.424000e+004		6.849260e+002	4.056667e+003		5.288760e+002	1.973333e+003		2.853760e+002	6.363333e+003		
8.475260e+002	1.381000e+004		6.848760e+002	4.126667e+003		5.288260e+002	1.984444e+003		2.853260e+002	6.163333e+003		
8.465260e+002	1.372000e+004		6.848260e+002	4.080000e+003		5.287760e+002	2.100000e+003		2.852760e+002	6.320000e+003		
8.455260e+002	1.329000e+004		6.847760e+002	3.996667e+003		5.287260e+002	2.082222e+003		2.852260e+002	6.560000e+003		
8.445260e+002	1.346000e+004		6.847260e+002	3.920000e+003		5.286760e+002	2.051111e+003		2.851760e+002	6.450000e+003		
8.435260e+002	1.366000e+004		6.846760e+002	3.966667e+003		5.286260e+002	1.920000e+003		2.851260e+002	6.473333e+003		
8.425260e+002	1.398000e+004		6.846260e+002	3.963333e+003		5.285760e+002	2.040000e+003		2.850760e+002	6.856667e+003		
8.415260e+002	1.419000e+004		6.845760e+002	4.000000e+003		5.285260e+002	2.115556e+003		2.850260e+002	7.056667e+003		
8.405260e+002	1.405000e+004		6.845260e+002	4.020000e+003		5.284760e+002	1.982222e+003		2.849760e+002	7.166667e+003		
8.395260e+002	1.446000e+004		6.844760e+002	4.190000e+003		5.284260e+002	1.948889e+003		2.849260e+002	7.206667e+003		
8.385260e+002	1.488000e+004		6.844260e+002	4.103333e+003		5.283760e+002	2.002222e+003		2.848760e+002	7.416667e+003		
8.375260e+002	1.524000e+004		6.843760e+002	4.133333e+003		5.283260e+002	2.022222e+003		2.848260e+002	7.186667e+003		
8.365260e+002	1.627000e+004		6.843260e+002	4.180000e+003		5.282760e+002	2.020000e+003		2.847760e+002	7.426667e+003		
8.355260e+002	1.780000e+004		6.842760e+002	3.993333e+003		5.282260e+002	2.104444e+003		2.847260e+002	7.586667e+003		
8.345260e+002	1.882000e+004		6.842260e+002	4.070000e+003		5.281760e+002	2.042222e+003		2.846760e+002	7.890000e+003		
8.335260e+002	1.959000e+004		6.841760e+002	4.046667e+003		5.281260e+002	1.962222e+003		2.846260e+002	7.626667e+003		
8.325260e+002	1.925000e+004		6.841260e+002	4.006667e+003		5.280760e+002	1.917778e+003		2.845760e+002	7.466667e+003		
8.315260e+002	1.881000e+004		6.840760e+002	4.006667e+003		5.280260e+002	1.946667e+003		2.845260e+002	7.253333e+003		
8.305260e+002	1.732000e+004		6.840260e+002	3.880000e+003		5.279760e+002	2.022222e+003		2.844760e+002	7.290000e+003		
8.295260e+002	1.691000e+004		6.839760e+002	4.056667e+003		5.279260e+002	1.973333e+003		2.844260e+002	7.310000e+003		
8.285260e+002	1.600000e+004		6.839260e+002	3.960000e+003		5.278760e+002	1.980000e+003		2.843760e+002	7.420000e+003		
8.275260e+002	1.530000e+004		6.838760e+002	3.910000e+003		5.278260e+002	1.971111e+003		2.843260e+002	7.396667e+003		
8.265260e+002	1.521000e+004		6.838260e+002	4.176667e+003		5.277760e+002	1.982222e+003		2.842760e+002	7.186667e+003		
8.255260e+002	1.380000e+004		6.837760e+002	3.980000e+003		5.277260e+002	2.020000e+003		2.842260e+002	6.846667e+003		
8.245260e+002	1.367000e+004		6.837260e+002	3.840000e+003		5.276760e+002	1.964444e+003		2.841760e+002	6.786667e+003		
8.235260e+002	1.328000e+004		6.836760e+002	3.916667e+003		5.276260e+002	1.886667e+003		2.841260e+002	6.440000e+003		
8.225260e+002	1.272000e+004		6.836260e+002	4.000000e+003		5.275760e+002	2.031111e+003		2.840760e+002	6.230000e+003		
8.215260e+002	1.233000e+004		6.835760e+002	3.906667e+003		5.275260e+002	1.962222e+003		2.840260e+002	6.103333e+003		
8.205260e+002	1.212000e+004		6.835260e+002	3.883333e+003		5.274760e+002	1.882222e+003		2.839760e+002	6.043333e+003		
8.195260e+002	1.204000e+004		6.834760e+002	3.870000e+003		5.274260e+002	1.904444e+003		2.839260e+002	5.576667e+003		
8.185260e+002	1.180000e+004		6.834260e+002	3.943333e+003		5.273760e+002	1.975556e+003		2.838760e+002	5.566667e+003		
8.175260e+002	1.173000e+004		6.833760e+002	4.063333e+003		5.273260e+002	1.937778e+003		2.838260e+002	5.103333e+003		
8.165260e+002	1.131000e+004		6.833260e+002	3.780000e+003		5.272760e+002	1.973333e+003		2.837760e+002	4.833333e+003		
8.155260e+002	1.125000e+004		6.832760e+002	3.886667e+003		5.272260e+002	1.842222e+003		2.837260e+002	4.616667e+003		
8.145260e+002	1.173000e+004		6.832260e+002	3.810000e+003		5.271760e+002	1.891111e+003		2.836760e+002	4.423333e+003		
8.135260e+002	1.176000e+004		6.831760e+002	3.786667e+003		5.271260e+002	1.935556e+003		2.836260e+002	4.016667e+003		
8.125260e+002	1.117000e+004		6.831260e+002	3.820000e+003		5.270760e+002	1.842222e+003		2.835760e+002	3.803333e+003		
8.115260e+002	1.127000e+004		6.830760e+002	3.810000e+003		5.270260e+002	1.884444e+003		2.835260e+002	3.503333e+003		
8.105260e+002	1.131000e+004		6.830260e+002	3.773333e+003		5.269760e+002	1.902222e+003		2.834760e+002	3.326667e+003		
8.095260e+002	1.107000e+004		6.829760e+002	3.730000e+003		5.269260e+002	1.868889e+003		2.834260e+002	3.056667e+003		
8.085260e+002	1.206000e+004		6.829260e+002	4.070000e+003		5.268760e+002	1.944444e+003		2.833760e+002	2.743333e+003		
8.075260e+002	1.141000e+004		6.828760e+002	3.840000e+003		5.268260e+002	2.073333e+003		2.833260e+002	2.566667e+003		
8.065260e+002	1.120000e+004		6.828260e+002	3.943333e+003		5.267760e+002	2.011111e+003		2.832760e+002	2.243333e+003		
8.055260e+002	1.147000e+004		6.827760e+002	3.850000e+003		5.267260e+002	1.975556e+003		2.832260e+002	2.030000e+003		
8.045260e+002	1.147000e+004		6.827260e+002	3.903333e+003		5.266760e+002	1.957778e+003		2.831760e+002	1.976667e+003		
8.035260e+002	1.129000e+004		6.826760e+002	3.713333e+003		5.266260e+002	1.848889e+003		2.831260e+002	1.653333e+003		
8.025260e+002	1.193000e+004		6.826260e+002	3.890000e+003		5.265760e+002	1.937778e+003		2.830760e+002	1.593333e+003		
8.015260e+002	1.154000e+004		6.825760e+002	4.003333e+003		5.265260e+002	1.902222e+003		2.830260e+002	1.353333e+003		
8.005260e+002	1.114000e+004		6.825260e+002	3.786667e+003		5.264760e+002	1.977778e+003		2.829760e+002	1.276667e+003		
7.995260e+002	1.201000e+004		6.824760e+002	3.943333e+003		5.264260e+002	1.993333e+003		2.829260e+002	1.276667e+003		
7.985260e+002	1.164000e+004		6.824260e+002	3.803333e+003		5.263760e+002	1.973333e+003		2.828760e+002	1.080000e+003		
7.975260e+002	1.137000e+004		6.823760e+002	3.923333e+003		5.263260e+002	1.968889e+003		2.828260e+002	1.056667e+003		
7.965260e+002	1.180000e+004		6.823260e+002	3.826667e+003		5.262760e+002	1.955556e+003		2.827760e+002	9.933333e+002		
7.955260e+002	1.166000e+004		6.822760e+002	3.940000e+003		5.262260e+002	1.908889e+003		2.827260e+002	7.966667e+002		
7.945260e+002	1.182000e+004		6.822260e+002	3.926667e+003		5.261760e+002	1.882222e+003		2.826760e+002	7.500000e+002		
7.935260e+002	1.132000e+004		6.821760e+002	3.906667e+003		5.261260e+002	1.920000e+003		2.826260e+002	7.033333e+002		
7.925260e+002	1.157000e+004		6.821260e+002	3.940000e+003		5.260760e+002	1.973333e+003		2.825760e+002	5.400000e+002		
7.915260e+002	1.194000e+004		6.820760e+002	3.783333e+003		5.260260e+002	1.842222e+003		2.825260e+002	6.933333e+002		
7.905260e+002	1.162000e+004		6.820260e+002	3.686667e+003		5.259760e+002	1.891111e+003		2.824760e+002	5.600000e+002		
7.895260e+002	1.202000e+004		6.819760e+002	3.780000e+003		5.259260e+002	1.897778e+003		2.824260e+002	5.166667e+002		
7.885260e+002	1.181000e+004		6.819260e+002	3.856667e+003		5.258760e+002	1.864444e+003		2.823760e+002	5.833333e+002		
7.875260e+002	1.185000e+004		6.818760e+002	3.980000e+003		5.258260e+002	1.864444e+003		2.823260e+002	5.033333e+002		
7.865260e+002	1.139000e+004		6.818260e+002	3.723333e+003		5.257760e+002	1.877778e+003		2.822760e+002	5.533333e+002		
7.855260e+002	1.208000e+004		6.817760e+002	3.903333e+003		5.257260e+002	1.931111e+003		2.822260e+002	4.766667e+002		
7.845260e+002	1.178000e+004		6.817260e+002	3.903333e+003		5.256760e+002	1.966667e+003		2.821760e+002	4.633333e+002		
7.835260e+002	1.185000e+004		6.816760e+002	3.923333e+003		5.256260e+002	1.833333e+003		2.821260e+002	4.433333e+002		
7.825260e+002	1.163000e+004		6.816260e+002	4.093333e+003		5.255760e+002	1.966667e+003		2.820760e+002	4.533333e+002		
7.815260e+002	1.148000e+004		6.815760e+002	3.910000e+003		5.255260e+002	1.973333e+003		2.820260e+002	4.500000e+002		
7.805260e+002	1.236000e+004		6.815260e+002	3.940000e+003		5.254760e+002	1.940000e+003		2.819760e+002	4.966667e+002		
7.795260e+002	1.249000e+004		6.814760e+002	3.866667e+003		5.254260e+002	1.902222e+003		2.819260e+002	4.566667e+002		
7.785260e+002	1.184000e+004		6.814260e+002	4.010000e+003		5.253760e+002	1.906667e+003		2.818760e+002	4.333333e+002		
7.775260e+002	1.141000e+004		6.813760e+002	3.593333e+003		5.253260e+002	1.866667e+003		2.818260e+002	4.300000e+002		
7.765260e+002	1.183000e+004		6.813260e+002	3.940000e+003		5.252760e+002	1.937778e+003		2.817760e+002	4.166667e+002		
7.755260e+002	1.175000e+004		6.812760e+002	3.796667e+003		5.252260e+002	1.897778e+003		2.817260e+002	4.266667e+002		
7.745260e+002	1.166000e+004		6.812260e+002	3.840000e+003		5.251760e+002	1.908889e+003		2.816760e+002	4.233333e+002		
7.735260e+002	1.216000e+004		6.811760e+002	4.003333e+003		5.251260e+002	1.993333e+003		2.816260e+002	4.000000e+002		
7.725260e+002	1.172000e+004		6.811260e+002	3.756667e+003		5.250760e+002	1.975556e+003		2.815760e+002	3.600000e+002		
7.715260e+002	1.192000e+004		6.810760e+002	3.810000e+003		5.250260e+002	1.842222e+003		2.815260e+002	3.900000e+002		
7.705260e+002	1.193000e+004		6.810260e+002	4.086667e+003		5.249760e+002	2.004444e+003		2.814760e+002	4.266667e+002		
7.695260e+002	1.206000e+004		6.809760e+002	3.866667e+003		5.249260e+002	1.828889e+003		2.814260e+002	3.333333e+002		
7.685260e+002	1.201000e+004		6.809260e+002	3.893333e+003		5.248760e+002	1.784444e+003		2.813760e+002	3.500000e+002		
7.675260e+002	1.151000e+004		6.808760e+002	3.873333e+003		5.248260e+002	1.891111e+003		2.813260e+002	4.100000e+002		
7.665260e+002	1.209000e+004		6.808260e+002	3.796667e+003		5.247760e+002	1.951111e+003		2.812760e+002	3.733333e+002		
7.655260e+002	1.210000e+004		6.807760e+002	3.793333e+003		5.247260e+002	1.868889e+003		2.812260e+002	3.900000e+002		
7.645260e+002	1.217000e+004		6.807260e+002	3.820000e+003		5.246760e+002	1.828889e+003		2.811760e+002	3.533333e+002		
7.635260e+002	1.211000e+004		6.806760e+002	3.853333e+003		5.246260e+002	1.906667e+003		2.811260e+002	3.266667e+002		
7.625260e+002	1.212000e+004		6.806260e+002	3.903333e+003		5.245760e+002	1.982222e+003		2.810760e+002	3.733333e+002		
7.615260e+002	1.206000e+004		6.805760e+002	3.970000e+003		5.245260e+002	1.957778e+003		2.810260e+002	3.666667e+002		
7.605260e+002	1.224000e+004		6.805260e+002	3.990000e+003		5.244760e+002	1.868889e+003		2.809760e+002	3.366667e+002		
7.595260e+002	1.179000e+004		6.804760e+002	3.833333e+003		5.244260e+002	1.873333e+003		2.809260e+002	4.166667e+002		
7.585260e+002	1.278000e+004		6.804260e+002	3.900000e+003		5.243760e+002	1.902222e+003		2.808760e+002	3.766667e+002		
7.575260e+002	1.225000e+004		6.803760e+002	3.840000e+003		5.243260e+002	1.702222e+003		2.808260e+002	3.633333e+002		
7.565260e+002	1.197000e+004		6.803260e+002	3.786667e+003		5.242760e+002	1.853333e+003		2.807760e+002	3.366667e+002		
7.555260e+002	1.207000e+004		6.802760e+002	3.866667e+003		5.242260e+002	1.802222e+003		2.807260e+002	3.466667e+002		
7.545260e+002	1.222000e+004		6.802260e+002	3.803333e+003		5.241760e+002	1.962222e+003		2.806760e+002	3.800000e+002		
7.535260e+002	1.237000e+004		6.801760e+002	3.900000e+003		5.241260e+002	1.791111e+003		2.806260e+002	4.100000e+002		
7.525260e+002	1.198000e+004		6.801260e+002	3.953333e+003		5.240760e+002	1.860000e+003		2.805760e+002	3.933333e+002		
7.515260e+002	1.229000e+004		6.800760e+002	3.743333e+003		5.240260e+002	1.831111e+003		2.805260e+002	3.300000e+002		
7.505260e+002	1.253000e+004		6.800260e+002	3.816667e+003		5.239760e+002	1.893333e+003		2.804760e+002	3.466667e+002		
7.495260e+002	1.256000e+004		6.799760e+002	4.020000e+003		5.239260e+002	1.888889e+003		2.804260e+002	3.766667e+002		
7.485260e+002	1.233000e+004		6.799260e+002	4.006667e+003		5.238760e+002	1.888889e+003		2.803760e+002	3.700000e+002		
7.475260e+002	1.210000e+004		6.798760e+002	3.806667e+003		5.238260e+002	1.777778e+003		2.803260e+002	3.266667e+002		
7.465260e+002	1.272000e+004		6.798260e+002	3.743333e+003		5.237760e+002	1.891111e+003		2.802760e+002	4.266667e+002		
7.455260e+002	1.224000e+004		6.797760e+002	3.803333e+003		5.237260e+002	1.853333e+003		2.802260e+002	2.733333e+002		
7.445260e+002	1.228000e+004		6.797260e+002	3.896667e+003		5.236760e+002	1.891111e+003		2.801760e+002	2.733333e+002		
7.435260e+002	1.224000e+004		6.796760e+002	3.953333e+003		5.236260e+002	1.937778e+003		2.801260e+002	3.366667e+002		
7.425260e+002	1.184000e+004		6.796260e+002	3.970000e+003		5.235760e+002	1.982222e+003		2.800760e+002	3.400000e+002		
7.415260e+002	1.259000e+004		6.795760e+002	3.803333e+003		5.235260e+002	1.951111e+003		2.800260e+002	3.633333e+002		
7.405260e+002	1.264000e+004		6.795260e+002	4.040000e+003					2.799760e+002	3.900000e+002		
7.395260e+002	1.216000e+004		6.794760e+002	3.896667e+003					2.799260e+002	3.766667e+002		
7.385260e+002	1.183000e+004		6.794260e+002	3.850000e+003					2.798760e+002	3.433333e+002		
7.375260e+002	1.220000e+004		6.793760e+002	4.016667e+003					2.798260e+002	3.833333e+002		
7.365260e+002	1.209000e+004		6.793260e+002	3.853333e+003					2.797760e+002	3.500000e+002		
7.355260e+002	1.236000e+004		6.792760e+002	3.750000e+003					2.797260e+002	3.333333e+002		
7.345260e+002	1.250000e+004		6.792260e+002	3.893333e+003					2.796760e+002	3.600000e+002		
7.335260e+002	1.199000e+004		6.791760e+002	3.953333e+003					2.796260e+002	3.600000e+002		
7.325260e+002	1.197000e+004		6.791260e+002	3.880000e+003					2.795760e+002	3.033333e+002		
7.315260e+002	1.213000e+004		6.790760e+002	3.940000e+003					2.795260e+002	2.900000e+002		
7.305260e+002	1.225000e+004		6.790260e+002	3.833333e+003					2.794760e+002	3.566667e+002		
7.295260e+002	1.235000e+004		6.789760e+002	3.760000e+003					2.794260e+002	3.333333e+002		
7.285260e+002	1.253000e+004		6.789260e+002	3.846667e+003					2.793760e+002	3.233333e+002		
7.275260e+002	1.244000e+004		6.788760e+002	3.890000e+003					2.793260e+002	3.400000e+002		
7.265260e+002	1.232000e+004		6.788260e+002	3.946667e+003					2.792760e+002	3.800000e+002		
7.255260e+002	1.256000e+004		6.787760e+002	3.920000e+003					2.792260e+002	3.666667e+002		
7.245260e+002	1.274000e+004		6.787260e+002	3.780000e+003					2.791760e+002	3.300000e+002		
7.235260e+002	1.224000e+004		6.786760e+002	3.716667e+003					2.791260e+002	3.466667e+002		
7.225260e+002	1.255000e+004		6.786260e+002	3.893333e+003					2.790760e+002	3.500000e+002		
7.215260e+002	1.297000e+004		6.785760e+002	3.866667e+003					2.790260e+002	3.533333e+002		
7.205260e+002	1.277000e+004		6.785260e+002	3.920000e+003					2.789760e+002	3.766667e+002		
7.195260e+002	1.298000e+004		6.784760e+002	3.823333e+003					2.789260e+002	3.200000e+002		
7.185260e+002	1.304000e+004		6.784260e+002	3.886667e+003					2.788760e+002	2.833333e+002		
7.175260e+002	1.335000e+004		6.783760e+002	3.983333e+003					2.788260e+002	4.366667e+002		
7.165260e+002	1.303000e+004		6.783260e+002	3.950000e+003					2.787760e+002	3.633333e+002		
7.155260e+002	1.297000e+004		6.782760e+002	3.803333e+003					2.787260e+002	3.233333e+002		
7.145260e+002	1.308000e+004		6.782260e+002	3.843333e+003					2.786760e+002	3.433333e+002		
7.135260e+002	1.306000e+004		6.781760e+002	3.686667e+003					2.786260e+002	2.900000e+002		
7.125260e+002	1.272000e+004		6.781260e+002	3.863333e+003					2.785760e+002	4.133333e+002		
7.115260e+002	1.247000e+004		6.780760e+002	3.956667e+003					2.785260e+002	3.333333e+002		
7.105260e+002	1.282000e+004		6.780260e+002	4.143333e+003					2.784760e+002	3.533333e+002		
7.095260e+002	1.252000e+004		6.779760e+002	3.890000e+003					2.784260e+002	3.633333e+002		
7.085260e+002	1.308000e+004		6.779260e+002	3.970000e+003					2.783760e+002	3.533333e+002		
7.075260e+002	1.234000e+004		6.778760e+002	3.926667e+003					2.783260e+002	4.033333e+002		
7.065260e+002	1.242000e+004		6.778260e+002	3.920000e+003					2.782760e+002	3.633333e+002		
7.055260e+002	1.199000e+004		6.777760e+002	3.976667e+003					2.782260e+002	3.000000e+002		
7.045260e+002	1.171000e+004		6.777260e+002	4.023333e+003					2.781760e+002	3.433333e+002		
7.035260e+002	1.168000e+004		6.776760e+002	4.046667e+003					2.781260e+002	4.200000e+002		
7.025260e+002	1.150000e+004		6.776260e+002	3.896667e+003					2.780760e+002	3.333333e+002		
7.015260e+002	1.143000e+004		6.775760e+002	3.823333e+003					2.780260e+002	3.566667e+002		
7.005260e+002	1.124000e+004		6.775260e+002	3.910000e+003					2.779760e+002	3.733333e+002		
6.995260e+002	1.086000e+004		6.774760e+002	3.880000e+003					2.779260e+002	3.466667e+002		
6.985260e+002	1.127000e+004								2.778760e+002	3.666667e+002		
6.975260e+002	1.105000e+004								2.778260e+002	3.866667e+002		
6.965260e+002	1.080000e+004								2.777760e+002	3.233333e+002		
6.955260e+002	1.068000e+004								2.777260e+002	3.233333e+002		
6.945260e+002	1.071000e+004								2.776760e+002	3.166667e+002		
6.935260e+002	1.018000e+004								2.776260e+002	3.300000e+002		
6.925260e+002	1.108000e+004								2.775760e+002	2.900000e+002		
6.915260e+002	1.223000e+004								2.775260e+002	3.433333e+002		
6.905260e+002	1.524000e+004								2.774760e+002	3.633333e+002		
6.895260e+002	2.333000e+004								2.774260e+002	3.666667e+002		
6.885260e+002	3.733000e+004								2.773760e+002	3.466667e+002		
6.875260e+002	4.212000e+004								2.773260e+002	3.300000e+002		
6.865260e+002	2.385000e+004								2.772760e+002	3.700000e+002		
6.855260e+002	1.292000e+004								2.772260e+002	3.533333e+002		
6.845260e+002	1.064000e+004								2.771760e+002	3.433333e+002		
6.835260e+002	1.021000e+004								2.771260e+002	3.600000e+002		
6.825260e+002	9.720000e+003								2.770760e+002	3.433333e+002		
6.815260e+002	9.310000e+003								2.770260e+002	3.333333e+002		
6.805260e+002	9.860000e+003								2.769760e+002	3.666667e+002		
6.795260e+002	9.350000e+003								2.769260e+002	3.433333e+002		
6.785260e+002	9.490000e+003								2.768760e+002	3.166667e+002		
6.775260e+002	9.820000e+003								2.768260e+002	3.100000e+002		
6.765260e+002	1.005000e+004								2.767760e+002	2.933333e+002		
6.755260e+002	9.980000e+003								2.767260e+002	3.166667e+002		
6.745260e+002	9.740000e+003								2.766760e+002	3.566667e+002		
6.735260e+002	9.710000e+003								2.766260e+002	3.766667e+002		
6.725260e+002	9.530000e+003								2.765760e+002	3.833333e+002		
6.715260e+002	9.880000e+003								2.765260e+002	3.200000e+002		
6.705260e+002	9.870000e+003								2.764760e+002	3.433333e+002		
6.695260e+002	9.880000e+003								2.764260e+002	3.266667e+002		
6.685260e+002	1.018000e+004								2.763760e+002	3.266667e+002		
6.675260e+002	9.900000e+003								2.763260e+002	2.700000e+002		
6.665260e+002	1.005000e+004								2.762760e+002	3.200000e+002		
6.655260e+002	9.840000e+003								2.762260e+002	3.433333e+002		
6.645260e+002	9.780000e+003								2.761760e+002	3.266667e+002		
6.635260e+002	9.770000e+003								2.761260e+002	3.666667e+002		
6.625260e+002	9.890000e+003								2.760760e+002	3.600000e+002		
6.615260e+002	9.800000e+003								2.760260e+002	3.500000e+002		
6.605260e+002	1.003000e+004								2.759760e+002	3.366667e+002		
6.595260e+002	1.023000e+004								2.759260e+002	3.633333e+002		
6.585260e+002	9.920000e+003								2.758760e+002	3.400000e+002		
6.575260e+002	1.005000e+004								2.758260e+002	3.333333e+002		
6.565260e+002	1.010000e+004								2.757760e+002	3.433333e+002		
6.555260e+002	9.870000e+003								2.757260e+002	3.300000e+002		
6.545260e+002	9.970000e+003								2.756760e+002	3.066667e+002		
6.535260e+002	9.780000e+003								2.756260e+002	3.400000e+002		
6.525260e+002	1.017000e+004								2.755760e+002	3.333333e+002		
6.515260e+002	1.015000e+004								2.755260e+002	3.166667e+002		
6.505260e+002	1.059000e+004								2.754760e+002	3.000000e+002		
6.495260e+002	1.053000e+004								2.754260e+002	3.300000e+002		
6.485260e+002	9.960000e+003								2.753760e+002	2.933333e+002		
6.475260e+002	9.730000e+003								2.753260e+002	3.166667e+002		
6.465260e+002	1.038000e+004								2.752760e+002	3.100000e+002		
6.455260e+002	1.044000e+004								2.752260e+002	3.433333e+002		
6.445260e+002	1.001000e+004								2.751760e+002	3.566667e+002		
6.435260e+002	1.001000e+004								2.751260e+002	2.966667e+002		
6.425260e+002	9.980000e+003								2.750760e+002	2.933333e+002		
6.415260e+002	9.850000e+003								2.750260e+002	3.800000e+002		
6.405260e+002	1.018000e+004											
6.395260e+002	9.770000e+003											
6.385260e+002	9.900000e+003											
6.375260e+002	9.930000e+003											
6.365260e+002	1.001000e+004											
6.355260e+002	1.009000e+004											
6.345260e+002	1.046000e+004											
6.335260e+002	1.001000e+004											
6.325260e+002	1.030000e+004											
6.315260e+002	9.860000e+003											
6.305260e+002	9.970000e+003											
6.295260e+002	1.008000e+004											
6.285260e+002	1.044000e+004											
6.275260e+002	9.930000e+003											
6.265260e+002	1.009000e+004											
6.255260e+002	1.028000e+004											
6.245260e+002	1.048000e+004											
6.235260e+002	1.044000e+004											
6.225260e+002	1.039000e+004											
6.215260e+002	1.009000e+004											
6.205260e+002	1.062000e+004											
6.195260e+002	1.013000e+004											
6.185260e+002	1.025000e+004											
6.175260e+002	1.023000e+004											
6.165260e+002	1.012000e+004											
6.155260e+002	9.890000e+003											
6.145260e+002	9.970000e+003											
6.135260e+002	9.910000e+003											
6.125260e+002	1.014000e+004											
6.115260e+002	9.930000e+003											
6.105260e+002	1.027000e+004											
6.095260e+002	1.025000e+004											
6.085260e+002	9.810000e+003											
6.075260e+002	1.011000e+004											
6.065260e+002	1.054000e+004											
6.055260e+002	9.910000e+003											
6.045260e+002	1.052000e+004											
6.035260e+002	1.079000e+004											
6.025260e+002	1.026000e+004											
6.015260e+002	1.067000e+004											
6.005260e+002	1.000000e+004											
5.995260e+002	1.025000e+004											
5.985260e+002	9.810000e+003											
5.975260e+002	1.013000e+004											
5.965260e+002	1.004000e+004											
5.955260e+002	1.020000e+004											
5.945260e+002	1.017000e+004											
5.935260e+002	9.970000e+003											
5.925260e+002	1.014000e+004											
5.915260e+002	1.027000e+004											
5.905260e+002	1.075000e+004											
5.895260e+002	9.600000e+003											
5.885260e+002	9.730000e+003											
5.875260e+002	1.012000e+004											
5.865260e+002	1.014000e+004											
5.855260e+002	9.590000e+003											
5.845260e+002	1.005000e+004											
5.835260e+002	1.011000e+004											
5.825260e+002	1.011000e+004											
5.815260e+002	1.011000e+004											
5.805260e+002	1.055000e+004											
5.795260e+002	1.027000e+004											
5.785260e+002	1.008000e+004											
5.775260e+002	1.030000e+004											
5.765260e+002	9.810000e+003											
5.755260e+002	1.030000e+004											
5.745260e+002	9.960000e+003											
5.735260e+002	1.075000e+004											
5.725260e+002	1.057000e+004											
5.715260e+002	1.002000e+004											
5.705260e+002	1.042000e+004											
5.695260e+002	1.035000e+004											
5.685260e+002	1.003000e+004											
5.675260e+002	1.039000e+004											
5.665260e+002	1.049000e+004											
5.655260e+002	9.700000e+003											
5.645260e+002	1.008000e+004											
5.635260e+002	1.021000e+004											
5.625260e+002	1.031000e+004											
5.615260e+002	1.039000e+004											
5.605260e+002	1.013000e+004											
5.595260e+002	1.080000e+004											
5.585260e+002	1.111000e+004											
5.575260e+002	1.044000e+004											
5.565260e+002	1.095000e+004											
5.555260e+002	1.106000e+004											
5.545260e+002	1.109000e+004											
5.535260e+002	1.053000e+004											
5.525260e+002	9.980000e+003											
5.515260e+002	1.022000e+004											
5.505260e+002	9.580000e+003											
5.495260e+002	9.500000e+003											
5.485260e+002	9.440000e+003											
5.475260e+002	8.750000e+003											
5.465260e+002	8.440000e+003											
5.455260e+002	8.150000e+003											
5.445260e+002	8.340000e+003											
5.435260e+002	7.640000e+003											
5.425260e+002	7.410000e+003											
5.415260e+002	6.910000e+003											
5.405260e+002	6.850000e+003											
5.395260e+002	6.760000e+003											
5.385260e+002	6.840000e+003											
5.375260e+002	6.430000e+003											
5.365260e+002	7.150000e+003											
5.355260e+002	8.930000e+003											
5.345260e+002	1.295000e+004											
5.335260e+002	2.424000e+004											
5.325260e+002	3.706000e+004											
5.315260e+002	3.556000e+004											
5.305260e+002	1.961000e+004											
5.295260e+002	8.820000e+003											
5.285260e+002	5.600000e+003											
5.275260e+002	5.480000e+003											
5.265260e+002	5.250000e+003											
5.255260e+002	4.980000e+003											
5.245260e+002	4.800000e+003											
5.235260e+002	4.930000e+003											
5.225260e+002	4.970000e+003											
5.215260e+002	4.860000e+003											
5.205260e+002	4.960000e+003											
5.195260e+002	4.760000e+003											
5.185260e+002	5.360000e+003											
5.175260e+002	5.220000e+003											
5.165260e+002	5.070000e+003											
5.155260e+002	4.900000e+003											
5.145260e+002	4.900000e+003											
5.135260e+002	4.490000e+003											
5.125260e+002	4.650000e+003											
5.115260e+002	4.760000e+003											
5.105260e+002	4.790000e+003											
5.095260e+002	4.670000e+003											
5.085260e+002	4.730000e+003											
5.075260e+002	4.900000e+003											
5.065260e+002	5.120000e+003											
5.055260e+002	4.980000e+003											
5.045260e+002	5.040000e+003											
5.035260e+002	4.890000e+003											
5.025260e+002	4.810000e+003											
5.015260e+002	5.300000e+003											
5.005260e+002	5.010000e+003											
4.995260e+002	4.780000e+003											
4.985260e+002	4.950000e+003											
4.975260e+002	4.800000e+003											
4.965260e+002	5.420000e+003											
4.955260e+002	5.020000e+003											
4.945260e+002	5.120000e+003											
4.935260e+002	5.210000e+003											
4.925260e+002	5.040000e+003											
4.915260e+002	4.960000e+003											
4.905260e+002	5.060000e+003											
4.895260e+002	5.230000e+003											
4.885260e+002	5.240000e+003											
4.875260e+002	5.070000e+003											
4.865260e+002	4.930000e+003											
4.855260e+002	5.240000e+003											
4.845260e+002	4.960000e+003											
4.835260e+002	4.810000e+003											
4.825260e+002	5.090000e+003											
4.815260e+002	4.810000e+003											
4.805260e+002	5.180000e+003											
4.795260e+002	5.000000e+003											
4.785260e+002	5.130000e+003											
4.775260e+002	5.010000e+003											
4.765260e+002	5.160000e+003											
4.755260e+002	5.440000e+003											
4.745260e+002	5.170000e+003											
4.735260e+002	5.050000e+003											
4.725260e+002	4.970000e+003											
4.715260e+002	5.390000e+003											
4.705260e+002	5.250000e+003											
4.695260e+002	5.350000e+003											
4.685260e+002	4.920000e+003											
4.675260e+002	4.590000e+003											
4.665260e+002	5.250000e+003											
4.655260e+002	5.400000e+003											
4.645260e+002	5.060000e+003											
4.635260e+002	5.180000e+003											
4.625260e+002	5.330000e+003											
4.615260e+002	5.000000e+003											
4.605260e+002	4.810000e+003											
4.595260e+002	5.240000e+003											
4.585260e+002	5.580000e+003											
4.575260e+002	5.120000e+003											
4.565260e+002	5.020000e+003											
4.555260e+002	4.860000e+003											
4.545260e+002	4.760000e+003											
4.535260e+002	5.150000e+003											
4.525260e+002	5.090000e+003											
4.515260e+002	5.220000e+003											
4.505260e+002	4.920000e+003											
4.495260e+002	4.700000e+003											
4.485260e+002	5.240000e+003											
4.475260e+002	5.310000e+003											
4.465260e+002	5.220000e+003											
4.455260e+002	5.430000e+003											
4.445260e+002	4.970000e+003											
4.435260e+002	4.960000e+003											
4.425260e+002	5.190000e+003											
4.415260e+002	4.900000e+003											
4.405260e+002	5.160000e+003											
4.395260e+002	5.350000e+003											
4.385260e+002	4.820000e+003											
4.375260e+002	5.220000e+003											
4.365260e+002	5.420000e+003											
4.355260e+002	5.320000e+003											
4.345260e+002	5.180000e+003											
4.335260e+002	5.060000e+003											
4.325260e+002	4.980000e+003											
4.315260e+002	5.190000e+003											
4.305260e+002	5.770000e+003											
4.295260e+002	5.500000e+003											
4.285260e+002	5.190000e+003											
4.275260e+002	5.400000e+003											
4.265260e+002	5.690000e+003											
4.255260e+002	5.550000e+003											
4.245260e+002	5.610000e+003											
4.235260e+002	5.270000e+003											
4.225260e+002	5.230000e+003											
4.215260e+002	5.100000e+003											
4.205260e+002	4.990000e+003											
4.195260e+002	5.020000e+003											
4.185260e+002	5.020000e+003											
4.175260e+002	5.510000e+003											
4.165260e+002	5.600000e+003											
4.155260e+002	5.630000e+003											
4.145260e+002	5.310000e+003											
4.135260e+002	5.100000e+003											
4.125260e+002	5.300000e+003											
4.115260e+002	5.500000e+003											
4.105260e+002	5.400000e+003											
4.095260e+002	5.280000e+003											
4.085260e+002	5.370000e+003											
4.075260e+002	5.480000e+003											
4.065260e+002	5.630000e+003											
4.055260e+002	5.210000e+003											
4.045260e+002	5.240000e+003											
4.035260e+002	5.470000e+003											
4.025260e+002	6.080000e+003											
4.015260e+002	6.470000e+003											
4.005260e+002	5.880000e+003											
3.995260e+002	5.600000e+003											
3.985260e+002	5.430000e+003											
3.975260e+002	5.690000e+003											
3.965260e+002	5.510000e+003											
3.955260e+002	5.390000e+003											
3.945260e+002	5.380000e+003											
3.935260e+002	5.460000e+003											
3.925260e+002	5.170000e+003											
3.915260e+002	5.250000e+003											
3.905260e+002	5.480000e+003											
3.895260e+002	5.330000e+003											
3.885260e+002	5.410000e+003											
3.875260e+002	5.610000e+003											
3.865260e+002	5.440000e+003											
3.855260e+002	5.410000e+003											
3.845260e+002	5.210000e+003											
3.835260e+002	4.970000e+003											
3.825260e+002	5.220000e+003											
3.815260e+002	5.300000e+003											
3.805260e+002	5.260000e+003											
3.795260e+002	5.390000e+003											
3.785260e+002	5.240000e+003											
3.775260e+002	5.430000e+003											
3.765260e+002	5.510000e+003											
3.755260e+002	5.430000e+003											
3.745260e+002	5.630000e+003											
3.735260e+002	5.800000e+003											
3.725260e+002	5.750000e+003											
3.715260e+002	5.640000e+003											
3.705260e+002	5.520000e+003											
3.695260e+002	5.490000e+003											
3.685260e+002	5.490000e+003											
3.675260e+002	5.830000e+003											
3.665260e+002	5.440000e+003											
3.655260e+002	5.010000e+003											
3.645260e+002	5.690000e+003											
3.635260e+002	5.330000e+003											
3.625260e+002	5.280000e+003											
3.615260e+002	5.430000e+003											
3.605260e+002	5.670000e+003											
3.595260e+002	5.920000e+003											
3.585260e+002	5.970000e+003											
3.575260e+002	6.050000e+003											
3.565260e+002	5.810000e+003											
3.555260e+002	5.590000e+003											
3.545260e+002	5.370000e+003											
3.535260e+002	5.680000e+003											
3.525260e+002	5.570000e+003											
3.515260e+002	5.870000e+003											
3.505260e+002	5.880000e+003											
3.495260e+002	5.700000e+003											
3.485260e+002	5.730000e+003											
3.475260e+002	5.970000e+003											
3.465260e+002	5.820000e+003											
3.455260e+002	5.840000e+003											
3.445260e+002	5.990000e+003											
3.435260e+002	5.840000e+003											
3.425260e+002	5.710000e+003											
3.415260e+002	6.080000e+003											
3.405260e+002	5.550000e+003											
3.395260e+002	5.530000e+003											
3.385260e+002	5.570000e+003											
3.375260e+002	5.930000e+003											
3.365260e+002	5.540000e+003											
3.355260e+002	5.690000e+003											
3.345260e+002	5.530000e+003											
3.335260e+002	5.780000e+003											
3.325260e+002	5.820000e+003											
3.315260e+002	5.970000e+003											
3.305260e+002	5.740000e+003											
3.295260e+002	6.060000e+003											
3.285260e+002	5.980000e+003											
3.275260e+002	5.760000e+003											
3.265260e+002	5.590000e+003											
3.255260e+002	6.010000e+003											
3.245260e+002	5.900000e+003											
3.235260e+002	5.590000e+003											
3.225260e+002	5.920000e+003											
3.215260e+002	6.200000e+003											
3.205260e+002	5.990000e+003											
3.195260e+002	6.230000e+003											
3.185260e+002	6.150000e+003											
3.175260e+002	6.190000e+003											
3.165260e+002	6.480000e+003											
3.155260e+002	6.360000e+003											
3.145260e+002	6.310000e+003											
3.135260e+002	6.590000e+003											
3.125260e+002	6.770000e+003											
3.115260e+002	6.210000e+003											
3.105260e+002	6.160000e+003											
3.095260e+002	6.270000e+003											
3.085260e+002	6.030000e+003											
3.075260e+002	5.720000e+003											
3.065260e+002	5.820000e+003											
3.055260e+002	5.500000e+003											
3.045260e+002	5.500000e+003											
3.035260e+002	4.970000e+003											
3.025260e+002	4.840000e+003											
3.015260e+002	4.250000e+003											
3.005260e+002	4.470000e+003											
2.995260e+002	4.420000e+003											
2.985260e+002	3.570000e+003											
2.975260e+002	3.170000e+003											
2.965260e+002	3.150000e+003											
2.955260e+002	3.170000e+003											
2.945260e+002	2.680000e+003											
2.935260e+002	2.850000e+003											
2.925260e+002	3.320000e+003											
2.915260e+002	4.510000e+003											
2.905260e+002	7.020000e+003											
2.895260e+002	1.244000e+004											
2.885260e+002	1.570000e+004											
2.875260e+002	1.561000e+004											
2.865260e+002	2.067000e+004											
2.855260e+002	1.913000e+004											
2.845260e+002	1.615000e+004											
2.835260e+002	1.182000e+004											
2.825260e+002	4.290000e+003											
2.815260e+002	1.160000e+003											
2.805260e+002	1.060000e+003											
2.795260e+002	1.020000e+003											
2.785260e+002	8.200000e+002											
2.775260e+002	9.900000e+002											
2.765260e+002	9.200000e+002											
2.755260e+002	7.700000e+002											
2.745260e+002	6.900000e+002											
2.735260e+002	8.800000e+002											
2.725260e+002	1.020000e+003											
2.715260e+002	9.600000e+002											
2.705260e+002	9.500000e+002											
2.695260e+002	1.040000e+003											
2.685260e+002	9.700000e+002											
2.675260e+002	8.600000e+002											
2.665260e+002	8.900000e+002											
2.655260e+002	7.900000e+002											
2.645260e+002	8.100000e+002											
2.635260e+002	8.500000e+002											
2.625260e+002	7.900000e+002											
2.615260e+002	8.700000e+002											
2.605260e+002	8.600000e+002											
2.595260e+002	8.400000e+002											
2.585260e+002	1.000000e+003											
2.575260e+002	8.900000e+002											
2.565260e+002	8.700000e+002											
2.555260e+002	7.600000e+002											
2.545260e+002	8.900000e+002											
2.535260e+002	7.700000e+002											
2.525260e+002	8.700000e+002											
2.515260e+002	8.500000e+002											
2.505260e+002	7.900000e+002											
2.495260e+002	8.600000e+002											
2.485260e+002	9.700000e+002											
2.475260e+002	7.600000e+002											
2.465260e+002	7.900000e+002											
2.455260e+002	8.700000e+002											
2.445260e+002	8.200000e+002											
2.435260e+002	8.300000e+002											
2.425260e+002	9.100000e+002											
2.415260e+002	8.300000e+002											
2.405260e+002	9.900000e+002											
2.395260e+002	1.040000e+003											
2.385260e+002	8.200000e+002											
2.375260e+002	8.200000e+002											
2.365260e+002	8.400000e+002											
2.355260e+002	9.300000e+002											
2.345260e+002	1.020000e+003											
2.335260e+002	8.700000e+002											
2.325260e+002	1.290000e+003											
2.315260e+002	1.140000e+003											
2.305260e+002	1.080000e+003											
2.295260e+002	8.700000e+002											
2.285260e+002	9.500000e+002											
2.275260e+002	7.400000e+002											
2.265260e+002	8.000000e+002											
2.255260e+002	8.600000e+002											
2.245260e+002	9.000000e+002											
2.235260e+002	8.700000e+002											
2.225260e+002	8.000000e+002											
2.215260e+002	7.500000e+002											
2.205260e+002	7.700000e+002											
2.195260e+002	8.800000e+002											
2.185260e+002	8.700000e+002											
2.175260e+002	7.800000e+002											
2.165260e+002	7.700000e+002											
2.155260e+002	7.600000e+002											
2.145260e+002	7.600000e+002											
2.135260e+002	7.900000e+002											
2.125260e+002	9.300000e+002											
2.115260e+002	7.600000e+002											
2.105260e+002	6.900000e+002											
2.095260e+002	7.600000e+002											
2.085260e+002	8.500000e+002											
2.075260e+002	8.900000e+002											
2.065260e+002	8.900000e+002											
2.055260e+002	9.000000e+002											
2.045260e+002	8.100000e+002											
2.035260e+002	8.600000e+002											
2.025260e+002	8.800000e+002											
2.015260e+002	8.300000e+002											
2.005260e+002	9.800000e+002											
1.995260e+002	9.700000e+002											
1.985260e+002	1.030000e+003											
1.975260e+002	7.700000e+002											
1.965260e+002	7.700000e+002											
1.955260e+002	7.700000e+002											
1.945260e+002	9.200000e+002											
1.935260e+002	9.600000e+002											
1.925260e+002	8.800000e+002											
1.915260e+002	9.200000e+002											
1.905260e+002	8.300000e+002											
1.895260e+002	8.500000e+002											
1.885260e+002	8.600000e+002											
1.875260e+002	8.400000e+002											
1.865260e+002	7.600000e+002											
1.855260e+002	8.100000e+002											
1.845260e+002	7.400000e+002											
1.835260e+002	8.900000e+002											
1.825260e+002	7.700000e+002											
1.815260e+002	8.200000e+002											
1.805260e+002	7.400000e+002											
1.795260e+002	7.400000e+002											
1.785260e+002	6.500000e+002											
1.775260e+002	7.100000e+002											
1.765260e+002	7.000000e+002											
1.755260e+002	6.400000e+002											
1.745260e+002	6.800000e+002											
1.735260e+002	7.100000e+002											
1.725260e+002	8.400000e+002											
1.715260e+002	7.100000e+002											
1.705260e+002	9.800000e+002											
1.695260e+002	1.290000e+003											
1.685260e+002	1.590000e+003											
1.675260e+002	1.410000e+003											
1.665260e+002	1.190000e+003											
1.655260e+002	8.100000e+002											
1.645260e+002	9.000000e+002											
1.635260e+002	7.500000e+002											
1.625260e+002	7.300000e+002											
1.615260e+002	6.900000e+002											
1.605260e+002	6.800000e+002											
1.595260e+002	6.000000e+002											
1.585260e+002	6.500000e+002											
1.575260e+002	7.700000e+002											
1.565260e+002	6.500000e+002											
1.555260e+002	7.900000e+002											
1.545260e+002	8.000000e+002											
1.535260e+002	9.900000e+002											
1.525260e+002	8.700000e+002											
1.515260e+002	9.900000e+002											
1.505260e+002	7.000000e+002											
1.495260e+002	5.600000e+002											
1.485260e+002	7.100000e+002											
1.475260e+002	6.900000e+002											
1.465260e+002	6.400000e+002											
1.455260e+002	6.000000e+002											
1.445260e+002	6.800000e+002											
1.435260e+002	6.000000e+002											
1.425260e+002	9.200000e+002											
1.415260e+002	6.300000e+002											
1.405260e+002	7.000000e+002											
1.395260e+002	6.100000e+002											
1.385260e+002	6.600000e+002											
1.375260e+002	7.400000e+002											
1.365260e+002	6.000000e+002											
1.355260e+002	7.400000e+002											
1.345260e+002	7.100000e+002											
1.335260e+002	8.700000e+002											
1.325260e+002	6.800000e+002											
1.315260e+002	6.900000e+002											
1.305260e+002	7.000000e+002											
1.295260e+002	7.000000e+002											
1.285260e+002	5.800000e+002											
1.275260e+002	5.400000e+002											
1.265260e+002	5.500000e+002											
1.255260e+002	6.500000e+002											
1.245260e+002	6.900000e+002											
1.235260e+002	6.900000e+002											
1.225260e+002	5.700000e+002											
1.215260e+002	7.300000e+002											
1.205260e+002	6.400000e+002											
1.195260e+002	8.300000e+002											
1.185260e+002	7.800000e+002											
1.175260e+002	8.900000e+002											
1.165260e+002	6.800000e+002											
1.155260e+002	6.800000e+002											
1.145260e+002	7.200000e+002											
1.135260e+002	8.500000e+002											
1.125260e+002	8.300000e+002											
1.115260e+002	6.700000e+002											
1.105260e+002	6.700000e+002											
1.095260e+002	5.900000e+002											
1.085260e+002	7.600000e+002											
1.075260e+002	6.900000e+002											
1.065260e+002	8.800000e+002											
1.055260e+002	8.000000e+002											
1.045260e+002	6.800000e+002											
1.035260e+002	8.100000e+002											
1.025260e+002	8.000000e+002											
1.015260e+002	8.000000e+002											
1.005260e+002	9.300000e+002											
9.952600e+001	7.600000e+002											
9.852600e+001	7.500000e+002											
9.752600e+001	6.500000e+002											
9.652600e+001	7.800000e+002											
9.552600e+001	8.200000e+002											
9.452600e+001	7.500000e+002											
9.352600e+001	7.300000e+002											
9.252600e+001	7.600000e+002											
9.152600e+001	8.800000e+002											
9.052600e+001	6.700000e+002											
8.952600e+001	7.300000e+002											
8.852600e+001	8.700000e+002											
8.752600e+001	6.800000e+002											
8.652600e+001	8.200000e+002											
8.552600e+001	9.000000e+002											
8.452600e+001	7.700000e+002											
8.352600e+001	8.400000e+002											
8.252600e+001	9.200000e+002											
8.152600e+001	8.000000e+002											
8.052600e+001	9.500000e+002											
7.952600e+001	7.200000e+002											
7.852600e+001	8.300000e+002											
7.752600e+001	6.900000e+002											
7.652600e+001	7.300000e+002											
7.552600e+001	8.600000e+002											
7.452600e+001	9.600000e+002											
7.352600e+001	8.100000e+002											
7.252600e+001	7.600000e+002											
7.152600e+001	7.900000e+002											
7.052600e+001	7.100000e+002											
6.952600e+001	7.400000e+002											
6.852600e+001	7.500000e+002											
6.752600e+001	7.900000e+002											
6.652600e+001	7.400000e+002											
6.552600e+001	8.300000e+002											
6.452600e+001	7.900000e+002											
6.352600e+001	7.800000e+002											
6.252600e+001	8.900000e+002											
6.152600e+001	8.000000e+002											
6.052600e+001	9.300000e+002											
5.952600e+001	9.900000e+002											
5.852600e+001	7.900000e+002											
5.752600e+001	9.400000e+002											
5.652600e+001	1.010000e+003											
5.552600e+001	8.100000e+002											
5.452600e+001	7.100000e+002											
5.352600e+001	6.900000e+002											
5.252600e+001	8.500000e+002											
5.152600e+001	8.400000e+002											
5.052600e+001	8.100000e+002											
4.952600e+001	7.700000e+002											
4.852600e+001	7.700000e+002											
4.752600e+001	8.300000e+002											
4.652600e+001	8.200000e+002											
4.552600e+001	7.900000e+002											
4.452600e+001	8.100000e+002											
4.352600e+001	8.100000e+002											
4.252600e+001	6.400000e+002											
4.152600e+001	7.300000e+002											
4.052600e+001	6.500000e+002											
3.952600e+001	7.600000e+002											
3.852600e+001	7.000000e+002											
3.752600e+001	8.000000e+002											
3.652600e+001	9.500000e+002											
3.552600e+001	1.170000e+003											
3.452600e+001	1.320000e+003											
3.352600e+001	1.720000e+003											
3.252600e+001	1.720000e+003											
3.152600e+001	1.080000e+003											
3.052600e+001	9.300000e+002											
2.952600e+001	9.000000e+002											
2.852600e+001	1.020000e+003											
2.752600e+001	1.180000e+003											
2.652600e+001	9.700000e+002											
2.552600e+001	9.800000e+002											
2.452600e+001	1.290000e+003											
2.352600e+001	9.200000e+002											
2.252600e+001	6.700000e+002											
2.152600e+001	5.800000e+002											
2.052600e+001	5.500000e+002											
1.952600e+001	5.000000e+002											
1.852600e+001	6.500000e+002											
1.752600e+001	6.300000e+002											
1.652600e+001	8.700000e+002											
1.552600e+001	8.100000e+002											
1.452600e+001	6.400000e+002											
1.352600e+001	7.300000e+002											
1.252600e+001	6.400000e+002											
1.152600e+001	6.300000e+002											
1.052600e+001	6.400000e+002											
9.526000e+000	7.200000e+002											
8.526000e+000	6.500000e+002											
7.526000e+000	4.200000e+002											
6.526000e+000	5.200000e+002											
5.526000e+000	3.200000e+002											
4.526000e+000	3.300000e+002											
3.526000e+000	2.300000e+002											
2.526000e+000	1.500000e+002											
1.526000e+000	5.000000e+001											