B.E.	wide/2:CPS		B.E.	F 1s/5:CPS		B.E.	O 1s/6:CPS		B.E.	C 1s/7:CPS		
1.101309e+003	1.552000e+004		6.973590e+002	3.546667e+003		5.413090e+002	2.095556e+003		2.978090e+002	1.003333e+003		
1.100309e+003	1.525000e+004		6.973090e+002	3.550000e+003		5.412590e+002	1.862222e+003		2.977590e+002	9.766667e+002		
1.099309e+003	1.510000e+004		6.972590e+002	3.450000e+003		5.412090e+002	1.913333e+003		2.977090e+002	8.933333e+002		
1.098309e+003	1.521000e+004		6.972090e+002	3.436667e+003		5.411590e+002	1.942222e+003		2.976590e+002	8.966667e+002		
1.097309e+003	1.529000e+004		6.971590e+002	3.390000e+003		5.411090e+002	2.008889e+003		2.976090e+002	8.666667e+002		
1.096309e+003	1.499000e+004		6.971090e+002	3.546667e+003		5.410590e+002	1.897778e+003		2.975590e+002	8.200000e+002		
1.095309e+003	1.449000e+004		6.970590e+002	3.400000e+003		5.410090e+002	2.013333e+003		2.975090e+002	8.233333e+002		
1.094309e+003	1.532000e+004		6.970090e+002	3.460000e+003		5.409590e+002	1.973333e+003		2.974590e+002	8.600000e+002		
1.093309e+003	1.477000e+004		6.969590e+002	3.583333e+003		5.409090e+002	2.055556e+003		2.974090e+002	9.633333e+002		
1.092309e+003	1.485000e+004		6.969090e+002	3.350000e+003		5.408590e+002	2.062222e+003		2.973590e+002	9.100000e+002		
1.091309e+003	1.550000e+004		6.968590e+002	3.490000e+003		5.408090e+002	2.024444e+003		2.973090e+002	9.433333e+002		
1.090309e+003	1.543000e+004		6.968090e+002	3.480000e+003		5.407590e+002	2.040000e+003		2.972590e+002	8.933333e+002		
1.089309e+003	1.520000e+004		6.967590e+002	3.463333e+003		5.407090e+002	1.984444e+003		2.972090e+002	8.800000e+002		
1.088309e+003	1.590000e+004		6.967090e+002	3.510000e+003		5.406590e+002	2.017778e+003		2.971590e+002	9.400000e+002		
1.087309e+003	1.531000e+004		6.966590e+002	3.540000e+003		5.406090e+002	1.982222e+003		2.971090e+002	8.233333e+002		
1.086309e+003	1.499000e+004		6.966090e+002	3.360000e+003		5.405590e+002	1.948889e+003		2.970590e+002	9.333333e+002		
1.085309e+003	1.535000e+004		6.965590e+002	3.343333e+003		5.405090e+002	1.951111e+003		2.970090e+002	8.800000e+002		
1.084309e+003	1.486000e+004		6.965090e+002	3.366667e+003		5.404590e+002	1.922222e+003		2.969590e+002	8.333333e+002		
1.083309e+003	1.469000e+004		6.964590e+002	3.543333e+003		5.404090e+002	1.846667e+003		2.969090e+002	9.100000e+002		
1.082309e+003	1.550000e+004		6.964090e+002	3.513333e+003		5.403590e+002	2.015556e+003		2.968590e+002	8.900000e+002		
1.081309e+003	1.495000e+004		6.963590e+002	3.436667e+003		5.403090e+002	1.871111e+003		2.968090e+002	8.233333e+002		
1.080309e+003	1.554000e+004		6.963090e+002	3.413333e+003		5.402590e+002	1.993333e+003		2.967590e+002	8.733333e+002		
1.079309e+003	1.521000e+004		6.962590e+002	3.466667e+003		5.402090e+002	1.955556e+003		2.967090e+002	8.900000e+002		
1.078309e+003	1.587000e+004		6.962090e+002	3.380000e+003		5.401590e+002	2.006667e+003		2.966590e+002	8.733333e+002		
1.077309e+003	1.525000e+004		6.961590e+002	3.543333e+003		5.401090e+002	1.933333e+003		2.966090e+002	8.400000e+002		
1.076309e+003	1.518000e+004		6.961090e+002	3.456667e+003		5.400590e+002	1.891111e+003		2.965590e+002	8.766667e+002		
1.075309e+003	1.536000e+004		6.960590e+002	3.410000e+003		5.400090e+002	1.860000e+003		2.965090e+002	8.433333e+002		
1.074309e+003	1.522000e+004		6.960090e+002	3.476667e+003		5.399590e+002	1.864444e+003		2.964590e+002	8.233333e+002		
1.073309e+003	1.512000e+004		6.959590e+002	3.466667e+003		5.399090e+002	1.824444e+003		2.964090e+002	9.800000e+002		
1.072309e+003	1.507000e+004		6.959090e+002	3.433333e+003		5.398590e+002	1.968889e+003		2.963590e+002	8.733333e+002		
1.071309e+003	1.570000e+004		6.958590e+002	3.223333e+003		5.398090e+002	2.102222e+003		2.963090e+002	8.466667e+002		
1.070309e+003	1.555000e+004		6.958090e+002	3.466667e+003		5.397590e+002	1.968889e+003		2.962590e+002	8.533333e+002		
1.069309e+003	1.550000e+004		6.957590e+002	3.503333e+003		5.397090e+002	1.888889e+003		2.962090e+002	8.200000e+002		
1.068309e+003	1.565000e+004		6.957090e+002	3.353333e+003		5.396590e+002	1.948889e+003		2.961590e+002	8.800000e+002		
1.067309e+003	1.488000e+004		6.956590e+002	3.290000e+003		5.396090e+002	1.875556e+003		2.961090e+002	8.666667e+002		
1.066309e+003	1.541000e+004		6.956090e+002	3.410000e+003		5.395590e+002	2.017778e+003		2.960590e+002	8.400000e+002		
1.065309e+003	1.628000e+004		6.955590e+002	3.440000e+003		5.395090e+002	1.940000e+003		2.960090e+002	7.833333e+002		
1.064309e+003	1.540000e+004		6.955090e+002	3.456667e+003		5.394590e+002	1.926667e+003		2.959590e+002	8.933333e+002		
1.063309e+003	1.529000e+004		6.954590e+002	3.470000e+003		5.394090e+002	1.908889e+003		2.959090e+002	8.966667e+002		
1.062309e+003	1.596000e+004		6.954090e+002	3.340000e+003		5.393590e+002	1.886667e+003		2.958590e+002	8.066667e+002		
1.061309e+003	1.630000e+004		6.953590e+002	3.283333e+003		5.393090e+002	1.800000e+003		2.958090e+002	7.833333e+002		
1.060309e+003	1.519000e+004		6.953090e+002	3.396667e+003		5.392590e+002	1.977778e+003		2.957590e+002	8.700000e+002		
1.059309e+003	1.531000e+004		6.952590e+002	3.343333e+003		5.392090e+002	1.922222e+003		2.957090e+002	8.766667e+002		
1.058309e+003	1.551000e+004		6.952090e+002	3.493333e+003		5.391590e+002	1.935556e+003		2.956590e+002	9.000000e+002		
1.057309e+003	1.623000e+004		6.951590e+002	3.536667e+003		5.391090e+002	1.846667e+003		2.956090e+002	8.600000e+002		
1.056309e+003	1.576000e+004		6.951090e+002	3.470000e+003		5.390590e+002	1.997778e+003		2.955590e+002	8.933333e+002		
1.055309e+003	1.629000e+004		6.950590e+002	3.426667e+003		5.390090e+002	1.946667e+003		2.955090e+002	7.933333e+002		
1.054309e+003	1.689000e+004		6.950090e+002	3.313333e+003		5.389590e+002	1.917778e+003		2.954590e+002	8.000000e+002		
1.053309e+003	1.580000e+004		6.949590e+002	3.503333e+003		5.389090e+002	1.960000e+003		2.954090e+002	7.533333e+002		
1.052309e+003	1.554000e+004		6.949090e+002	3.340000e+003		5.388590e+002	1.931111e+003		2.953590e+002	7.933333e+002		
1.051309e+003	1.547000e+004		6.948590e+002	3.330000e+003		5.388090e+002	1.960000e+003		2.953090e+002	8.666667e+002		
1.050309e+003	1.592000e+004		6.948090e+002	3.433333e+003		5.387590e+002	1.988889e+003		2.952590e+002	8.733333e+002		
1.049309e+003	1.617000e+004		6.947590e+002	3.373333e+003		5.387090e+002	1.933333e+003		2.952090e+002	9.233333e+002		
1.048309e+003	1.584000e+004		6.947090e+002	3.310000e+003		5.386590e+002	1.942222e+003		2.951590e+002	8.100000e+002		
1.047309e+003	1.555000e+004		6.946590e+002	3.353333e+003		5.386090e+002	1.986667e+003		2.951090e+002	8.600000e+002		
1.046309e+003	1.555000e+004		6.946090e+002	3.583333e+003		5.385590e+002	1.944444e+003		2.950590e+002	8.566667e+002		
1.045309e+003	1.549000e+004		6.945590e+002	3.380000e+003		5.385090e+002	1.995556e+003		2.950090e+002	8.100000e+002		
1.044309e+003	1.560000e+004		6.945090e+002	3.430000e+003		5.384590e+002	1.860000e+003		2.949590e+002	8.600000e+002		
1.043309e+003	1.634000e+004		6.944590e+002	3.376667e+003		5.384090e+002	1.995556e+003		2.949090e+002	9.166667e+002		
1.042309e+003	1.653000e+004		6.944090e+002	3.413333e+003		5.383590e+002	1.931111e+003		2.948590e+002	7.833333e+002		
1.041309e+003	1.606000e+004		6.943590e+002	3.513333e+003		5.383090e+002	2.093333e+003		2.948090e+002	8.366667e+002		
1.040309e+003	1.617000e+004		6.943090e+002	3.420000e+003		5.382590e+002	2.068889e+003		2.947590e+002	8.466667e+002		
1.039309e+003	1.620000e+004		6.942590e+002	3.380000e+003		5.382090e+002	1.993333e+003		2.947090e+002	9.000000e+002		
1.038309e+003	1.598000e+004		6.942090e+002	3.446667e+003		5.381590e+002	2.060000e+003		2.946590e+002	8.366667e+002		
1.037309e+003	1.612000e+004		6.941590e+002	3.493333e+003		5.381090e+002	2.031111e+003		2.946090e+002	9.000000e+002		
1.036309e+003	1.645000e+004		6.941090e+002	3.390000e+003		5.380590e+002	2.031111e+003		2.945590e+002	9.366667e+002		
1.035309e+003	1.614000e+004		6.940590e+002	3.353333e+003		5.380090e+002	1.982222e+003		2.945090e+002	9.166667e+002		
1.034309e+003	1.641000e+004		6.940090e+002	3.510000e+003		5.379590e+002	2.220000e+003		2.944590e+002	1.020000e+003		
1.033309e+003	1.629000e+004		6.939590e+002	3.426667e+003		5.379090e+002	2.124444e+003		2.944090e+002	9.900000e+002		
1.032309e+003	1.608000e+004		6.939090e+002	3.603333e+003		5.378590e+002	2.042222e+003		2.943590e+002	1.040000e+003		
1.031309e+003	1.607000e+004		6.938590e+002	3.460000e+003		5.378090e+002	2.140000e+003		2.943090e+002	9.533333e+002		
1.030309e+003	1.621000e+004		6.938090e+002	3.436667e+003		5.377590e+002	2.262222e+003		2.942590e+002	1.033333e+003		
1.029309e+003	1.640000e+004		6.937590e+002	3.320000e+003		5.377090e+002	2.200000e+003		2.942090e+002	9.833333e+002		
1.028309e+003	1.608000e+004		6.937090e+002	3.483333e+003		5.376590e+002	2.284444e+003		2.941590e+002	1.166667e+003		
1.027309e+003	1.638000e+004		6.936590e+002	3.543333e+003		5.376090e+002	2.295556e+003		2.941090e+002	1.150000e+003		
1.026309e+003	1.631000e+004		6.936090e+002	3.683333e+003		5.375590e+002	2.364444e+003		2.940590e+002	1.143333e+003		
1.025309e+003	1.636000e+004		6.935590e+002	3.640000e+003		5.375090e+002	2.413333e+003		2.940090e+002	1.053333e+003		
1.024309e+003	1.601000e+004		6.935090e+002	3.523333e+003		5.374590e+002	2.404444e+003		2.939590e+002	1.233333e+003		
1.023309e+003	1.639000e+004		6.934590e+002	3.680000e+003		5.374090e+002	2.364444e+003		2.939090e+002	1.203333e+003		
1.022309e+003	1.652000e+004		6.934090e+002	3.680000e+003		5.373590e+002	2.457778e+003		2.938590e+002	1.146667e+003		
1.021309e+003	1.644000e+004		6.933590e+002	3.516667e+003		5.373090e+002	2.482222e+003		2.938090e+002	1.263333e+003		
1.020309e+003	1.690000e+004		6.933090e+002	3.680000e+003		5.372590e+002	2.517778e+003		2.937590e+002	1.250000e+003		
1.019309e+003	1.685000e+004		6.932590e+002	3.656667e+003		5.372090e+002	2.702222e+003		2.937090e+002	1.240000e+003		
1.018309e+003	1.640000e+004		6.932090e+002	3.816667e+003		5.371590e+002	2.706667e+003		2.936590e+002	1.316667e+003		
1.017309e+003	1.611000e+004		6.931590e+002	3.886667e+003		5.371090e+002	2.646667e+003		2.936090e+002	1.213333e+003		
1.016309e+003	1.681000e+004		6.931090e+002	4.003333e+003		5.370590e+002	2.553333e+003		2.935590e+002	1.266667e+003		
1.015309e+003	1.707000e+004		6.930590e+002	4.060000e+003		5.370090e+002	2.662222e+003		2.935090e+002	1.226667e+003		
1.014309e+003	1.674000e+004		6.930090e+002	4.113333e+003		5.369590e+002	2.691111e+003		2.934590e+002	1.243333e+003		
1.013309e+003	1.680000e+004		6.929590e+002	3.906667e+003		5.369090e+002	2.746667e+003		2.934090e+002	1.320000e+003		
1.012309e+003	1.621000e+004		6.929090e+002	3.803333e+003		5.368590e+002	2.817778e+003		2.933590e+002	1.440000e+003		
1.011309e+003	1.651000e+004		6.928590e+002	3.956667e+003		5.368090e+002	2.877778e+003		2.933090e+002	1.366667e+003		
1.010309e+003	1.696000e+004		6.928090e+002	3.953333e+003		5.367590e+002	3.017778e+003		2.932590e+002	1.290000e+003		
1.009309e+003	1.689000e+004		6.927590e+002	4.113333e+003		5.367090e+002	3.011111e+003		2.932090e+002	1.290000e+003		
1.008309e+003	1.626000e+004		6.927090e+002	4.143333e+003		5.366590e+002	2.964444e+003		2.931590e+002	1.370000e+003		
1.007309e+003	1.635000e+004		6.926590e+002	4.286667e+003		5.366090e+002	2.991111e+003		2.931090e+002	1.383333e+003		
1.006309e+003	1.659000e+004		6.926090e+002	4.313333e+003		5.365590e+002	2.995556e+003		2.930590e+002	1.293333e+003		
1.005309e+003	1.724000e+004		6.925590e+002	4.363333e+003		5.365090e+002	3.075556e+003		2.930090e+002	1.436667e+003		
1.004309e+003	1.715000e+004		6.925090e+002	4.340000e+003		5.364590e+002	2.988889e+003		2.929590e+002	1.346667e+003		
1.003309e+003	1.814000e+004		6.924590e+002	4.416667e+003		5.364090e+002	3.104444e+003		2.929090e+002	1.416667e+003		
1.002309e+003	1.723000e+004		6.924090e+002	4.430000e+003		5.363590e+002	3.277778e+003		2.928590e+002	1.440000e+003		
1.001309e+003	1.685000e+004		6.923590e+002	4.486667e+003		5.363090e+002	3.413333e+003		2.928090e+002	1.523333e+003		
1.000309e+003	1.777000e+004		6.923090e+002	4.523333e+003		5.362590e+002	3.277778e+003		2.927590e+002	1.396667e+003		
9.993090e+002	1.755000e+004		6.922590e+002	4.670000e+003		5.362090e+002	3.251111e+003		2.927090e+002	1.480000e+003		
9.983090e+002	1.651000e+004		6.922090e+002	4.620000e+003		5.361590e+002	3.524444e+003		2.926590e+002	1.493333e+003		
9.973090e+002	1.723000e+004		6.921590e+002	4.603333e+003		5.361090e+002	3.400000e+003		2.926090e+002	1.463333e+003		
9.963090e+002	1.727000e+004		6.921090e+002	4.796667e+003		5.360590e+002	3.375556e+003		2.925590e+002	1.393333e+003		
9.953090e+002	1.744000e+004		6.920590e+002	4.990000e+003		5.360090e+002	3.373333e+003		2.925090e+002	1.526667e+003		
9.943090e+002	1.666000e+004		6.920090e+002	5.050000e+003		5.359590e+002	3.548889e+003		2.924590e+002	1.503333e+003		
9.933090e+002	1.722000e+004		6.919590e+002	5.140000e+003		5.359090e+002	3.526667e+003		2.924090e+002	1.583333e+003		
9.923090e+002	1.693000e+004		6.919090e+002	5.053333e+003		5.358590e+002	3.542222e+003		2.923590e+002	1.683333e+003		
9.913090e+002	1.668000e+004		6.918590e+002	5.210000e+003		5.358090e+002	3.637778e+003		2.923090e+002	1.603333e+003		
9.903090e+002	1.646000e+004		6.918090e+002	5.263333e+003		5.357590e+002	3.628889e+003		2.922590e+002	1.743333e+003		
9.893090e+002	1.611000e+004		6.917590e+002	5.146667e+003		5.357090e+002	3.708889e+003		2.922090e+002	1.746667e+003		
9.883090e+002	1.617000e+004		6.917090e+002	5.330000e+003		5.356590e+002	3.726667e+003		2.921590e+002	1.643333e+003		
9.873090e+002	1.608000e+004		6.916590e+002	5.246667e+003		5.356090e+002	3.713333e+003		2.921090e+002	1.666667e+003		
9.863090e+002	1.576000e+004		6.916090e+002	5.180000e+003		5.355590e+002	3.731111e+003		2.920590e+002	1.696667e+003		
9.853090e+002	1.616000e+004		6.915590e+002	5.153333e+003		5.355090e+002	3.628889e+003		2.920090e+002	1.673333e+003		
9.843090e+002	1.686000e+004		6.915090e+002	5.450000e+003		5.354590e+002	3.642222e+003		2.919590e+002	1.820000e+003		
9.833090e+002	1.680000e+004		6.914590e+002	5.650000e+003		5.354090e+002	3.728889e+003		2.919090e+002	1.840000e+003		
9.823090e+002	1.679000e+004		6.914090e+002	5.710000e+003		5.353590e+002	3.873333e+003		2.918590e+002	1.976667e+003		
9.813090e+002	1.682000e+004		6.913590e+002	5.663333e+003		5.353090e+002	3.917778e+003		2.918090e+002	1.976667e+003		
9.803090e+002	1.693000e+004		6.913090e+002	5.750000e+003		5.352590e+002	3.866667e+003		2.917590e+002	1.906667e+003		
9.793090e+002	1.784000e+004		6.912590e+002	5.720000e+003		5.352090e+002	4.024444e+003		2.917090e+002	2.003333e+003		
9.783090e+002	1.829000e+004		6.912090e+002	5.820000e+003		5.351590e+002	4.102222e+003		2.916590e+002	2.086667e+003		
9.773090e+002	1.864000e+004		6.911590e+002	6.000000e+003		5.351090e+002	4.244444e+003		2.916090e+002	2.146667e+003		
9.763090e+002	1.839000e+004		6.911090e+002	6.190000e+003		5.350590e+002	4.100000e+003		2.915590e+002	2.120000e+003		
9.753090e+002	1.793000e+004		6.910590e+002	6.006667e+003		5.350090e+002	4.137778e+003		2.915090e+002	2.180000e+003		
9.743090e+002	1.789000e+004		6.910090e+002	6.243333e+003		5.349590e+002	4.235556e+003		2.914590e+002	2.450000e+003		
9.733090e+002	1.769000e+004		6.909590e+002	6.506667e+003		5.349090e+002	4.277778e+003		2.914090e+002	2.326667e+003		
9.723090e+002	1.696000e+004		6.909090e+002	6.550000e+003		5.348590e+002	4.306667e+003		2.913590e+002	2.346667e+003		
9.713090e+002	1.677000e+004		6.908590e+002	6.510000e+003		5.348090e+002	4.520000e+003		2.913090e+002	2.516667e+003		
9.703090e+002	1.595000e+004		6.908090e+002	6.793333e+003		5.347590e+002	4.577778e+003		2.912590e+002	2.653333e+003		
9.693090e+002	1.612000e+004		6.907590e+002	6.880000e+003		5.347090e+002	4.593333e+003		2.912090e+002	2.780000e+003		
9.683090e+002	1.529000e+004		6.907090e+002	6.973333e+003		5.346590e+002	4.631111e+003		2.911590e+002	2.720000e+003		
9.673090e+002	1.431000e+004		6.906590e+002	6.940000e+003		5.346090e+002	4.715556e+003		2.911090e+002	2.896667e+003		
9.663090e+002	1.433000e+004		6.906090e+002	7.056667e+003		5.345590e+002	4.757778e+003		2.910590e+002	2.980000e+003		
9.653090e+002	1.427000e+004		6.905590e+002	7.183333e+003		5.345090e+002	4.968889e+003		2.910090e+002	2.900000e+003		
9.643090e+002	1.374000e+004		6.905090e+002	7.406667e+003		5.344590e+002	5.064444e+003		2.909590e+002	3.163333e+003		
9.633090e+002	1.368000e+004		6.904590e+002	7.366667e+003		5.344090e+002	5.048889e+003		2.909090e+002	3.063333e+003		
9.623090e+002	1.377000e+004		6.904090e+002	7.580000e+003		5.343590e+002	5.260000e+003		2.908590e+002	3.210000e+003		
9.613090e+002	1.361000e+004		6.903590e+002	7.666667e+003		5.343090e+002	5.333333e+003		2.908090e+002	3.396667e+003		
9.603090e+002	1.368000e+004		6.903090e+002	7.913333e+003		5.342590e+002	5.531111e+003		2.907590e+002	3.623333e+003		
9.593090e+002	1.302000e+004		6.902590e+002	8.216667e+003		5.342090e+002	5.544444e+003		2.907090e+002	3.396667e+003		
9.583090e+002	1.339000e+004		6.902090e+002	8.013333e+003		5.341590e+002	5.675556e+003		2.906590e+002	3.510000e+003		
9.573090e+002	1.392000e+004		6.901590e+002	8.346667e+003		5.341090e+002	5.948889e+003		2.906090e+002	3.536667e+003		
9.563090e+002	1.351000e+004		6.901090e+002	8.610000e+003		5.340590e+002	6.033333e+003		2.905590e+002	3.770000e+003		
9.553090e+002	1.379000e+004		6.900590e+002	8.746667e+003		5.340090e+002	5.968889e+003		2.905090e+002	3.993333e+003		
9.543090e+002	1.323000e+004		6.900090e+002	8.690000e+003		5.339590e+002	6.240000e+003		2.904590e+002	3.846667e+003		
9.533090e+002	1.340000e+004		6.899590e+002	8.656667e+003		5.339090e+002	6.435556e+003		2.904090e+002	4.073333e+003		
9.523090e+002	1.319000e+004		6.899090e+002	8.990000e+003		5.338590e+002	6.651111e+003		2.903590e+002	4.120000e+003		
9.513090e+002	1.361000e+004		6.898590e+002	9.200000e+003		5.338090e+002	6.802222e+003		2.903090e+002	4.353333e+003		
9.503090e+002	1.378000e+004		6.898090e+002	9.383333e+003		5.337590e+002	7.080000e+003		2.902590e+002	4.246667e+003		
9.493090e+002	1.371000e+004		6.897590e+002	9.756667e+003		5.337090e+002	7.064444e+003		2.902090e+002	4.383333e+003		
9.483090e+002	1.313000e+004		6.897090e+002	1.001000e+004		5.336590e+002	7.248889e+003		2.901590e+002	4.403333e+003		
9.473090e+002	1.352000e+004		6.896590e+002	1.032667e+004		5.336090e+002	7.557778e+003		2.901090e+002	4.676667e+003		
9.463090e+002	1.389000e+004		6.896090e+002	1.024333e+004		5.335590e+002	7.815556e+003		2.900590e+002	4.680000e+003		
9.453090e+002	1.369000e+004		6.895590e+002	1.059333e+004		5.335090e+002	7.862222e+003		2.900090e+002	4.800000e+003		
9.443090e+002	1.343000e+004		6.895090e+002	1.128333e+004		5.334590e+002	8.302222e+003		2.899590e+002	5.003333e+003		
9.433090e+002	1.392000e+004		6.894590e+002	1.144333e+004		5.334090e+002	8.444444e+003		2.899090e+002	5.333333e+003		
9.423090e+002	1.358000e+004		6.894090e+002	1.169333e+004		5.333590e+002	8.702222e+003		2.898590e+002	5.333333e+003		
9.413090e+002	1.401000e+004		6.893590e+002	1.177000e+004		5.333090e+002	8.902222e+003		2.898090e+002	5.520000e+003		
9.403090e+002	1.387000e+004		6.893090e+002	1.210667e+004		5.332590e+002	9.033333e+003		2.897590e+002	5.913333e+003		
9.393090e+002	1.390000e+004		6.892590e+002	1.280667e+004		5.332090e+002	9.366667e+003		2.897090e+002	5.773333e+003		
9.383090e+002	1.374000e+004		6.892090e+002	1.295000e+004		5.331590e+002	9.611111e+003		2.896590e+002	6.100000e+003		
9.373090e+002	1.341000e+004		6.891590e+002	1.371333e+004		5.331090e+002	9.802222e+003		2.896090e+002	6.316667e+003		
9.363090e+002	1.341000e+004		6.891090e+002	1.434333e+004		5.330590e+002	9.848889e+003		2.895590e+002	6.376667e+003		
9.353090e+002	1.332000e+004		6.890590e+002	1.458667e+004		5.330090e+002	1.014889e+004		2.895090e+002	6.346667e+003		
9.343090e+002	1.348000e+004		6.890090e+002	1.488333e+004		5.329590e+002	1.050889e+004		2.894590e+002	6.670000e+003		
9.333090e+002	1.393000e+004		6.889590e+002	1.550333e+004		5.329090e+002	1.032889e+004		2.894090e+002	6.936667e+003		
9.323090e+002	1.366000e+004		6.889090e+002	1.571000e+004		5.328590e+002	1.065111e+004		2.893590e+002	7.080000e+003		
9.313090e+002	1.339000e+004		6.888590e+002	1.653333e+004		5.328090e+002	1.073111e+004		2.893090e+002	7.160000e+003		
9.303090e+002	1.349000e+004		6.888090e+002	1.704000e+004		5.327590e+002	1.097111e+004		2.892590e+002	7.353333e+003		
9.293090e+002	1.373000e+004		6.887590e+002	1.753333e+004		5.327090e+002	1.111556e+004		2.892090e+002	7.193333e+003		
9.283090e+002	1.435000e+004		6.887090e+002	1.853667e+004		5.326590e+002	1.130889e+004		2.891590e+002	7.196667e+003		
9.273090e+002	1.425000e+004		6.886590e+002	1.869667e+004		5.326090e+002	1.143333e+004		2.891090e+002	7.263333e+003		
9.263090e+002	1.366000e+004		6.886090e+002	1.940333e+004		5.325590e+002	1.130889e+004		2.890590e+002	7.190000e+003		
9.253090e+002	1.374000e+004		6.885590e+002	2.044333e+004		5.325090e+002	1.118000e+004		2.890090e+002	7.020000e+003		
9.243090e+002	1.370000e+004		6.885090e+002	2.043333e+004		5.324590e+002	1.129333e+004		2.889590e+002	6.803333e+003		
9.233090e+002	1.361000e+004		6.884590e+002	2.107667e+004		5.324090e+002	1.107556e+004		2.889090e+002	6.663333e+003		
9.223090e+002	1.403000e+004		6.884090e+002	2.149667e+004		5.323590e+002	1.098667e+004		2.888590e+002	6.480000e+003		
9.213090e+002	1.395000e+004		6.883590e+002	2.206000e+004		5.323090e+002	1.093333e+004		2.888090e+002	6.176667e+003		
9.203090e+002	1.389000e+004		6.883090e+002	2.229333e+004		5.322590e+002	1.089778e+004		2.887590e+002	6.163333e+003		
9.193090e+002	1.393000e+004		6.882590e+002	2.298667e+004		5.322090e+002	1.074889e+004		2.887090e+002	5.976667e+003		
9.183090e+002	1.405000e+004		6.882090e+002	2.360333e+004		5.321590e+002	1.068444e+004		2.886590e+002	5.706667e+003		
9.173090e+002	1.394000e+004		6.881590e+002	2.377000e+004		5.321090e+002	1.037111e+004		2.886090e+002	5.486667e+003		
9.163090e+002	1.417000e+004		6.881090e+002	2.384667e+004		5.320590e+002	1.038444e+004		2.885590e+002	5.213333e+003		
9.153090e+002	1.379000e+004		6.880590e+002	2.406000e+004		5.320090e+002	9.982222e+003		2.885090e+002	5.040000e+003		
9.143090e+002	1.423000e+004		6.880090e+002	2.393667e+004		5.319590e+002	9.448889e+003		2.884590e+002	4.683333e+003		
9.133090e+002	1.429000e+004		6.879590e+002	2.390667e+004		5.319090e+002	9.502222e+003		2.884090e+002	4.713333e+003		
9.123090e+002	1.402000e+004		6.879090e+002	2.376000e+004		5.318590e+002	9.248889e+003		2.883590e+002	4.663333e+003		
9.113090e+002	1.394000e+004		6.878590e+002	2.381333e+004		5.318090e+002	9.077778e+003		2.883090e+002	4.463333e+003		
9.103090e+002	1.422000e+004		6.878090e+002	2.314333e+004		5.317590e+002	8.802222e+003		2.882590e+002	4.296667e+003		
9.093090e+002	1.439000e+004		6.877590e+002	2.299667e+004		5.317090e+002	8.713333e+003		2.882090e+002	4.313333e+003		
9.083090e+002	1.392000e+004		6.877090e+002	2.248333e+004		5.316590e+002	8.297778e+003		2.881590e+002	4.270000e+003		
9.073090e+002	1.489000e+004		6.876590e+002	2.245000e+004		5.316090e+002	8.011111e+003		2.881090e+002	4.410000e+003		
9.063090e+002	1.422000e+004		6.876090e+002	2.206333e+004		5.315590e+002	7.553333e+003		2.880590e+002	4.120000e+003		
9.053090e+002	1.431000e+004		6.875590e+002	2.095333e+004		5.315090e+002	7.424444e+003		2.880090e+002	4.090000e+003		
9.043090e+002	1.377000e+004		6.875090e+002	1.994333e+004		5.314590e+002	7.062222e+003		2.879590e+002	4.066667e+003		
9.033090e+002	1.426000e+004		6.874590e+002	1.933333e+004		5.314090e+002	6.875556e+003		2.879090e+002	4.273333e+003		
9.023090e+002	1.453000e+004		6.874090e+002	1.825000e+004		5.313590e+002	6.508889e+003		2.878590e+002	4.146667e+003		
9.013090e+002	1.496000e+004		6.873590e+002	1.726333e+004		5.313090e+002	6.413333e+003		2.878090e+002	4.240000e+003		
9.003090e+002	1.446000e+004		6.873090e+002	1.677000e+004		5.312590e+002	6.182222e+003		2.877590e+002	4.146667e+003		
8.993090e+002	1.420000e+004		6.872590e+002	1.604333e+004		5.312090e+002	6.073333e+003		2.877090e+002	4.166667e+003		
8.983090e+002	1.483000e+004		6.872090e+002	1.482333e+004		5.311590e+002	5.773333e+003		2.876590e+002	4.196667e+003		
8.973090e+002	1.496000e+004		6.871590e+002	1.419000e+004		5.311090e+002	5.462222e+003		2.876090e+002	4.286667e+003		
8.963090e+002	1.482000e+004		6.871090e+002	1.325000e+004		5.310590e+002	5.295556e+003		2.875590e+002	4.253333e+003		
8.953090e+002	1.460000e+004		6.870590e+002	1.250000e+004		5.310090e+002	4.931111e+003		2.875090e+002	4.286667e+003		
8.943090e+002	1.439000e+004		6.870090e+002	1.176667e+004		5.309590e+002	4.786667e+003		2.874590e+002	4.420000e+003		
8.933090e+002	1.465000e+004		6.869590e+002	1.087333e+004		5.309090e+002	4.593333e+003		2.874090e+002	4.450000e+003		
8.923090e+002	1.476000e+004		6.869090e+002	1.014667e+004		5.308590e+002	4.588889e+003		2.873590e+002	4.706667e+003		
8.913090e+002	1.467000e+004		6.868590e+002	9.566667e+003		5.308090e+002	4.331111e+003		2.873090e+002	4.863333e+003		
8.903090e+002	1.486000e+004		6.868090e+002	9.090000e+003		5.307590e+002	4.057778e+003		2.872590e+002	4.903333e+003		
8.893090e+002	1.538000e+004		6.867590e+002	8.586667e+003		5.307090e+002	3.833333e+003		2.872090e+002	4.786667e+003		
8.883090e+002	1.513000e+004		6.867090e+002	8.233333e+003		5.306590e+002	3.871111e+003		2.871590e+002	5.036667e+003		
8.873090e+002	1.525000e+004		6.866590e+002	7.686667e+003		5.306090e+002	3.544444e+003		2.871090e+002	5.183333e+003		
8.863090e+002	1.524000e+004		6.866090e+002	7.423333e+003		5.305590e+002	3.428889e+003		2.870590e+002	5.150000e+003		
8.853090e+002	1.419000e+004		6.865590e+002	6.830000e+003		5.305090e+002	3.333333e+003		2.870090e+002	5.250000e+003		
8.843090e+002	1.485000e+004		6.865090e+002	6.436667e+003		5.304590e+002	3.117778e+003		2.869590e+002	5.426667e+003		
8.833090e+002	1.475000e+004		6.864590e+002	6.160000e+003		5.304090e+002	3.022222e+003		2.869090e+002	5.480000e+003		
8.823090e+002	1.531000e+004		6.864090e+002	5.920000e+003		5.303590e+002	2.808889e+003		2.868590e+002	5.620000e+003		
8.813090e+002	1.567000e+004		6.863590e+002	5.453333e+003		5.303090e+002	2.697778e+003		2.868090e+002	5.696667e+003		
8.803090e+002	1.504000e+004		6.863090e+002	5.533333e+003		5.302590e+002	2.693333e+003		2.867590e+002	5.503333e+003		
8.793090e+002	1.568000e+004		6.862590e+002	5.400000e+003		5.302090e+002	2.526667e+003		2.867090e+002	5.570000e+003		
8.783090e+002	1.593000e+004		6.862090e+002	5.076667e+003		5.301590e+002	2.482222e+003		2.866590e+002	5.606667e+003		
8.773090e+002	1.563000e+004		6.861590e+002	4.823333e+003		5.301090e+002	2.437778e+003		2.866090e+002	5.640000e+003		
8.763090e+002	1.523000e+004		6.861090e+002	4.660000e+003		5.300590e+002	2.340000e+003		2.865590e+002	5.410000e+003		
8.753090e+002	1.484000e+004		6.860590e+002	4.686667e+003		5.300090e+002	2.248889e+003		2.865090e+002	5.500000e+003		
8.743090e+002	1.514000e+004		6.860090e+002	4.513333e+003		5.299590e+002	2.235556e+003		2.864590e+002	5.600000e+003		
8.733090e+002	1.496000e+004		6.859590e+002	4.216667e+003		5.299090e+002	2.106667e+003		2.864090e+002	5.420000e+003		
8.723090e+002	1.485000e+004		6.859090e+002	4.163333e+003		5.298590e+002	2.051111e+003		2.863590e+002	5.283333e+003		
8.713090e+002	1.526000e+004		6.858590e+002	4.126667e+003		5.298090e+002	1.928889e+003		2.863090e+002	5.040000e+003		
8.703090e+002	1.503000e+004		6.858090e+002	3.973333e+003		5.297590e+002	1.842222e+003		2.862590e+002	4.886667e+003		
8.693090e+002	1.560000e+004		6.857590e+002	3.976667e+003		5.297090e+002	1.862222e+003		2.862090e+002	4.750000e+003		
8.683090e+002	1.471000e+004		6.857090e+002	3.980000e+003		5.296590e+002	1.822222e+003		2.861590e+002	4.653333e+003		
8.673090e+002	1.548000e+004		6.856590e+002	3.816667e+003		5.296090e+002	1.775556e+003		2.861090e+002	4.536667e+003		
8.663090e+002	1.583000e+004		6.856090e+002	3.686667e+003		5.295590e+002	1.722222e+003		2.860590e+002	4.423333e+003		
8.653090e+002	1.582000e+004		6.855590e+002	3.883333e+003		5.295090e+002	1.693333e+003		2.860090e+002	4.430000e+003		
8.643090e+002	1.598000e+004		6.855090e+002	3.856667e+003		5.294590e+002	1.688889e+003		2.859590e+002	4.303333e+003		
8.633090e+002	1.676000e+004		6.854590e+002	3.850000e+003		5.294090e+002	1.602222e+003		2.859090e+002	4.133333e+003		
8.623090e+002	1.677000e+004		6.854090e+002	3.626667e+003		5.293590e+002	1.640000e+003		2.858590e+002	4.023333e+003		
8.613090e+002	1.672000e+004		6.853590e+002	3.433333e+003		5.293090e+002	1.720000e+003		2.858090e+002	3.813333e+003		
8.603090e+002	1.800000e+004		6.853090e+002	3.570000e+003		5.292590e+002	1.686667e+003		2.857590e+002	3.690000e+003		
8.593090e+002	1.732000e+004		6.852590e+002	3.573333e+003		5.292090e+002	1.795556e+003		2.857090e+002	3.680000e+003		
8.583090e+002	1.648000e+004		6.852090e+002	3.580000e+003		5.291590e+002	1.622222e+003		2.856590e+002	3.596667e+003		
8.573090e+002	1.634000e+004		6.851590e+002	3.573333e+003		5.291090e+002	1.546667e+003		2.856090e+002	3.600000e+003		
8.563090e+002	1.642000e+004		6.851090e+002	3.556667e+003		5.290590e+002	1.735556e+003		2.855590e+002	3.500000e+003		
8.553090e+002	1.613000e+004		6.850590e+002	3.543333e+003		5.290090e+002	1.617778e+003		2.855090e+002	3.483333e+003		
8.543090e+002	1.642000e+004		6.850090e+002	3.586667e+003		5.289590e+002	1.468889e+003		2.854590e+002	3.390000e+003		
8.533090e+002	1.578000e+004		6.849590e+002	3.346667e+003		5.289090e+002	1.595556e+003		2.854090e+002	3.526667e+003		
8.523090e+002	1.585000e+004		6.849090e+002	3.290000e+003		5.288590e+002	1.575556e+003		2.853590e+002	3.516667e+003		
8.513090e+002	1.650000e+004		6.848590e+002	3.270000e+003		5.288090e+002	1.573333e+003		2.853090e+002	3.490000e+003		
8.503090e+002	1.564000e+004		6.848090e+002	3.400000e+003		5.287590e+002	1.515556e+003		2.852590e+002	3.640000e+003		
8.493090e+002	1.511000e+004		6.847590e+002	3.286667e+003		5.287090e+002	1.666667e+003		2.852090e+002	3.630000e+003		
8.483090e+002	1.490000e+004		6.847090e+002	3.256667e+003		5.286590e+002	1.595556e+003		2.851590e+002	3.573333e+003		
8.473090e+002	1.433000e+004		6.846590e+002	3.316667e+003		5.286090e+002	1.524444e+003		2.851090e+002	3.556667e+003		
8.463090e+002	1.444000e+004		6.846090e+002	3.273333e+003		5.285590e+002	1.548889e+003		2.850590e+002	3.503333e+003		
8.453090e+002	1.405000e+004		6.845590e+002	3.336667e+003		5.285090e+002	1.451111e+003		2.850090e+002	3.523333e+003		
8.443090e+002	1.407000e+004		6.845090e+002	3.236667e+003		5.284590e+002	1.631111e+003		2.849590e+002	3.663333e+003		
8.433090e+002	1.432000e+004		6.844590e+002	3.246667e+003		5.284090e+002	1.553333e+003		2.849090e+002	3.553333e+003		
8.423090e+002	1.510000e+004		6.844090e+002	3.370000e+003		5.283590e+002	1.511111e+003		2.848590e+002	3.490000e+003		
8.413090e+002	1.517000e+004		6.843590e+002	3.323333e+003		5.283090e+002	1.564444e+003		2.848090e+002	3.653333e+003		
8.403090e+002	1.495000e+004		6.843090e+002	3.213333e+003		5.282590e+002	1.593333e+003		2.847590e+002	3.720000e+003		
8.393090e+002	1.579000e+004		6.842590e+002	3.353333e+003		5.282090e+002	1.484444e+003		2.847090e+002	3.566667e+003		
8.383090e+002	1.641000e+004		6.842090e+002	3.280000e+003		5.281590e+002	1.546667e+003		2.846590e+002	3.866667e+003		
8.373090e+002	1.796000e+004		6.841590e+002	3.253333e+003		5.281090e+002	1.520000e+003		2.846090e+002	3.646667e+003		
8.363090e+002	1.948000e+004		6.841090e+002	3.256667e+003		5.280590e+002	1.460000e+003		2.845590e+002	3.593333e+003		
8.353090e+002	2.152000e+004		6.840590e+002	3.173333e+003		5.280090e+002	1.462222e+003		2.845090e+002	3.576667e+003		
8.343090e+002	2.232000e+004		6.840090e+002	3.166667e+003		5.279590e+002	1.557778e+003		2.844590e+002	3.753333e+003		
8.333090e+002	2.343000e+004		6.839590e+002	3.153333e+003		5.279090e+002	1.473333e+003		2.844090e+002	3.626667e+003		
8.323090e+002	2.352000e+004		6.839090e+002	3.116667e+003		5.278590e+002	1.548889e+003		2.843590e+002	3.676667e+003		
8.313090e+002	2.185000e+004		6.838590e+002	3.210000e+003		5.278090e+002	1.513333e+003		2.843090e+002	3.476667e+003		
8.303090e+002	2.031000e+004		6.838090e+002	3.160000e+003		5.277590e+002	1.477778e+003		2.842590e+002	3.213333e+003		
8.293090e+002	1.917000e+004		6.837590e+002	3.216667e+003		5.277090e+002	1.415556e+003		2.842090e+002	3.086667e+003		
8.283090e+002	1.791000e+004		6.837090e+002	3.206667e+003		5.276590e+002	1.442222e+003		2.841590e+002	3.106667e+003		
8.273090e+002	1.636000e+004		6.836590e+002	3.060000e+003		5.276090e+002	1.482222e+003		2.841090e+002	3.010000e+003		
8.263090e+002	1.579000e+004		6.836090e+002	3.136667e+003		5.275590e+002	1.440000e+003		2.840590e+002	2.973333e+003		
8.253090e+002	1.567000e+004		6.835590e+002	3.316667e+003		5.275090e+002	1.513333e+003		2.840090e+002	2.796667e+003		
8.243090e+002	1.499000e+004		6.835090e+002	3.273333e+003		5.274590e+002	1.517778e+003		2.839590e+002	2.783333e+003		
8.233090e+002	1.365000e+004		6.834590e+002	3.216667e+003		5.274090e+002	1.602222e+003		2.839090e+002	2.590000e+003		
8.223090e+002	1.384000e+004		6.834090e+002	3.146667e+003		5.273590e+002	1.513333e+003		2.838590e+002	2.400000e+003		
8.213090e+002	1.228000e+004		6.833590e+002	3.286667e+003		5.273090e+002	1.497778e+003		2.838090e+002	2.330000e+003		
8.203090e+002	1.247000e+004		6.833090e+002	3.093333e+003		5.272590e+002	1.477778e+003		2.837590e+002	2.200000e+003		
8.193090e+002	1.203000e+004		6.832590e+002	3.186667e+003		5.272090e+002	1.562222e+003		2.837090e+002	2.110000e+003		
8.183090e+002	1.156000e+004		6.832090e+002	3.103333e+003		5.271590e+002	1.477778e+003		2.836590e+002	1.920000e+003		
8.173090e+002	1.092000e+004		6.831590e+002	3.206667e+003		5.271090e+002	1.504444e+003		2.836090e+002	1.820000e+003		
8.163090e+002	1.165000e+004		6.831090e+002	3.206667e+003		5.270590e+002	1.471111e+003		2.835590e+002	1.706667e+003		
8.153090e+002	1.135000e+004		6.830590e+002	3.100000e+003		5.270090e+002	1.533333e+003		2.835090e+002	1.686667e+003		
8.143090e+002	1.156000e+004		6.830090e+002	3.156667e+003		5.269590e+002	1.533333e+003		2.834590e+002	1.640000e+003		
8.133090e+002	1.165000e+004		6.829590e+002	3.166667e+003		5.269090e+002	1.455556e+003		2.834090e+002	1.506667e+003		
8.123090e+002	1.166000e+004		6.829090e+002	3.026667e+003		5.268590e+002	1.524444e+003		2.833590e+002	1.393333e+003		
8.113090e+002	1.085000e+004		6.828590e+002	3.170000e+003		5.268090e+002	1.535556e+003		2.833090e+002	1.280000e+003		
8.103090e+002	1.116000e+004		6.828090e+002	3.050000e+003		5.267590e+002	1.528889e+003		2.832590e+002	1.146667e+003		
8.093090e+002	1.109000e+004		6.827590e+002	3.070000e+003		5.267090e+002	1.542222e+003		2.832090e+002	1.066667e+003		
8.083090e+002	1.076000e+004		6.827090e+002	3.230000e+003		5.266590e+002	1.520000e+003		2.831590e+002	9.700000e+002		
8.073090e+002	1.103000e+004		6.826590e+002	3.243333e+003		5.266090e+002	1.495556e+003		2.831090e+002	8.566667e+002		
8.063090e+002	1.158000e+004		6.826090e+002	3.033333e+003		5.265590e+002	1.488889e+003		2.830590e+002	8.000000e+002		
8.053090e+002	1.117000e+004		6.825590e+002	3.156667e+003		5.265090e+002	1.451111e+003		2.830090e+002	7.466667e+002		
8.043090e+002	1.131000e+004		6.825090e+002	3.153333e+003		5.264590e+002	1.451111e+003		2.829590e+002	7.333333e+002		
8.033090e+002	1.145000e+004		6.824590e+002	3.043333e+003		5.264090e+002	1.442222e+003		2.829090e+002	6.633333e+002		
8.023090e+002	1.135000e+004		6.824090e+002	2.976667e+003		5.263590e+002	1.526667e+003		2.828590e+002	6.266667e+002		
8.013090e+002	1.079000e+004		6.823590e+002	3.026667e+003		5.263090e+002	1.620000e+003		2.828090e+002	5.933333e+002		
8.003090e+002	1.147000e+004		6.823090e+002	3.240000e+003		5.262590e+002	1.502222e+003		2.827590e+002	5.600000e+002		
7.993090e+002	1.175000e+004		6.822590e+002	3.193333e+003		5.262090e+002	1.504444e+003		2.827090e+002	5.133333e+002		
7.983090e+002	1.126000e+004		6.822090e+002	3.070000e+003		5.261590e+002	1.404444e+003		2.826590e+002	4.500000e+002		
7.973090e+002	1.085000e+004		6.821590e+002	3.073333e+003		5.261090e+002	1.484444e+003		2.826090e+002	4.433333e+002		
7.963090e+002	1.093000e+004		6.821090e+002	3.216667e+003		5.260590e+002	1.437778e+003		2.825590e+002	4.000000e+002		
7.953090e+002	1.146000e+004		6.820590e+002	3.263333e+003		5.260090e+002	1.424444e+003		2.825090e+002	4.466667e+002		
7.943090e+002	1.110000e+004		6.820090e+002	3.086667e+003		5.259590e+002	1.460000e+003		2.824590e+002	4.066667e+002		
7.933090e+002	1.110000e+004		6.819590e+002	3.160000e+003		5.259090e+002	1.440000e+003		2.824090e+002	3.700000e+002		
7.923090e+002	1.079000e+004		6.819090e+002	3.063333e+003		5.258590e+002	1.455556e+003		2.823590e+002	3.300000e+002		
7.913090e+002	1.108000e+004		6.818590e+002	3.133333e+003		5.258090e+002	1.500000e+003		2.823090e+002	3.833333e+002		
7.903090e+002	1.121000e+004		6.818090e+002	3.150000e+003		5.257590e+002	1.528889e+003		2.822590e+002	3.100000e+002		
7.893090e+002	1.143000e+004		6.817590e+002	3.176667e+003		5.257090e+002	1.513333e+003		2.822090e+002	3.800000e+002		
7.883090e+002	1.173000e+004		6.817090e+002	3.123333e+003		5.256590e+002	1.526667e+003		2.821590e+002	3.000000e+002		
7.873090e+002	1.149000e+004		6.816590e+002	3.086667e+003		5.256090e+002	1.357778e+003		2.821090e+002	3.600000e+002		
7.863090e+002	1.154000e+004		6.816090e+002	3.143333e+003		5.255590e+002	1.540000e+003		2.820590e+002	3.066667e+002		
7.853090e+002	1.147000e+004		6.815590e+002	3.066667e+003		5.255090e+002	1.500000e+003		2.820090e+002	3.700000e+002		
7.843090e+002	1.146000e+004		6.815090e+002	3.106667e+003		5.254590e+002	1.526667e+003		2.819590e+002	3.200000e+002		
7.833090e+002	1.138000e+004		6.814590e+002	3.236667e+003		5.254090e+002	1.573333e+003		2.819090e+002	3.066667e+002		
7.823090e+002	1.152000e+004		6.814090e+002	3.180000e+003		5.253590e+002	1.464444e+003		2.818590e+002	3.633333e+002		
7.813090e+002	1.125000e+004		6.813590e+002	2.980000e+003		5.253090e+002	1.464444e+003		2.818090e+002	3.400000e+002		
7.803090e+002	1.127000e+004		6.813090e+002	3.223333e+003		5.252590e+002	1.411111e+003		2.817590e+002	2.766667e+002		
7.793090e+002	1.159000e+004		6.812590e+002	3.243333e+003		5.252090e+002	1.471111e+003		2.817090e+002	3.066667e+002		
7.783090e+002	1.163000e+004		6.812090e+002	3.190000e+003		5.251590e+002	1.415556e+003		2.816590e+002	2.866667e+002		
7.773090e+002	1.170000e+004		6.811590e+002	3.226667e+003		5.251090e+002	1.408889e+003		2.816090e+002	3.400000e+002		
7.763090e+002	1.136000e+004		6.811090e+002	3.063333e+003		5.250590e+002	1.484444e+003		2.815590e+002	3.200000e+002		
7.753090e+002	1.152000e+004		6.810590e+002	3.196667e+003		5.250090e+002	1.502222e+003		2.815090e+002	2.266667e+002		
7.743090e+002	1.138000e+004		6.810090e+002	3.310000e+003		5.249590e+002	1.480000e+003		2.814590e+002	2.900000e+002		
7.733090e+002	1.202000e+004		6.809590e+002	3.186667e+003		5.249090e+002	1.431111e+003		2.814090e+002	3.033333e+002		
7.723090e+002	1.180000e+004		6.809090e+002	2.946667e+003		5.248590e+002	1.402222e+003		2.813590e+002	2.933333e+002		
7.713090e+002	1.149000e+004		6.808590e+002	3.233333e+003		5.248090e+002	1.442222e+003		2.813090e+002	3.200000e+002		
7.703090e+002	1.126000e+004		6.808090e+002	3.133333e+003		5.247590e+002	1.555556e+003		2.812590e+002	3.400000e+002		
7.693090e+002	1.128000e+004		6.807590e+002	3.170000e+003		5.247090e+002	1.515556e+003		2.812090e+002	2.833333e+002		
7.683090e+002	1.178000e+004		6.807090e+002	3.056667e+003		5.246590e+002	1.584444e+003		2.811590e+002	2.866667e+002		
7.673090e+002	1.176000e+004		6.806590e+002	3.116667e+003		5.246090e+002	1.617778e+003		2.811090e+002	2.800000e+002		
7.663090e+002	1.187000e+004		6.806090e+002	3.240000e+003		5.245590e+002	1.460000e+003		2.810590e+002	2.933333e+002		
7.653090e+002	1.159000e+004		6.805590e+002	3.296667e+003		5.245090e+002	1.568889e+003		2.810090e+002	3.233333e+002		
7.643090e+002	1.120000e+004		6.805090e+002	3.043333e+003		5.244590e+002	1.528889e+003		2.809590e+002	2.933333e+002		
7.633090e+002	1.119000e+004		6.804590e+002	3.026667e+003		5.244090e+002	1.586667e+003		2.809090e+002	3.566667e+002		
7.623090e+002	1.144000e+004		6.804090e+002	3.213333e+003		5.243590e+002	1.466667e+003		2.808590e+002	2.633333e+002		
7.613090e+002	1.211000e+004		6.803590e+002	3.170000e+003		5.243090e+002	1.524444e+003		2.808090e+002	3.000000e+002		
7.603090e+002	1.155000e+004		6.803090e+002	2.853333e+003		5.242590e+002	1.571111e+003		2.807590e+002	3.266667e+002		
7.593090e+002	1.110000e+004		6.802590e+002	2.893333e+003		5.242090e+002	1.524444e+003		2.807090e+002	2.933333e+002		
7.583090e+002	1.120000e+004		6.802090e+002	2.943333e+003		5.241590e+002	1.602222e+003		2.806590e+002	3.066667e+002		
7.573090e+002	1.158000e+004		6.801590e+002	3.110000e+003		5.241090e+002	1.471111e+003		2.806090e+002	2.833333e+002		
7.563090e+002	1.228000e+004		6.801090e+002	3.030000e+003		5.240590e+002	1.473333e+003		2.805590e+002	2.833333e+002		
7.553090e+002	1.181000e+004		6.800590e+002	3.020000e+003		5.240090e+002	1.457778e+003		2.805090e+002	2.866667e+002		
7.543090e+002	1.153000e+004		6.800090e+002	3.126667e+003		5.239590e+002	1.495556e+003		2.804590e+002	2.466667e+002		
7.533090e+002	1.149000e+004		6.799590e+002	3.216667e+003		5.239090e+002	1.608889e+003		2.804090e+002	3.033333e+002		
7.523090e+002	1.139000e+004		6.799090e+002	3.140000e+003		5.238590e+002	1.482222e+003		2.803590e+002	2.633333e+002		
7.513090e+002	1.182000e+004		6.798590e+002	3.253333e+003		5.238090e+002	1.524444e+003		2.803090e+002	2.766667e+002		
7.503090e+002	1.148000e+004		6.798090e+002	2.980000e+003		5.237590e+002	1.546667e+003		2.802590e+002	2.900000e+002		
7.493090e+002	1.166000e+004		6.797590e+002	3.123333e+003		5.237090e+002	1.517778e+003		2.802090e+002	2.833333e+002		
7.483090e+002	1.233000e+004		6.797090e+002	3.050000e+003		5.236590e+002	1.504444e+003		2.801590e+002	2.933333e+002		
7.473090e+002	1.241000e+004		6.796590e+002	2.916667e+003		5.236090e+002	1.446667e+003		2.801090e+002	2.833333e+002		
7.463090e+002	1.219000e+004		6.796090e+002	3.126667e+003		5.235590e+002	1.471111e+003		2.800590e+002	2.266667e+002		
7.453090e+002	1.214000e+004		6.795590e+002	3.123333e+003		5.235090e+002	1.415556e+003		2.800090e+002	2.700000e+002		
7.443090e+002	1.186000e+004		6.795090e+002	3.093333e+003		5.234590e+002	1.495556e+003		2.799590e+002	3.200000e+002		
7.433090e+002	1.174000e+004		6.794590e+002	3.236667e+003		5.234090e+002	1.457778e+003		2.799090e+002	3.066667e+002		
7.423090e+002	1.187000e+004		6.794090e+002	3.136667e+003		5.233590e+002	1.457778e+003		2.798590e+002	2.700000e+002		
7.413090e+002	1.135000e+004		6.793590e+002	3.110000e+003		5.233090e+002	1.511111e+003		2.798090e+002	2.866667e+002		
7.403090e+002	1.128000e+004		6.793090e+002	3.193333e+003					2.797590e+002	3.000000e+002		
7.393090e+002	1.176000e+004		6.792590e+002	3.166667e+003					2.797090e+002	2.633333e+002		
7.383090e+002	1.201000e+004		6.792090e+002	3.166667e+003					2.796590e+002	2.866667e+002		
7.373090e+002	1.157000e+004		6.791590e+002	3.080000e+003					2.796090e+002	2.566667e+002		
7.363090e+002	1.196000e+004		6.791090e+002	3.210000e+003					2.795590e+002	3.300000e+002		
7.353090e+002	1.211000e+004		6.790590e+002	3.383333e+003					2.795090e+002	2.666667e+002		
7.343090e+002	1.227000e+004		6.790090e+002	3.096667e+003					2.794590e+002	2.900000e+002		
7.333090e+002	1.173000e+004		6.789590e+002	3.176667e+003					2.794090e+002	2.700000e+002		
7.323090e+002	1.191000e+004		6.789090e+002	3.030000e+003					2.793590e+002	2.800000e+002		
7.313090e+002	1.152000e+004		6.788590e+002	3.026667e+003					2.793090e+002	3.166667e+002		
7.303090e+002	1.144000e+004		6.788090e+002	3.093333e+003					2.792590e+002	2.633333e+002		
7.293090e+002	1.156000e+004		6.787590e+002	3.030000e+003					2.792090e+002	3.166667e+002		
7.283090e+002	1.176000e+004		6.787090e+002	3.210000e+003					2.791590e+002	3.033333e+002		
7.273090e+002	1.175000e+004		6.786590e+002	3.153333e+003					2.791090e+002	2.933333e+002		
7.263090e+002	1.238000e+004		6.786090e+002	3.030000e+003					2.790590e+002	2.633333e+002		
7.253090e+002	1.239000e+004		6.785590e+002	3.186667e+003					2.790090e+002	2.333333e+002		
7.243090e+002	1.305000e+004		6.785090e+002	3.200000e+003					2.789590e+002	2.433333e+002		
7.233090e+002	1.236000e+004		6.784590e+002	3.093333e+003					2.789090e+002	2.766667e+002		
7.223090e+002	1.214000e+004		6.784090e+002	3.120000e+003					2.788590e+002	2.500000e+002		
7.213090e+002	1.301000e+004		6.783590e+002	3.026667e+003					2.788090e+002	2.833333e+002		
7.203090e+002	1.319000e+004		6.783090e+002	2.966667e+003					2.787590e+002	3.233333e+002		
7.193090e+002	1.266000e+004		6.782590e+002	3.170000e+003					2.787090e+002	2.733333e+002		
7.183090e+002	1.273000e+004		6.782090e+002	3.010000e+003					2.786590e+002	2.700000e+002		
7.173090e+002	1.244000e+004		6.781590e+002	3.123333e+003					2.786090e+002	2.433333e+002		
7.163090e+002	1.225000e+004		6.781090e+002	3.140000e+003					2.785590e+002	2.933333e+002		
7.153090e+002	1.283000e+004		6.780590e+002	3.060000e+003					2.785090e+002	3.500000e+002		
7.143090e+002	1.250000e+004		6.780090e+002	3.060000e+003					2.784590e+002	2.333333e+002		
7.133090e+002	1.222000e+004		6.779590e+002	3.196667e+003					2.784090e+002	2.333333e+002		
7.123090e+002	1.259000e+004		6.779090e+002	3.023333e+003					2.783590e+002	2.966667e+002		
7.113090e+002	1.240000e+004		6.778590e+002	3.103333e+003					2.783090e+002	3.133333e+002		
7.103090e+002	1.231000e+004		6.778090e+002	3.180000e+003					2.782590e+002	2.933333e+002		
7.093090e+002	1.182000e+004		6.777590e+002	3.030000e+003					2.782090e+002	3.166667e+002		
7.083090e+002	1.233000e+004		6.777090e+002	2.913333e+003					2.781590e+002	2.933333e+002		
7.073090e+002	1.197000e+004		6.776590e+002	3.036667e+003					2.781090e+002	2.933333e+002		
7.063090e+002	1.146000e+004		6.776090e+002	3.113333e+003					2.780590e+002	2.133333e+002		
7.053090e+002	1.194000e+004		6.775590e+002	3.033333e+003					2.780090e+002	2.700000e+002		
7.043090e+002	1.110000e+004		6.775090e+002	2.906667e+003					2.779590e+002	2.466667e+002		
7.033090e+002	1.056000e+004		6.774590e+002	2.970000e+003					2.779090e+002	2.400000e+002		
7.023090e+002	1.061000e+004		6.774090e+002	3.206667e+003					2.778590e+002	2.633333e+002		
7.013090e+002	9.690000e+003		6.773590e+002	3.116667e+003					2.778090e+002	3.166667e+002		
7.003090e+002	9.870000e+003		6.773090e+002	3.110000e+003					2.777590e+002	2.800000e+002		
6.993090e+002	9.760000e+003		6.772590e+002	3.140000e+003					2.777090e+002	2.900000e+002		
6.983090e+002	9.820000e+003								2.776590e+002	2.833333e+002		
6.973090e+002	9.430000e+003								2.776090e+002	2.933333e+002		
6.963090e+002	9.060000e+003								2.775590e+002	3.133333e+002		
6.953090e+002	9.050000e+003								2.775090e+002	2.533333e+002		
6.943090e+002	9.160000e+003								2.774590e+002	2.300000e+002		
6.933090e+002	9.480000e+003								2.774090e+002	2.866667e+002		
6.923090e+002	1.084000e+004								2.773590e+002	3.100000e+002		
6.913090e+002	1.440000e+004								2.773090e+002	2.700000e+002		
6.903090e+002	2.035000e+004								2.772590e+002	2.566667e+002		
6.893090e+002	2.965000e+004								2.772090e+002	2.933333e+002		
6.883090e+002	4.649000e+004								2.771590e+002	2.833333e+002		
6.873090e+002	4.720000e+004								2.771090e+002	2.533333e+002		
6.863090e+002	2.392000e+004								2.770590e+002	2.733333e+002		
6.853090e+002	1.082000e+004								2.770090e+002	2.966667e+002		
6.843090e+002	8.780000e+003								2.769590e+002	2.533333e+002		
6.833090e+002	8.420000e+003								2.769090e+002	3.066667e+002		
6.823090e+002	7.940000e+003								2.768590e+002	3.133333e+002		
6.813090e+002	7.750000e+003								2.768090e+002	2.833333e+002		
6.803090e+002	7.960000e+003								2.767590e+002	2.366667e+002		
6.793090e+002	8.470000e+003								2.767090e+002	2.733333e+002		
6.783090e+002	7.840000e+003								2.766590e+002	2.466667e+002		
6.773090e+002	7.620000e+003								2.766090e+002	2.500000e+002		
6.763090e+002	8.000000e+003								2.765590e+002	2.966667e+002		
6.753090e+002	8.130000e+003								2.765090e+002	2.866667e+002		
6.743090e+002	8.250000e+003								2.764590e+002	2.900000e+002		
6.733090e+002	8.080000e+003								2.764090e+002	3.166667e+002		
6.723090e+002	7.920000e+003								2.763590e+002	2.866667e+002		
6.713090e+002	8.370000e+003								2.763090e+002	2.866667e+002		
6.703090e+002	8.480000e+003								2.762590e+002	2.866667e+002		
6.693090e+002	8.270000e+003								2.762090e+002	2.400000e+002		
6.683090e+002	7.820000e+003								2.761590e+002	2.766667e+002		
6.673090e+002	7.760000e+003								2.761090e+002	2.933333e+002		
6.663090e+002	7.930000e+003								2.760590e+002	2.933333e+002		
6.653090e+002	8.090000e+003								2.760090e+002	2.833333e+002		
6.643090e+002	8.380000e+003								2.759590e+002	3.166667e+002		
6.633090e+002	8.010000e+003								2.759090e+002	3.300000e+002		
6.623090e+002	8.250000e+003								2.758590e+002	2.666667e+002		
6.613090e+002	7.980000e+003								2.758090e+002	2.766667e+002		
6.603090e+002	7.940000e+003								2.757590e+002	2.800000e+002		
6.593090e+002	8.500000e+003								2.757090e+002	3.033333e+002		
6.583090e+002	7.620000e+003								2.756590e+002	3.000000e+002		
6.573090e+002	7.940000e+003								2.756090e+002	2.966667e+002		
6.563090e+002	8.510000e+003								2.755590e+002	2.733333e+002		
6.553090e+002	8.080000e+003								2.755090e+002	2.900000e+002		
6.543090e+002	8.100000e+003								2.754590e+002	2.566667e+002		
6.533090e+002	8.310000e+003								2.754090e+002	2.900000e+002		
6.523090e+002	8.360000e+003								2.753590e+002	2.933333e+002		
6.513090e+002	8.290000e+003								2.753090e+002	2.966667e+002		
6.503090e+002	8.450000e+003								2.752590e+002	2.766667e+002		
6.493090e+002	8.480000e+003								2.752090e+002	2.533333e+002		
6.483090e+002	8.550000e+003								2.751590e+002	2.533333e+002		
6.473090e+002	8.450000e+003								2.751090e+002	3.033333e+002		
6.463090e+002	8.250000e+003								2.750590e+002	2.300000e+002		
6.453090e+002	8.170000e+003								2.750090e+002	2.833333e+002		
6.443090e+002	8.090000e+003								2.749590e+002	2.233333e+002		
6.433090e+002	8.280000e+003								2.749090e+002	3.033333e+002		
6.423090e+002	8.210000e+003								2.748590e+002	2.800000e+002		
6.413090e+002	8.210000e+003								2.748090e+002	2.766667e+002		
6.403090e+002	8.040000e+003											
6.393090e+002	8.320000e+003											
6.383090e+002	8.270000e+003											
6.373090e+002	8.470000e+003											
6.363090e+002	8.360000e+003											
6.353090e+002	8.080000e+003											
6.343090e+002	8.120000e+003											
6.333090e+002	7.940000e+003											
6.323090e+002	7.930000e+003											
6.313090e+002	8.050000e+003											
6.303090e+002	8.060000e+003											
6.293090e+002	8.480000e+003											
6.283090e+002	8.510000e+003											
6.273090e+002	8.060000e+003											
6.263090e+002	8.020000e+003											
6.253090e+002	7.490000e+003											
6.243090e+002	8.180000e+003											
6.233090e+002	7.910000e+003											
6.223090e+002	8.390000e+003											
6.213090e+002	8.460000e+003											
6.203090e+002	8.380000e+003											
6.193090e+002	8.290000e+003											
6.183090e+002	7.750000e+003											
6.173090e+002	8.310000e+003											
6.163090e+002	8.380000e+003											
6.153090e+002	8.160000e+003											
6.143090e+002	7.930000e+003											
6.133090e+002	8.210000e+003											
6.123090e+002	7.780000e+003											
6.113090e+002	8.310000e+003											
6.103090e+002	7.910000e+003											
6.093090e+002	8.170000e+003											
6.083090e+002	8.200000e+003											
6.073090e+002	8.240000e+003											
6.063090e+002	8.360000e+003											
6.053090e+002	8.440000e+003											
6.043090e+002	7.920000e+003											
6.033090e+002	7.760000e+003											
6.023090e+002	8.020000e+003											
6.013090e+002	8.230000e+003											
6.003090e+002	8.400000e+003											
5.993090e+002	7.820000e+003											
5.983090e+002	8.050000e+003											
5.973090e+002	8.150000e+003											
5.963090e+002	8.150000e+003											
5.953090e+002	8.350000e+003											
5.943090e+002	8.170000e+003											
5.933090e+002	8.040000e+003											
5.923090e+002	8.290000e+003											
5.913090e+002	7.950000e+003											
5.903090e+002	7.790000e+003											
5.893090e+002	8.190000e+003											
5.883090e+002	8.470000e+003											
5.873090e+002	8.320000e+003											
5.863090e+002	8.380000e+003											
5.853090e+002	8.340000e+003											
5.843090e+002	8.090000e+003											
5.833090e+002	7.870000e+003											
5.823090e+002	8.070000e+003											
5.813090e+002	8.460000e+003											
5.803090e+002	8.160000e+003											
5.793090e+002	8.540000e+003											
5.783090e+002	8.370000e+003											
5.773090e+002	7.740000e+003											
5.763090e+002	8.150000e+003											
5.753090e+002	7.930000e+003											
5.743090e+002	8.260000e+003											
5.733090e+002	7.500000e+003											
5.723090e+002	8.090000e+003											
5.713090e+002	8.270000e+003											
5.703090e+002	8.060000e+003											
5.693090e+002	8.040000e+003											
5.683090e+002	8.210000e+003											
5.673090e+002	8.070000e+003											
5.663090e+002	8.090000e+003											
5.653090e+002	8.200000e+003											
5.643090e+002	8.000000e+003											
5.633090e+002	7.880000e+003											
5.623090e+002	7.490000e+003											
5.613090e+002	8.430000e+003											
5.603090e+002	8.530000e+003											
5.593090e+002	8.180000e+003											
5.583090e+002	8.230000e+003											
5.573090e+002	8.450000e+003											
5.563090e+002	8.590000e+003											
5.553090e+002	8.250000e+003											
5.543090e+002	8.220000e+003											
5.533090e+002	8.500000e+003											
5.523090e+002	7.820000e+003											
5.513090e+002	7.500000e+003											
5.503090e+002	7.160000e+003											
5.493090e+002	7.070000e+003											
5.483090e+002	7.280000e+003											
5.473090e+002	6.930000e+003											
5.463090e+002	6.560000e+003											
5.453090e+002	6.380000e+003											
5.443090e+002	6.360000e+003											
5.433090e+002	6.060000e+003											
5.423090e+002	5.650000e+003											
5.413090e+002	5.410000e+003											
5.403090e+002	5.050000e+003											
5.393090e+002	5.100000e+003											
5.383090e+002	5.420000e+003											
5.373090e+002	5.540000e+003											
5.363090e+002	7.220000e+003											
5.353090e+002	9.940000e+003											
5.343090e+002	1.377000e+004											
5.333090e+002	2.038000e+004											
5.323090e+002	2.618000e+004											
5.313090e+002	2.140000e+004											
5.303090e+002	1.190000e+004											
5.293090e+002	5.960000e+003											
5.283090e+002	4.440000e+003											
5.273090e+002	4.110000e+003											
5.263090e+002	3.980000e+003											
5.253090e+002	4.010000e+003											
5.243090e+002	3.880000e+003											
5.233090e+002	4.140000e+003											
5.223090e+002	3.940000e+003											
5.213090e+002	4.080000e+003											
5.203090e+002	3.980000e+003											
5.193090e+002	3.920000e+003											
5.183090e+002	4.060000e+003											
5.173090e+002	3.950000e+003											
5.163090e+002	3.940000e+003											
5.153090e+002	3.960000e+003											
5.143090e+002	4.190000e+003											
5.133090e+002	4.040000e+003											
5.123090e+002	4.180000e+003											
5.113090e+002	4.200000e+003											
5.103090e+002	4.080000e+003											
5.093090e+002	4.010000e+003											
5.083090e+002	4.010000e+003											
5.073090e+002	3.850000e+003											
5.063090e+002	3.740000e+003											
5.053090e+002	4.020000e+003											
5.043090e+002	4.360000e+003											
5.033090e+002	3.890000e+003											
5.023090e+002	3.950000e+003											
5.013090e+002	3.720000e+003											
5.003090e+002	3.870000e+003											
4.993090e+002	4.040000e+003											
4.983090e+002	4.230000e+003											
4.973090e+002	4.140000e+003											
4.963090e+002	4.090000e+003											
4.953090e+002	4.000000e+003											
4.943090e+002	4.310000e+003											
4.933090e+002	4.120000e+003											
4.923090e+002	3.910000e+003											
4.913090e+002	4.020000e+003											
4.903090e+002	4.070000e+003											
4.893090e+002	3.950000e+003											
4.883090e+002	3.830000e+003											
4.873090e+002	3.910000e+003											
4.863090e+002	4.240000e+003											
4.853090e+002	4.190000e+003											
4.843090e+002	3.860000e+003											
4.833090e+002	3.980000e+003											
4.823090e+002	3.800000e+003											
4.813090e+002	3.990000e+003											
4.803090e+002	3.960000e+003											
4.793090e+002	4.030000e+003											
4.783090e+002	4.200000e+003											
4.773090e+002	4.260000e+003											
4.763090e+002	3.900000e+003											
4.753090e+002	3.920000e+003											
4.743090e+002	4.350000e+003											
4.733090e+002	4.160000e+003											
4.723090e+002	4.100000e+003											
4.713090e+002	4.160000e+003											
4.703090e+002	4.030000e+003											
4.693090e+002	4.230000e+003											
4.683090e+002	3.720000e+003											
4.673090e+002	4.260000e+003											
4.663090e+002	4.460000e+003											
4.653090e+002	4.340000e+003											
4.643090e+002	4.200000e+003											
4.633090e+002	3.990000e+003											
4.623090e+002	4.120000e+003											
4.613090e+002	3.900000e+003											
4.603090e+002	3.950000e+003											
4.593090e+002	4.470000e+003											
4.583090e+002	4.460000e+003											
4.573090e+002	3.820000e+003											
4.563090e+002	4.310000e+003											
4.553090e+002	4.180000e+003											
4.543090e+002	4.350000e+003											
4.533090e+002	4.590000e+003											
4.523090e+002	4.190000e+003											
4.513090e+002	4.120000e+003											
4.503090e+002	4.080000e+003											
4.493090e+002	3.830000e+003											
4.483090e+002	4.330000e+003											
4.473090e+002	4.510000e+003											
4.463090e+002	4.070000e+003											
4.453090e+002	4.360000e+003											
4.443090e+002	4.280000e+003											
4.433090e+002	4.100000e+003											
4.423090e+002	4.130000e+003											
4.413090e+002	4.240000e+003											
4.403090e+002	4.410000e+003											
4.393090e+002	4.280000e+003											
4.383090e+002	4.250000e+003											
4.373090e+002	4.120000e+003											
4.363090e+002	4.060000e+003											
4.353090e+002	3.970000e+003											
4.343090e+002	4.240000e+003											
4.333090e+002	4.080000e+003											
4.323090e+002	4.130000e+003											
4.313090e+002	4.210000e+003											
4.303090e+002	4.320000e+003											
4.293090e+002	4.190000e+003											
4.283090e+002	4.240000e+003											
4.273090e+002	4.060000e+003											
4.263090e+002	4.120000e+003											
4.253090e+002	4.210000e+003											
4.243090e+002	4.130000e+003											
4.233090e+002	4.290000e+003											
4.223090e+002	4.110000e+003											
4.213090e+002	3.990000e+003											
4.203090e+002	4.350000e+003											
4.193090e+002	4.320000e+003											
4.183090e+002	4.300000e+003											
4.173090e+002	4.250000e+003											
4.163090e+002	4.210000e+003											
4.153090e+002	4.110000e+003											
4.143090e+002	4.030000e+003											
4.133090e+002	4.050000e+003											
4.123090e+002	4.360000e+003											
4.113090e+002	4.020000e+003											
4.103090e+002	4.010000e+003											
4.093090e+002	4.410000e+003											
4.083090e+002	4.610000e+003											
4.073090e+002	4.620000e+003											
4.063090e+002	4.370000e+003											
4.053090e+002	4.390000e+003											
4.043090e+002	4.290000e+003											
4.033090e+002	4.280000e+003											
4.023090e+002	4.820000e+003											
4.013090e+002	4.890000e+003											
4.003090e+002	4.680000e+003											
3.993090e+002	4.490000e+003											
3.983090e+002	4.340000e+003											
3.973090e+002	4.380000e+003											
3.963090e+002	4.260000e+003											
3.953090e+002	4.460000e+003											
3.943090e+002	4.530000e+003											
3.933090e+002	4.360000e+003											
3.923090e+002	4.060000e+003											
3.913090e+002	4.070000e+003											
3.903090e+002	4.230000e+003											
3.893090e+002	4.040000e+003											
3.883090e+002	3.820000e+003											
3.873090e+002	4.370000e+003											
3.863090e+002	4.230000e+003											
3.853090e+002	4.370000e+003											
3.843090e+002	4.360000e+003											
3.833090e+002	4.450000e+003											
3.823090e+002	4.360000e+003											
3.813090e+002	4.080000e+003											
3.803090e+002	4.230000e+003											
3.793090e+002	4.780000e+003											
3.783090e+002	4.240000e+003											
3.773090e+002	4.200000e+003											
3.763090e+002	3.850000e+003											
3.753090e+002	4.030000e+003											
3.743090e+002	4.450000e+003											
3.733090e+002	4.620000e+003											
3.723090e+002	4.660000e+003											
3.713090e+002	4.810000e+003											
3.703090e+002	4.650000e+003											
3.693090e+002	5.010000e+003											
3.683090e+002	4.620000e+003											
3.673090e+002	4.630000e+003											
3.663090e+002	4.490000e+003											
3.653090e+002	4.430000e+003											
3.643090e+002	4.540000e+003											
3.633090e+002	4.660000e+003											
3.623090e+002	4.430000e+003											
3.613090e+002	4.310000e+003											
3.603090e+002	4.650000e+003											
3.593090e+002	4.650000e+003											
3.583090e+002	4.210000e+003											
3.573090e+002	4.930000e+003											
3.563090e+002	4.600000e+003											
3.553090e+002	4.610000e+003											
3.543090e+002	4.580000e+003											
3.533090e+002	4.460000e+003											
3.523090e+002	4.670000e+003											
3.513090e+002	4.350000e+003											
3.503090e+002	4.280000e+003											
3.493090e+002	4.810000e+003											
3.483090e+002	4.650000e+003											
3.473090e+002	4.680000e+003											
3.463090e+002	4.680000e+003											
3.453090e+002	4.470000e+003											
3.443090e+002	4.560000e+003											
3.433090e+002	4.950000e+003											
3.423090e+002	4.720000e+003											
3.413090e+002	4.300000e+003											
3.403090e+002	4.480000e+003											
3.393090e+002	4.840000e+003											
3.383090e+002	4.430000e+003											
3.373090e+002	5.080000e+003											
3.363090e+002	5.000000e+003											
3.353090e+002	4.700000e+003											
3.343090e+002	4.900000e+003											
3.333090e+002	4.470000e+003											
3.323090e+002	4.400000e+003											
3.313090e+002	4.720000e+003											
3.303090e+002	4.580000e+003											
3.293090e+002	4.560000e+003											
3.283090e+002	4.600000e+003											
3.273090e+002	4.810000e+003											
3.263090e+002	4.720000e+003											
3.253090e+002	4.710000e+003											
3.243090e+002	4.950000e+003											
3.233090e+002	4.980000e+003											
3.223090e+002	4.900000e+003											
3.213090e+002	5.180000e+003											
3.203090e+002	5.170000e+003											
3.193090e+002	4.820000e+003											
3.183090e+002	5.250000e+003											
3.173090e+002	4.920000e+003											
3.163090e+002	5.190000e+003											
3.153090e+002	4.960000e+003											
3.143090e+002	5.100000e+003											
3.133090e+002	5.080000e+003											
3.123090e+002	5.140000e+003											
3.113090e+002	4.590000e+003											
3.103090e+002	4.830000e+003											
3.093090e+002	4.720000e+003											
3.083090e+002	4.490000e+003											
3.073090e+002	4.720000e+003											
3.063090e+002	4.550000e+003											
3.053090e+002	4.150000e+003											
3.043090e+002	3.970000e+003											
3.033090e+002	3.910000e+003											
3.023090e+002	3.760000e+003											
3.013090e+002	3.500000e+003											
3.003090e+002	3.240000e+003											
2.993090e+002	3.030000e+003											
2.983090e+002	2.900000e+003											
2.973090e+002	2.630000e+003											
2.963090e+002	2.500000e+003											
2.953090e+002	2.430000e+003											
2.943090e+002	2.390000e+003											
2.933090e+002	2.960000e+003											
2.923090e+002	4.480000e+003											
2.913090e+002	5.990000e+003											
2.903090e+002	9.340000e+003											
2.893090e+002	1.551000e+004											
2.883090e+002	1.539000e+004											
2.873090e+002	1.346000e+004											
2.863090e+002	1.389000e+004											
2.853090e+002	1.112000e+004											
2.843090e+002	9.030000e+003											
2.833090e+002	5.790000e+003											
2.823090e+002	2.360000e+003											
2.813090e+002	1.020000e+003											
2.803090e+002	6.900000e+002											
2.793090e+002	8.100000e+002											
2.783090e+002	7.100000e+002											
2.773090e+002	8.600000e+002											
2.763090e+002	6.900000e+002											
2.753090e+002	8.100000e+002											
2.743090e+002	8.100000e+002											
2.733090e+002	7.000000e+002											
2.723090e+002	8.000000e+002											
2.713090e+002	8.300000e+002											
2.703090e+002	7.300000e+002											
2.693090e+002	8.400000e+002											
2.683090e+002	7.600000e+002											
2.673090e+002	6.400000e+002											
2.663090e+002	7.800000e+002											
2.653090e+002	7.400000e+002											
2.643090e+002	7.100000e+002											
2.633090e+002	6.200000e+002											
2.623090e+002	7.100000e+002											
2.613090e+002	7.700000e+002											
2.603090e+002	8.300000e+002											
2.593090e+002	6.400000e+002											
2.583090e+002	6.400000e+002											
2.573090e+002	8.000000e+002											
2.563090e+002	8.700000e+002											
2.553090e+002	8.800000e+002											
2.543090e+002	6.300000e+002											
2.533090e+002	8.100000e+002											
2.523090e+002	7.100000e+002											
2.513090e+002	7.500000e+002											
2.503090e+002	7.500000e+002											
2.493090e+002	6.800000e+002											
2.483090e+002	7.700000e+002											
2.473090e+002	7.000000e+002											
2.463090e+002	7.400000e+002											
2.453090e+002	6.800000e+002											
2.443090e+002	7.000000e+002											
2.433090e+002	6.800000e+002											
2.423090e+002	5.900000e+002											
2.413090e+002	6.500000e+002											
2.403090e+002	7.000000e+002											
2.393090e+002	7.900000e+002											
2.383090e+002	7.000000e+002											
2.373090e+002	7.300000e+002											
2.363090e+002	9.000000e+002											
2.353090e+002	8.600000e+002											
2.343090e+002	9.200000e+002											
2.333090e+002	9.900000e+002											
2.323090e+002	9.400000e+002											
2.313090e+002	1.140000e+003											
2.303090e+002	9.500000e+002											
2.293090e+002	7.900000e+002											
2.283090e+002	8.400000e+002											
2.273090e+002	6.600000e+002											
2.263090e+002	6.100000e+002											
2.253090e+002	8.100000e+002											
2.243090e+002	6.200000e+002											
2.233090e+002	9.000000e+002											
2.223090e+002	6.600000e+002											
2.213090e+002	7.200000e+002											
2.203090e+002	8.100000e+002											
2.193090e+002	7.300000e+002											
2.183090e+002	7.500000e+002											
2.173090e+002	7.600000e+002											
2.163090e+002	7.200000e+002											
2.153090e+002	7.600000e+002											
2.143090e+002	6.500000e+002											
2.133090e+002	6.600000e+002											
2.123090e+002	6.800000e+002											
2.113090e+002	7.000000e+002											
2.103090e+002	7.000000e+002											
2.093090e+002	8.000000e+002											
2.083090e+002	6.500000e+002											
2.073090e+002	6.100000e+002											
2.063090e+002	7.300000e+002											
2.053090e+002	6.300000e+002											
2.043090e+002	6.300000e+002											
2.033090e+002	7.300000e+002											
2.023090e+002	7.000000e+002											
2.013090e+002	8.500000e+002											
2.003090e+002	9.600000e+002											
1.993090e+002	9.200000e+002											
1.983090e+002	7.700000e+002											
1.973090e+002	6.600000e+002											
1.963090e+002	6.800000e+002											
1.953090e+002	6.100000e+002											
1.943090e+002	7.500000e+002											
1.933090e+002	8.500000e+002											
1.923090e+002	6.900000e+002											
1.913090e+002	7.600000e+002											
1.903090e+002	7.800000e+002											
1.893090e+002	7.600000e+002											
1.883090e+002	6.800000e+002											
1.873090e+002	6.700000e+002											
1.863090e+002	6.700000e+002											
1.853090e+002	5.200000e+002											
1.843090e+002	7.100000e+002											
1.833090e+002	6.800000e+002											
1.823090e+002	6.300000e+002											
1.813090e+002	7.400000e+002											
1.803090e+002	7.400000e+002											
1.793090e+002	5.600000e+002											
1.783090e+002	5.600000e+002											
1.773090e+002	5.200000e+002											
1.763090e+002	6.600000e+002											
1.753090e+002	7.200000e+002											
1.743090e+002	5.400000e+002											
1.733090e+002	8.000000e+002											
1.723090e+002	6.900000e+002											
1.713090e+002	7.600000e+002											
1.703090e+002	9.200000e+002											
1.693090e+002	1.090000e+003											
1.683090e+002	1.120000e+003											
1.673090e+002	1.210000e+003											
1.663090e+002	7.100000e+002											
1.653090e+002	6.100000e+002											
1.643090e+002	6.900000e+002											
1.633090e+002	6.300000e+002											
1.623090e+002	6.600000e+002											
1.613090e+002	4.800000e+002											
1.603090e+002	6.800000e+002											
1.593090e+002	6.100000e+002											
1.583090e+002	7.500000e+002											
1.573090e+002	6.400000e+002											
1.563090e+002	6.000000e+002											
1.553090e+002	4.900000e+002											
1.543090e+002	5.700000e+002											
1.533090e+002	7.100000e+002											
1.523090e+002	6.800000e+002											
1.513090e+002	6.400000e+002											
1.503090e+002	7.200000e+002											
1.493090e+002	4.700000e+002											
1.483090e+002	6.800000e+002											
1.473090e+002	8.600000e+002											
1.463090e+002	6.300000e+002											
1.453090e+002	5.900000e+002											
1.443090e+002	6.600000e+002											
1.433090e+002	5.500000e+002											
1.423090e+002	5.500000e+002											
1.413090e+002	6.600000e+002											
1.403090e+002	7.000000e+002											
1.393090e+002	6.400000e+002											
1.383090e+002	6.200000e+002											
1.373090e+002	6.900000e+002											
1.363090e+002	6.300000e+002											
1.353090e+002	7.500000e+002											
1.343090e+002	6.600000e+002											
1.333090e+002	5.900000e+002											
1.323090e+002	6.500000e+002											
1.313090e+002	6.300000e+002											
1.303090e+002	6.400000e+002											
1.293090e+002	5.700000e+002											
1.283090e+002	5.700000e+002											
1.273090e+002	6.200000e+002											
1.263090e+002	6.600000e+002											
1.253090e+002	8.100000e+002											
1.243090e+002	6.100000e+002											
1.233090e+002	5.200000e+002											
1.223090e+002	6.200000e+002											
1.213090e+002	5.700000e+002											
1.203090e+002	6.200000e+002											
1.193090e+002	8.300000e+002											
1.183090e+002	6.000000e+002											
1.173090e+002	6.900000e+002											
1.163090e+002	6.600000e+002											
1.153090e+002	7.700000e+002											
1.143090e+002	5.700000e+002											
1.133090e+002	5.100000e+002											
1.123090e+002	5.500000e+002											
1.113090e+002	4.400000e+002											
1.103090e+002	6.000000e+002											
1.093090e+002	5.300000e+002											
1.083090e+002	6.400000e+002											
1.073090e+002	6.200000e+002											
1.063090e+002	7.900000e+002											
1.053090e+002	8.000000e+002											
1.043090e+002	7.200000e+002											
1.033090e+002	6.800000e+002											
1.023090e+002	6.600000e+002											
1.013090e+002	6.700000e+002											
1.003090e+002	7.500000e+002											
9.930900e+001	6.000000e+002											
9.830900e+001	6.000000e+002											
9.730900e+001	6.300000e+002											
9.630900e+001	6.000000e+002											
9.530900e+001	6.500000e+002											
9.430900e+001	6.100000e+002											
9.330900e+001	6.300000e+002											
9.230900e+001	7.300000e+002											
9.130900e+001	6.300000e+002											
9.030900e+001	7.000000e+002											
8.930900e+001	7.600000e+002											
8.830900e+001	7.600000e+002											
8.730900e+001	6.000000e+002											
8.630900e+001	6.200000e+002											
8.530900e+001	8.200000e+002											
8.430900e+001	5.200000e+002											
8.330900e+001	8.200000e+002											
8.230900e+001	8.000000e+002											
8.130900e+001	6.600000e+002											
8.030900e+001	5.500000e+002											
7.930900e+001	6.400000e+002											
7.830900e+001	6.900000e+002											
7.730900e+001	6.900000e+002											
7.630900e+001	8.100000e+002											
7.530900e+001	7.600000e+002											
7.430900e+001	6.600000e+002											
7.330900e+001	5.000000e+002											
7.230900e+001	7.700000e+002											
7.130900e+001	7.800000e+002											
7.030900e+001	7.300000e+002											
6.930900e+001	6.000000e+002											
6.830900e+001	6.000000e+002											
6.730900e+001	6.100000e+002											
6.630900e+001	8.500000e+002											
6.530900e+001	7.700000e+002											
6.430900e+001	8.400000e+002											
6.330900e+001	7.800000e+002											
6.230900e+001	6.200000e+002											
6.130900e+001	6.500000e+002											
6.030900e+001	7.400000e+002											
5.930900e+001	7.400000e+002											
5.830900e+001	7.400000e+002											
5.730900e+001	8.100000e+002											
5.630900e+001	7.400000e+002											
5.530900e+001	7.400000e+002											
5.430900e+001	7.200000e+002											
5.330900e+001	7.200000e+002											
5.230900e+001	7.700000e+002											
5.130900e+001	8.700000e+002											
5.030900e+001	7.600000e+002											
4.930900e+001	7.100000e+002											
4.830900e+001	6.700000e+002											
4.730900e+001	6.400000e+002											
4.630900e+001	6.600000e+002											
4.530900e+001	6.400000e+002											
4.430900e+001	5.300000e+002											
4.330900e+001	6.000000e+002											
4.230900e+001	6.600000e+002											
4.130900e+001	5.000000e+002											
4.030900e+001	6.300000e+002											
3.930900e+001	6.500000e+002											
3.830900e+001	7.700000e+002											
3.730900e+001	7.700000e+002											
3.630900e+001	9.700000e+002											
3.530900e+001	1.260000e+003											
3.430900e+001	1.570000e+003											
3.330900e+001	1.710000e+003											
3.230900e+001	1.500000e+003											
3.130900e+001	1.100000e+003											
3.030900e+001	8.600000e+002											
2.930900e+001	7.300000e+002											
2.830900e+001	9.200000e+002											
2.730900e+001	8.800000e+002											
2.630900e+001	7.400000e+002											
2.530900e+001	8.100000e+002											
2.430900e+001	6.200000e+002											
2.330900e+001	4.900000e+002											
2.230900e+001	6.600000e+002											
2.130900e+001	6.000000e+002											
2.030900e+001	4.800000e+002											
1.930900e+001	5.600000e+002											
1.830900e+001	5.700000e+002											
1.730900e+001	5.900000e+002											
1.630900e+001	8.300000e+002											
1.530900e+001	8.300000e+002											
1.430900e+001	7.500000e+002											
1.330900e+001	7.200000e+002											
1.230900e+001	5.600000e+002											
1.130900e+001	5.500000e+002											
1.030900e+001	5.500000e+002											
9.309000e+000	5.800000e+002											
8.309000e+000	4.400000e+002											
7.309000e+000	2.900000e+002											
6.309000e+000	3.100000e+002											
5.309000e+000	2.000000e+002											
4.309000e+000	1.600000e+002											
3.309000e+000	8.000000e+001											
2.309000e+000	4.000000e+001											
1.309000e+000	0.000000e+000											