B.E.	wide/2:CPS		B.E.	F 1s/5:CPS		B.E.	O 1s/6:CPS		B.E.	C 1s/7:CPS		
1.101417e+003	2.045000e+004		6.974670e+002	3.016667e+003		5.414170e+002	1.866667e+003		2.979170e+002	9.533333e+002		
1.100417e+003	2.017000e+004		6.974170e+002	3.096667e+003		5.413670e+002	1.844444e+003		2.978670e+002	8.300000e+002		
1.099417e+003	2.112000e+004		6.973670e+002	3.200000e+003		5.413170e+002	1.737778e+003		2.978170e+002	9.433333e+002		
1.098417e+003	2.083000e+004		6.973170e+002	3.053333e+003		5.412670e+002	1.748889e+003		2.977670e+002	9.133333e+002		
1.097417e+003	2.123000e+004		6.972670e+002	2.893333e+003		5.412170e+002	1.855556e+003		2.977170e+002	9.233333e+002		
1.096417e+003	2.128000e+004		6.972170e+002	3.046667e+003		5.411670e+002	1.831111e+003		2.976670e+002	8.766667e+002		
1.095417e+003	2.126000e+004		6.971670e+002	2.983333e+003		5.411170e+002	1.746667e+003		2.976170e+002	9.966667e+002		
1.094417e+003	2.073000e+004		6.971170e+002	2.990000e+003		5.410670e+002	1.826667e+003		2.975670e+002	8.966667e+002		
1.093417e+003	2.073000e+004		6.970670e+002	2.876667e+003		5.410170e+002	1.844444e+003		2.975170e+002	8.633333e+002		
1.092417e+003	2.126000e+004		6.970170e+002	3.050000e+003		5.409670e+002	1.880000e+003		2.974670e+002	8.900000e+002		
1.091417e+003	2.148000e+004		6.969670e+002	2.966667e+003		5.409170e+002	1.902222e+003		2.974170e+002	9.433333e+002		
1.090417e+003	2.101000e+004		6.969170e+002	2.953333e+003		5.408670e+002	1.746667e+003		2.973670e+002	8.633333e+002		
1.089417e+003	2.167000e+004		6.968670e+002	2.870000e+003		5.408170e+002	1.793333e+003		2.973170e+002	8.933333e+002		
1.088417e+003	2.169000e+004		6.968170e+002	2.780000e+003		5.407670e+002	1.746667e+003		2.972670e+002	8.266667e+002		
1.087417e+003	2.124000e+004		6.967670e+002	2.973333e+003		5.407170e+002	1.777778e+003		2.972170e+002	8.400000e+002		
1.086417e+003	2.134000e+004		6.967170e+002	2.883333e+003		5.406670e+002	1.720000e+003		2.971670e+002	8.033333e+002		
1.085417e+003	2.138000e+004		6.966670e+002	2.853333e+003		5.406170e+002	1.693333e+003		2.971170e+002	8.433333e+002		
1.084417e+003	2.151000e+004		6.966170e+002	2.986667e+003		5.405670e+002	1.740000e+003		2.970670e+002	7.533333e+002		
1.083417e+003	2.087000e+004		6.965670e+002	2.866667e+003		5.405170e+002	1.777778e+003		2.970170e+002	8.666667e+002		
1.082417e+003	2.115000e+004		6.965170e+002	2.710000e+003		5.404670e+002	1.760000e+003		2.969670e+002	8.600000e+002		
1.081417e+003	2.104000e+004		6.964670e+002	2.900000e+003		5.404170e+002	1.953333e+003		2.969170e+002	9.066667e+002		
1.080417e+003	2.099000e+004		6.964170e+002	2.673333e+003		5.403670e+002	1.771111e+003		2.968670e+002	8.000000e+002		
1.079417e+003	2.102000e+004		6.963670e+002	2.653333e+003		5.403170e+002	1.808889e+003		2.968170e+002	8.433333e+002		
1.078417e+003	2.173000e+004		6.963170e+002	2.720000e+003		5.402670e+002	1.737778e+003		2.967670e+002	8.866667e+002		
1.077417e+003	2.080000e+004		6.962670e+002	2.786667e+003		5.402170e+002	1.766667e+003		2.967170e+002	7.700000e+002		
1.076417e+003	2.108000e+004		6.962170e+002	2.800000e+003		5.401670e+002	1.773333e+003		2.966670e+002	8.433333e+002		
1.075417e+003	2.122000e+004		6.961670e+002	2.783333e+003		5.401170e+002	1.777778e+003		2.966170e+002	7.933333e+002		
1.074417e+003	2.114000e+004		6.961170e+002	2.753333e+003		5.400670e+002	1.848889e+003		2.965670e+002	8.566667e+002		
1.073417e+003	2.115000e+004		6.960670e+002	2.696667e+003		5.400170e+002	1.697778e+003		2.965170e+002	8.233333e+002		
1.072417e+003	2.156000e+004		6.960170e+002	2.850000e+003		5.399670e+002	1.753333e+003		2.964670e+002	8.600000e+002		
1.071417e+003	2.114000e+004		6.959670e+002	2.860000e+003		5.399170e+002	1.795556e+003		2.964170e+002	8.633333e+002		
1.070417e+003	2.187000e+004		6.959170e+002	2.670000e+003		5.398670e+002	1.717778e+003		2.963670e+002	8.000000e+002		
1.069417e+003	2.144000e+004		6.958670e+002	2.753333e+003		5.398170e+002	1.833333e+003		2.963170e+002	7.700000e+002		
1.068417e+003	2.135000e+004		6.958170e+002	2.626667e+003		5.397670e+002	1.713333e+003		2.962670e+002	8.066667e+002		
1.067417e+003	2.079000e+004		6.957670e+002	2.840000e+003		5.397170e+002	1.751111e+003		2.962170e+002	8.633333e+002		
1.066417e+003	2.122000e+004		6.957170e+002	2.716667e+003		5.396670e+002	1.662222e+003		2.961670e+002	8.433333e+002		
1.065417e+003	2.107000e+004		6.956670e+002	2.750000e+003		5.396170e+002	1.822222e+003		2.961170e+002	7.966667e+002		
1.064417e+003	2.151000e+004		6.956170e+002	2.840000e+003		5.395670e+002	1.762222e+003		2.960670e+002	8.166667e+002		
1.063417e+003	2.153000e+004		6.955670e+002	2.873333e+003		5.395170e+002	1.771111e+003		2.960170e+002	8.200000e+002		
1.062417e+003	2.128000e+004		6.955170e+002	2.753333e+003		5.394670e+002	1.820000e+003		2.959670e+002	7.966667e+002		
1.061417e+003	2.160000e+004		6.954670e+002	2.670000e+003		5.394170e+002	1.811111e+003		2.959170e+002	8.700000e+002		
1.060417e+003	2.172000e+004		6.954170e+002	2.650000e+003		5.393670e+002	1.626667e+003		2.958670e+002	8.066667e+002		
1.059417e+003	2.154000e+004		6.953670e+002	2.756667e+003		5.393170e+002	1.775556e+003		2.958170e+002	8.100000e+002		
1.058417e+003	2.145000e+004		6.953170e+002	2.856667e+003		5.392670e+002	1.742222e+003		2.957670e+002	8.566667e+002		
1.057417e+003	2.105000e+004		6.952670e+002	2.696667e+003		5.392170e+002	1.760000e+003		2.957170e+002	7.866667e+002		
1.056417e+003	2.099000e+004		6.952170e+002	2.536667e+003		5.391670e+002	1.806667e+003		2.956670e+002	8.500000e+002		
1.055417e+003	2.202000e+004		6.951670e+002	2.653333e+003		5.391170e+002	1.831111e+003		2.956170e+002	8.600000e+002		
1.054417e+003	2.128000e+004		6.951170e+002	2.823333e+003		5.390670e+002	1.811111e+003		2.955670e+002	7.833333e+002		
1.053417e+003	2.184000e+004		6.950670e+002	2.913333e+003		5.390170e+002	1.793333e+003		2.955170e+002	8.100000e+002		
1.052417e+003	2.217000e+004		6.950170e+002	2.886667e+003		5.389670e+002	1.695556e+003		2.954670e+002	7.600000e+002		
1.051417e+003	2.179000e+004		6.949670e+002	2.820000e+003		5.389170e+002	1.766667e+003		2.954170e+002	7.900000e+002		
1.050417e+003	2.128000e+004		6.949170e+002	2.770000e+003		5.388670e+002	1.800000e+003		2.953670e+002	7.966667e+002		
1.049417e+003	2.135000e+004		6.948670e+002	2.713333e+003		5.388170e+002	1.753333e+003		2.953170e+002	7.700000e+002		
1.048417e+003	2.178000e+004		6.948170e+002	2.703333e+003		5.387670e+002	1.864444e+003		2.952670e+002	8.366667e+002		
1.047417e+003	2.178000e+004		6.947670e+002	2.543333e+003		5.387170e+002	1.871111e+003		2.952170e+002	8.500000e+002		
1.046417e+003	2.170000e+004		6.947170e+002	2.670000e+003		5.386670e+002	1.782222e+003		2.951670e+002	8.300000e+002		
1.045417e+003	2.155000e+004		6.946670e+002	2.730000e+003		5.386170e+002	1.782222e+003		2.951170e+002	7.966667e+002		
1.044417e+003	2.168000e+004		6.946170e+002	2.643333e+003		5.385670e+002	1.828889e+003		2.950670e+002	7.766667e+002		
1.043417e+003	2.195000e+004		6.945670e+002	2.716667e+003		5.385170e+002	1.784444e+003		2.950170e+002	8.000000e+002		
1.042417e+003	2.215000e+004		6.945170e+002	2.790000e+003		5.384670e+002	1.800000e+003		2.949670e+002	7.200000e+002		
1.041417e+003	2.211000e+004		6.944670e+002	2.856667e+003		5.384170e+002	1.771111e+003		2.949170e+002	8.533333e+002		
1.040417e+003	2.228000e+004		6.944170e+002	2.886667e+003		5.383670e+002	1.817778e+003		2.948670e+002	8.066667e+002		
1.039417e+003	2.214000e+004		6.943670e+002	2.776667e+003		5.383170e+002	1.815556e+003		2.948170e+002	8.066667e+002		
1.038417e+003	2.239000e+004		6.943170e+002	2.706667e+003		5.382670e+002	1.728889e+003		2.947670e+002	7.566667e+002		
1.037417e+003	2.233000e+004		6.942670e+002	2.966667e+003		5.382170e+002	1.868889e+003		2.947170e+002	7.633333e+002		
1.036417e+003	2.280000e+004		6.942170e+002	2.750000e+003		5.381670e+002	1.715556e+003		2.946670e+002	7.900000e+002		
1.035417e+003	2.235000e+004		6.941670e+002	2.830000e+003		5.381170e+002	1.746667e+003		2.946170e+002	8.500000e+002		
1.034417e+003	2.210000e+004		6.941170e+002	2.846667e+003		5.380670e+002	1.802222e+003		2.945670e+002	8.200000e+002		
1.033417e+003	2.278000e+004		6.940670e+002	2.753333e+003		5.380170e+002	1.626667e+003		2.945170e+002	8.766667e+002		
1.032417e+003	2.298000e+004		6.940170e+002	2.963333e+003		5.379670e+002	1.762222e+003		2.944670e+002	8.133333e+002		
1.031417e+003	2.302000e+004		6.939670e+002	2.673333e+003		5.379170e+002	1.864444e+003		2.944170e+002	7.466667e+002		
1.030417e+003	2.251000e+004		6.939170e+002	2.820000e+003		5.378670e+002	1.722222e+003		2.943670e+002	8.566667e+002		
1.029417e+003	2.203000e+004		6.938670e+002	2.713333e+003		5.378170e+002	1.764444e+003		2.943170e+002	7.600000e+002		
1.028417e+003	2.221000e+004		6.938170e+002	2.930000e+003		5.377670e+002	1.880000e+003		2.942670e+002	7.500000e+002		
1.027417e+003	2.212000e+004		6.937670e+002	2.853333e+003		5.377170e+002	1.820000e+003		2.942170e+002	8.466667e+002		
1.026417e+003	2.250000e+004		6.937170e+002	2.826667e+003		5.376670e+002	1.860000e+003		2.941670e+002	8.133333e+002		
1.025417e+003	2.243000e+004		6.936670e+002	2.720000e+003		5.376170e+002	1.811111e+003		2.941170e+002	8.933333e+002		
1.024417e+003	2.250000e+004		6.936170e+002	2.730000e+003		5.375670e+002	1.775556e+003		2.940670e+002	9.033333e+002		
1.023417e+003	2.231000e+004		6.935670e+002	2.860000e+003		5.375170e+002	1.802222e+003		2.940170e+002	8.433333e+002		
1.022417e+003	2.253000e+004		6.935170e+002	2.773333e+003		5.374670e+002	1.720000e+003		2.939670e+002	8.300000e+002		
1.021417e+003	2.284000e+004		6.934670e+002	2.873333e+003		5.374170e+002	1.788889e+003		2.939170e+002	8.966667e+002		
1.020417e+003	2.231000e+004		6.934170e+002	2.910000e+003		5.373670e+002	1.831111e+003		2.938670e+002	8.866667e+002		
1.019417e+003	2.228000e+004		6.933670e+002	2.826667e+003		5.373170e+002	1.788889e+003		2.938170e+002	8.900000e+002		
1.018417e+003	2.214000e+004		6.933170e+002	2.946667e+003		5.372670e+002	1.742222e+003		2.937670e+002	9.333333e+002		
1.017417e+003	2.252000e+004		6.932670e+002	3.070000e+003		5.372170e+002	1.802222e+003		2.937170e+002	9.133333e+002		
1.016417e+003	2.163000e+004		6.932170e+002	3.010000e+003		5.371670e+002	1.824444e+003		2.936670e+002	9.000000e+002		
1.015417e+003	2.235000e+004		6.931670e+002	3.110000e+003		5.371170e+002	1.797778e+003		2.936170e+002	9.233333e+002		
1.014417e+003	2.302000e+004		6.931170e+002	3.050000e+003		5.370670e+002	1.797778e+003		2.935670e+002	9.566667e+002		
1.013417e+003	2.238000e+004		6.930670e+002	3.036667e+003		5.370170e+002	1.837778e+003		2.935170e+002	8.833333e+002		
1.012417e+003	2.215000e+004		6.930170e+002	2.913333e+003		5.369670e+002	1.811111e+003		2.934670e+002	9.566667e+002		
1.011417e+003	2.282000e+004		6.929670e+002	3.013333e+003		5.369170e+002	1.840000e+003		2.934170e+002	1.040000e+003		
1.010417e+003	2.264000e+004		6.929170e+002	3.080000e+003		5.368670e+002	1.800000e+003		2.933670e+002	1.003333e+003		
1.009417e+003	2.246000e+004		6.928670e+002	2.930000e+003		5.368170e+002	1.913333e+003		2.933170e+002	1.040000e+003		
1.008417e+003	2.302000e+004		6.928170e+002	3.156667e+003		5.367670e+002	1.888889e+003		2.932670e+002	9.533333e+002		
1.007417e+003	2.297000e+004		6.927670e+002	3.150000e+003		5.367170e+002	1.911111e+003		2.932170e+002	1.086667e+003		
1.006417e+003	2.306000e+004		6.927170e+002	3.266667e+003		5.366670e+002	1.882222e+003		2.931670e+002	1.090000e+003		
1.005417e+003	2.348000e+004		6.926670e+002	3.186667e+003		5.366170e+002	1.840000e+003		2.931170e+002	1.010000e+003		
1.004417e+003	2.305000e+004		6.926170e+002	3.370000e+003		5.365670e+002	1.948889e+003		2.930670e+002	1.006667e+003		
1.003417e+003	2.269000e+004		6.925670e+002	3.186667e+003		5.365170e+002	1.920000e+003		2.930170e+002	1.130000e+003		
1.002417e+003	2.334000e+004		6.925170e+002	3.170000e+003		5.364670e+002	1.862222e+003		2.929670e+002	1.116667e+003		
1.001417e+003	2.353000e+004		6.924670e+002	3.330000e+003		5.364170e+002	1.920000e+003		2.929170e+002	1.103333e+003		
1.000417e+003	2.335000e+004		6.924170e+002	3.376667e+003		5.363670e+002	1.926667e+003		2.928670e+002	1.180000e+003		
9.994170e+002	2.318000e+004		6.923670e+002	3.376667e+003		5.363170e+002	1.968889e+003		2.928170e+002	1.183333e+003		
9.984170e+002	2.354000e+004		6.923170e+002	3.313333e+003		5.362670e+002	1.937778e+003		2.927670e+002	1.223333e+003		
9.974170e+002	2.367000e+004		6.922670e+002	3.500000e+003		5.362170e+002	2.022222e+003		2.927170e+002	1.173333e+003		
9.964170e+002	2.340000e+004		6.922170e+002	3.593333e+003		5.361670e+002	2.055556e+003		2.926670e+002	1.280000e+003		
9.954170e+002	2.327000e+004		6.921670e+002	3.626667e+003		5.361170e+002	2.046667e+003		2.926170e+002	1.276667e+003		
9.944170e+002	2.310000e+004		6.921170e+002	3.673333e+003		5.360670e+002	2.035556e+003		2.925670e+002	1.420000e+003		
9.934170e+002	2.243000e+004		6.920670e+002	3.740000e+003		5.360170e+002	2.108889e+003		2.925170e+002	1.376667e+003		
9.924170e+002	2.328000e+004		6.920170e+002	3.846667e+003		5.359670e+002	2.086667e+003		2.924670e+002	1.506667e+003		
9.914170e+002	2.398000e+004		6.919670e+002	3.866667e+003		5.359170e+002	2.066667e+003		2.924170e+002	1.600000e+003		
9.904170e+002	2.275000e+004		6.919170e+002	4.023333e+003		5.358670e+002	2.102222e+003		2.923670e+002	1.480000e+003		
9.894170e+002	2.332000e+004		6.918670e+002	4.083333e+003		5.358170e+002	2.122222e+003		2.923170e+002	1.626667e+003		
9.884170e+002	2.292000e+004		6.918170e+002	4.366667e+003		5.357670e+002	2.146667e+003		2.922670e+002	1.623333e+003		
9.874170e+002	2.287000e+004		6.917670e+002	4.500000e+003		5.357170e+002	2.226667e+003		2.922170e+002	1.696667e+003		
9.864170e+002	2.298000e+004		6.917170e+002	4.223333e+003		5.356670e+002	2.182222e+003		2.921670e+002	1.850000e+003		
9.854170e+002	2.290000e+004		6.916670e+002	4.580000e+003		5.356170e+002	2.297778e+003		2.921170e+002	1.856667e+003		
9.844170e+002	2.309000e+004		6.916170e+002	4.723333e+003		5.355670e+002	2.277778e+003		2.920670e+002	1.976667e+003		
9.834170e+002	2.352000e+004		6.915670e+002	4.703333e+003		5.355170e+002	2.355556e+003		2.920170e+002	2.026667e+003		
9.824170e+002	2.437000e+004		6.915170e+002	4.863333e+003		5.354670e+002	2.240000e+003		2.919670e+002	2.300000e+003		
9.814170e+002	2.388000e+004		6.914670e+002	4.846667e+003		5.354170e+002	2.315556e+003		2.919170e+002	2.263333e+003		
9.804170e+002	2.374000e+004		6.914170e+002	5.103333e+003		5.353670e+002	2.471111e+003		2.918670e+002	2.400000e+003		
9.794170e+002	2.369000e+004		6.913670e+002	5.403333e+003		5.353170e+002	2.442222e+003		2.918170e+002	2.486667e+003		
9.784170e+002	2.327000e+004		6.913170e+002	5.190000e+003		5.352670e+002	2.588889e+003		2.917670e+002	2.640000e+003		
9.774170e+002	2.435000e+004		6.912670e+002	5.486667e+003		5.352170e+002	2.611111e+003		2.917170e+002	2.700000e+003		
9.764170e+002	2.453000e+004		6.912170e+002	5.606667e+003		5.351670e+002	2.522222e+003		2.916670e+002	2.750000e+003		
9.754170e+002	2.484000e+004		6.911670e+002	5.620000e+003		5.351170e+002	2.611111e+003		2.916170e+002	2.933333e+003		
9.744170e+002	2.359000e+004		6.911170e+002	5.993333e+003		5.350670e+002	2.600000e+003		2.915670e+002	2.866667e+003		
9.734170e+002	2.412000e+004		6.910670e+002	6.206667e+003		5.350170e+002	2.715556e+003		2.915170e+002	3.036667e+003		
9.724170e+002	2.377000e+004		6.910170e+002	6.300000e+003		5.349670e+002	2.706667e+003		2.914670e+002	3.186667e+003		
9.714170e+002	2.378000e+004		6.909670e+002	6.483333e+003		5.349170e+002	2.677778e+003		2.914170e+002	3.226667e+003		
9.704170e+002	2.333000e+004		6.909170e+002	6.776667e+003		5.348670e+002	2.826667e+003		2.913670e+002	3.233333e+003		
9.694170e+002	2.334000e+004		6.908670e+002	7.040000e+003		5.348170e+002	2.864444e+003		2.913170e+002	3.466667e+003		
9.684170e+002	2.310000e+004		6.908170e+002	7.340000e+003		5.347670e+002	2.917778e+003		2.912670e+002	3.433333e+003		
9.674170e+002	2.200000e+004		6.907670e+002	7.406667e+003		5.347170e+002	2.951111e+003		2.912170e+002	3.416667e+003		
9.664170e+002	2.174000e+004		6.907170e+002	7.836667e+003		5.346670e+002	3.033333e+003		2.911670e+002	3.406667e+003		
9.654170e+002	2.185000e+004		6.906670e+002	8.390000e+003		5.346170e+002	3.160000e+003		2.911170e+002	3.633333e+003		
9.644170e+002	2.198000e+004		6.906170e+002	8.520000e+003		5.345670e+002	3.228889e+003		2.910670e+002	3.803333e+003		
9.634170e+002	2.211000e+004		6.905670e+002	8.566667e+003		5.345170e+002	3.253333e+003		2.910170e+002	3.850000e+003		
9.624170e+002	2.173000e+004		6.905170e+002	9.096667e+003		5.344670e+002	3.364444e+003		2.909670e+002	3.946667e+003		
9.614170e+002	2.184000e+004		6.904670e+002	9.280000e+003		5.344170e+002	3.408889e+003		2.909170e+002	4.026667e+003		
9.604170e+002	2.251000e+004		6.904170e+002	9.600000e+003		5.343670e+002	3.528889e+003		2.908670e+002	4.093333e+003		
9.594170e+002	2.198000e+004		6.903670e+002	1.006000e+004		5.343170e+002	3.517778e+003		2.908170e+002	4.210000e+003		
9.584170e+002	2.238000e+004		6.903170e+002	1.048667e+004		5.342670e+002	3.622222e+003		2.907670e+002	4.343333e+003		
9.574170e+002	2.191000e+004		6.902670e+002	1.081000e+004		5.342170e+002	3.682222e+003		2.907170e+002	4.410000e+003		
9.564170e+002	2.185000e+004		6.902170e+002	1.159333e+004		5.341670e+002	3.842222e+003		2.906670e+002	4.430000e+003		
9.554170e+002	2.169000e+004		6.901670e+002	1.199333e+004		5.341170e+002	3.995556e+003		2.906170e+002	4.470000e+003		
9.544170e+002	2.207000e+004		6.901170e+002	1.249000e+004		5.340670e+002	4.202222e+003		2.905670e+002	4.773333e+003		
9.534170e+002	2.200000e+004		6.900670e+002	1.277333e+004		5.340170e+002	4.206667e+003		2.905170e+002	4.836667e+003		
9.524170e+002	2.212000e+004		6.900170e+002	1.312000e+004		5.339670e+002	4.340000e+003		2.904670e+002	5.343333e+003		
9.514170e+002	2.208000e+004		6.899670e+002	1.387000e+004		5.339170e+002	4.493333e+003		2.904170e+002	5.536667e+003		
9.504170e+002	2.177000e+004		6.899170e+002	1.450000e+004		5.338670e+002	4.640000e+003		2.903670e+002	5.596667e+003		
9.494170e+002	2.172000e+004		6.898670e+002	1.502000e+004		5.338170e+002	4.740000e+003		2.903170e+002	5.800000e+003		
9.484170e+002	2.182000e+004		6.898170e+002	1.601333e+004		5.337670e+002	4.895556e+003		2.902670e+002	6.250000e+003		
9.474170e+002	2.222000e+004		6.897670e+002	1.624000e+004		5.337170e+002	4.971111e+003		2.902170e+002	6.716667e+003		
9.464170e+002	2.198000e+004		6.897170e+002	1.668667e+004		5.336670e+002	4.948889e+003		2.901670e+002	7.166667e+003		
9.454170e+002	2.178000e+004		6.896670e+002	1.756667e+004		5.336170e+002	5.037778e+003		2.901170e+002	7.410000e+003		
9.444170e+002	2.195000e+004		6.896170e+002	1.843000e+004		5.335670e+002	5.411111e+003		2.900670e+002	7.736667e+003		
9.434170e+002	2.234000e+004		6.895670e+002	1.960333e+004		5.335170e+002	5.522222e+003		2.900170e+002	8.286667e+003		
9.424170e+002	2.217000e+004		6.895170e+002	2.092333e+004		5.334670e+002	5.635556e+003		2.899670e+002	8.810000e+003		
9.414170e+002	2.189000e+004		6.894670e+002	2.138667e+004		5.334170e+002	5.864444e+003		2.899170e+002	9.640000e+003		
9.404170e+002	2.199000e+004		6.894170e+002	2.240333e+004		5.333670e+002	6.062222e+003		2.898670e+002	1.026667e+004		
9.394170e+002	2.227000e+004		6.893670e+002	2.373333e+004		5.333170e+002	6.144444e+003		2.898170e+002	1.095000e+004		
9.384170e+002	2.235000e+004		6.893170e+002	2.493333e+004		5.332670e+002	6.420000e+003		2.897670e+002	1.141667e+004		
9.374170e+002	2.234000e+004		6.892670e+002	2.625000e+004		5.332170e+002	6.308889e+003		2.897170e+002	1.224333e+004		
9.364170e+002	2.201000e+004		6.892170e+002	2.703333e+004		5.331670e+002	6.313333e+003		2.896670e+002	1.261000e+004		
9.354170e+002	2.237000e+004		6.891670e+002	2.816000e+004		5.331170e+002	6.617778e+003		2.896170e+002	1.323000e+004		
9.344170e+002	2.256000e+004		6.891170e+002	2.974333e+004		5.330670e+002	6.580000e+003		2.895670e+002	1.368667e+004		
9.334170e+002	2.217000e+004		6.890670e+002	3.100333e+004		5.330170e+002	6.600000e+003		2.895170e+002	1.434000e+004		
9.324170e+002	2.255000e+004		6.890170e+002	3.311333e+004		5.329670e+002	6.902222e+003		2.894670e+002	1.485000e+004		
9.314170e+002	2.192000e+004		6.889670e+002	3.443667e+004		5.329170e+002	7.060000e+003		2.894170e+002	1.518667e+004		
9.304170e+002	2.215000e+004		6.889170e+002	3.628000e+004		5.328670e+002	6.944444e+003		2.893670e+002	1.516667e+004		
9.294170e+002	2.257000e+004		6.888670e+002	3.738333e+004		5.328170e+002	6.928889e+003		2.893170e+002	1.556667e+004		
9.284170e+002	2.328000e+004		6.888170e+002	3.917000e+004		5.327670e+002	6.962222e+003		2.892670e+002	1.561667e+004		
9.274170e+002	2.204000e+004		6.887670e+002	4.083667e+004		5.327170e+002	6.980000e+003		2.892170e+002	1.532000e+004		
9.264170e+002	2.242000e+004		6.887170e+002	4.227000e+004		5.326670e+002	7.093333e+003		2.891670e+002	1.524667e+004		
9.254170e+002	2.243000e+004		6.886670e+002	4.407667e+004		5.326170e+002	6.986667e+003		2.891170e+002	1.497667e+004		
9.244170e+002	2.183000e+004		6.886170e+002	4.539667e+004		5.325670e+002	6.815556e+003		2.890670e+002	1.488000e+004		
9.234170e+002	2.280000e+004		6.885670e+002	4.617667e+004		5.325170e+002	6.908889e+003		2.890170e+002	1.406000e+004		
9.224170e+002	2.324000e+004		6.885170e+002	4.786333e+004		5.324670e+002	6.997778e+003		2.889670e+002	1.331333e+004		
9.214170e+002	2.243000e+004		6.884670e+002	4.852000e+004		5.324170e+002	6.913333e+003		2.889170e+002	1.275333e+004		
9.204170e+002	2.319000e+004		6.884170e+002	5.024333e+004		5.323670e+002	6.717778e+003		2.888670e+002	1.210333e+004		
9.194170e+002	2.282000e+004		6.883670e+002	5.086000e+004		5.323170e+002	6.706667e+003		2.888170e+002	1.114000e+004		
9.184170e+002	2.279000e+004		6.883170e+002	5.139333e+004		5.322670e+002	6.691111e+003		2.887670e+002	1.036000e+004		
9.174170e+002	2.255000e+004		6.882670e+002	5.176333e+004		5.322170e+002	6.466667e+003		2.887170e+002	9.853333e+003		
9.164170e+002	2.341000e+004		6.882170e+002	5.269667e+004		5.321670e+002	6.404444e+003		2.886670e+002	9.136667e+003		
9.154170e+002	2.255000e+004		6.881670e+002	5.296667e+004		5.321170e+002	6.382222e+003		2.886170e+002	8.540000e+003		
9.144170e+002	2.229000e+004		6.881170e+002	5.266333e+004		5.320670e+002	6.100000e+003		2.885670e+002	7.723333e+003		
9.134170e+002	2.273000e+004		6.880670e+002	5.207667e+004		5.320170e+002	6.088889e+003		2.885170e+002	7.030000e+003		
9.124170e+002	2.360000e+004		6.880170e+002	5.179667e+004		5.319670e+002	5.973333e+003		2.884670e+002	6.523333e+003		
9.114170e+002	2.249000e+004		6.879670e+002	5.168000e+004		5.319170e+002	5.840000e+003		2.884170e+002	5.856667e+003		
9.104170e+002	2.239000e+004		6.879170e+002	5.063000e+004		5.318670e+002	5.700000e+003		2.883670e+002	5.520000e+003		
9.094170e+002	2.278000e+004		6.878670e+002	4.944000e+004		5.318170e+002	5.448889e+003		2.883170e+002	4.953333e+003		
9.084170e+002	2.285000e+004		6.878170e+002	4.816667e+004		5.317670e+002	5.355556e+003		2.882670e+002	4.673333e+003		
9.074170e+002	2.295000e+004		6.877670e+002	4.647000e+004		5.317170e+002	5.333333e+003		2.882170e+002	4.570000e+003		
9.064170e+002	2.275000e+004		6.877170e+002	4.472333e+004		5.316670e+002	5.146667e+003		2.881670e+002	4.103333e+003		
9.054170e+002	2.254000e+004		6.876670e+002	4.332000e+004		5.316170e+002	4.806667e+003		2.881170e+002	3.953333e+003		
9.044170e+002	2.317000e+004		6.876170e+002	4.108000e+004		5.315670e+002	4.908889e+003		2.880670e+002	3.770000e+003		
9.034170e+002	2.309000e+004		6.875670e+002	3.938667e+004		5.315170e+002	4.820000e+003		2.880170e+002	3.503333e+003		
9.024170e+002	2.292000e+004		6.875170e+002	3.777667e+004		5.314670e+002	4.680000e+003		2.879670e+002	3.266667e+003		
9.014170e+002	2.300000e+004		6.874670e+002	3.530000e+004		5.314170e+002	4.511111e+003		2.879170e+002	3.330000e+003		
9.004170e+002	2.359000e+004		6.874170e+002	3.344667e+004		5.313670e+002	4.326667e+003		2.878670e+002	3.143333e+003		
8.994170e+002	2.391000e+004		6.873670e+002	3.157333e+004		5.313170e+002	4.302222e+003		2.878170e+002	3.036667e+003		
8.984170e+002	2.327000e+004		6.873170e+002	2.948333e+004		5.312670e+002	4.153333e+003		2.877670e+002	3.046667e+003		
8.974170e+002	2.372000e+004		6.872670e+002	2.739333e+004		5.312170e+002	4.102222e+003		2.877170e+002	3.250000e+003		
8.964170e+002	2.310000e+004		6.872170e+002	2.558333e+004		5.311670e+002	3.942222e+003		2.876670e+002	3.196667e+003		
8.954170e+002	2.364000e+004		6.871670e+002	2.391667e+004		5.311170e+002	3.917778e+003		2.876170e+002	3.303333e+003		
8.944170e+002	2.319000e+004		6.871170e+002	2.221000e+004		5.310670e+002	3.640000e+003		2.875670e+002	3.340000e+003		
8.934170e+002	2.343000e+004		6.870670e+002	2.071667e+004		5.310170e+002	3.511111e+003		2.875170e+002	3.420000e+003		
8.924170e+002	2.322000e+004		6.870170e+002	1.917000e+004		5.309670e+002	3.364444e+003		2.874670e+002	3.216667e+003		
8.914170e+002	2.384000e+004		6.869670e+002	1.737333e+004		5.309170e+002	3.306667e+003		2.874170e+002	3.216667e+003		
8.904170e+002	2.420000e+004		6.869170e+002	1.607333e+004		5.308670e+002	3.197778e+003		2.873670e+002	3.313333e+003		
8.894170e+002	2.359000e+004		6.868670e+002	1.496000e+004		5.308170e+002	3.091111e+003		2.873170e+002	3.380000e+003		
8.884170e+002	2.362000e+004		6.868170e+002	1.389000e+004		5.307670e+002	2.984444e+003		2.872670e+002	3.470000e+003		
8.874170e+002	2.406000e+004		6.867670e+002	1.252000e+004		5.307170e+002	2.971111e+003		2.872170e+002	3.423333e+003		
8.864170e+002	2.429000e+004		6.867170e+002	1.120667e+004		5.306670e+002	2.871111e+003		2.871670e+002	3.560000e+003		
8.854170e+002	2.405000e+004		6.866670e+002	1.070000e+004		5.306170e+002	2.817778e+003		2.871170e+002	3.616667e+003		
8.844170e+002	2.434000e+004		6.866170e+002	9.910000e+003		5.305670e+002	2.637778e+003		2.870670e+002	3.540000e+003		
8.834170e+002	2.544000e+004		6.865670e+002	9.273333e+003		5.305170e+002	2.586667e+003		2.870170e+002	3.480000e+003		
8.824170e+002	2.490000e+004		6.865170e+002	8.253333e+003		5.304670e+002	2.448889e+003		2.869670e+002	3.730000e+003		
8.814170e+002	2.489000e+004		6.864670e+002	7.743333e+003		5.304170e+002	2.480000e+003		2.869170e+002	3.680000e+003		
8.804170e+002	2.549000e+004		6.864170e+002	7.243333e+003		5.303670e+002	2.364444e+003		2.868670e+002	3.786667e+003		
8.794170e+002	2.542000e+004		6.863670e+002	7.000000e+003		5.303170e+002	2.224444e+003		2.868170e+002	3.686667e+003		
8.784170e+002	2.561000e+004		6.863170e+002	6.296667e+003		5.302670e+002	2.153333e+003		2.867670e+002	3.796667e+003		
8.774170e+002	2.536000e+004		6.862670e+002	6.026667e+003		5.302170e+002	2.191111e+003		2.867170e+002	3.793333e+003		
8.764170e+002	2.471000e+004		6.862170e+002	5.736667e+003		5.301670e+002	2.093333e+003		2.866670e+002	3.746667e+003		
8.754170e+002	2.409000e+004		6.861670e+002	5.396667e+003		5.301170e+002	2.093333e+003		2.866170e+002	3.583333e+003		
8.744170e+002	2.344000e+004		6.861170e+002	4.966667e+003		5.300670e+002	2.004444e+003		2.865670e+002	3.570000e+003		
8.734170e+002	2.426000e+004		6.860670e+002	4.766667e+003		5.300170e+002	1.917778e+003		2.865170e+002	3.466667e+003		
8.724170e+002	2.396000e+004		6.860170e+002	4.503333e+003		5.299670e+002	1.953333e+003		2.864670e+002	3.266667e+003		
8.714170e+002	2.342000e+004		6.859670e+002	4.493333e+003		5.299170e+002	1.853333e+003		2.864170e+002	3.443333e+003		
8.704170e+002	2.395000e+004		6.859170e+002	4.390000e+003		5.298670e+002	1.880000e+003		2.863670e+002	3.350000e+003		
8.694170e+002	2.421000e+004		6.858670e+002	4.253333e+003		5.298170e+002	1.944444e+003		2.863170e+002	3.320000e+003		
8.684170e+002	2.426000e+004		6.858170e+002	4.063333e+003		5.297670e+002	1.917778e+003		2.862670e+002	3.366667e+003		
8.674170e+002	2.418000e+004		6.857670e+002	4.083333e+003		5.297170e+002	1.840000e+003		2.862170e+002	3.136667e+003		
8.664170e+002	2.408000e+004		6.857170e+002	3.803333e+003		5.296670e+002	1.715556e+003		2.861670e+002	3.210000e+003		
8.654170e+002	2.473000e+004		6.856670e+002	3.780000e+003		5.296170e+002	1.708889e+003		2.861170e+002	3.113333e+003		
8.644170e+002	2.563000e+004		6.856170e+002	3.620000e+003		5.295670e+002	1.815556e+003		2.860670e+002	2.973333e+003		
8.634170e+002	2.694000e+004		6.855670e+002	3.410000e+003		5.295170e+002	1.664444e+003		2.860170e+002	2.940000e+003		
8.624170e+002	2.763000e+004		6.855170e+002	3.330000e+003		5.294670e+002	1.808889e+003		2.859670e+002	2.966667e+003		
8.614170e+002	2.788000e+004		6.854670e+002	3.323333e+003		5.294170e+002	1.700000e+003		2.859170e+002	2.826667e+003		
8.604170e+002	2.847000e+004		6.854170e+002	3.293333e+003		5.293670e+002	1.815556e+003		2.858670e+002	2.780000e+003		
8.594170e+002	2.799000e+004		6.853670e+002	3.060000e+003		5.293170e+002	1.777778e+003		2.858170e+002	2.833333e+003		
8.584170e+002	2.853000e+004		6.853170e+002	3.146667e+003		5.292670e+002	1.651111e+003		2.857670e+002	2.850000e+003		
8.574170e+002	2.750000e+004		6.852670e+002	3.080000e+003		5.292170e+002	1.655556e+003		2.857170e+002	2.710000e+003		
8.564170e+002	2.702000e+004		6.852170e+002	2.913333e+003		5.291670e+002	1.626667e+003		2.856670e+002	2.686667e+003		
8.554170e+002	2.602000e+004		6.851670e+002	2.940000e+003		5.291170e+002	1.664444e+003		2.856170e+002	2.906667e+003		
8.544170e+002	2.632000e+004		6.851170e+002	2.946667e+003		5.290670e+002	1.728889e+003		2.855670e+002	2.806667e+003		
8.534170e+002	2.607000e+004		6.850670e+002	2.930000e+003		5.290170e+002	1.697778e+003		2.855170e+002	2.740000e+003		
8.524170e+002	2.526000e+004		6.850170e+002	2.836667e+003		5.289670e+002	1.635556e+003		2.854670e+002	2.596667e+003		
8.514170e+002	2.502000e+004		6.849670e+002	2.883333e+003		5.289170e+002	1.548889e+003		2.854170e+002	2.700000e+003		
8.504170e+002	2.443000e+004		6.849170e+002	2.690000e+003		5.288670e+002	1.731111e+003		2.853670e+002	2.830000e+003		
8.494170e+002	2.315000e+004		6.848670e+002	2.580000e+003		5.288170e+002	1.613333e+003		2.853170e+002	2.870000e+003		
8.484170e+002	2.241000e+004		6.848170e+002	2.636667e+003		5.287670e+002	1.664444e+003		2.852670e+002	2.810000e+003		
8.474170e+002	2.179000e+004		6.847670e+002	2.796667e+003		5.287170e+002	1.608889e+003		2.852170e+002	2.743333e+003		
8.464170e+002	2.144000e+004		6.847170e+002	2.546667e+003		5.286670e+002	1.617778e+003		2.851670e+002	2.950000e+003		
8.454170e+002	2.165000e+004		6.846670e+002	2.576667e+003		5.286170e+002	1.602222e+003		2.851170e+002	3.036667e+003		
8.444170e+002	2.102000e+004		6.846170e+002	2.513333e+003		5.285670e+002	1.520000e+003		2.850670e+002	2.943333e+003		
8.434170e+002	2.161000e+004		6.845670e+002	2.543333e+003		5.285170e+002	1.757778e+003		2.850170e+002	2.880000e+003		
8.424170e+002	2.188000e+004		6.845170e+002	2.663333e+003		5.284670e+002	1.675556e+003		2.849670e+002	2.840000e+003		
8.414170e+002	2.253000e+004		6.844670e+002	2.550000e+003		5.284170e+002	1.602222e+003		2.849170e+002	2.976667e+003		
8.404170e+002	2.327000e+004		6.844170e+002	2.480000e+003		5.283670e+002	1.533333e+003		2.848670e+002	2.696667e+003		
8.394170e+002	2.370000e+004		6.843670e+002	2.580000e+003		5.283170e+002	1.526667e+003		2.848170e+002	2.790000e+003		
8.384170e+002	2.512000e+004		6.843170e+002	2.543333e+003		5.282670e+002	1.591111e+003		2.847670e+002	2.863333e+003		
8.374170e+002	2.835000e+004		6.842670e+002	2.453333e+003		5.282170e+002	1.628889e+003		2.847170e+002	2.980000e+003		
8.364170e+002	3.181000e+004		6.842170e+002	2.430000e+003		5.281670e+002	1.573333e+003		2.846670e+002	2.893333e+003		
8.354170e+002	3.420000e+004		6.841670e+002	2.406667e+003		5.281170e+002	1.624444e+003		2.846170e+002	2.823333e+003		
8.344170e+002	3.688000e+004		6.841170e+002	2.453333e+003		5.280670e+002	1.491111e+003		2.845670e+002	2.696667e+003		
8.334170e+002	3.980000e+004		6.840670e+002	2.336667e+003		5.280170e+002	1.524444e+003		2.845170e+002	2.733333e+003		
8.324170e+002	3.934000e+004		6.840170e+002	2.400000e+003		5.279670e+002	1.546667e+003		2.844670e+002	2.956667e+003		
8.314170e+002	3.700000e+004		6.839670e+002	2.430000e+003		5.279170e+002	1.586667e+003		2.844170e+002	2.943333e+003		
8.304170e+002	3.378000e+004		6.839170e+002	2.343333e+003		5.278670e+002	1.586667e+003		2.843670e+002	2.696667e+003		
8.294170e+002	3.118000e+004		6.838670e+002	2.390000e+003		5.278170e+002	1.486667e+003		2.843170e+002	2.566667e+003		
8.284170e+002	2.884000e+004		6.838170e+002	2.363333e+003		5.277670e+002	1.600000e+003		2.842670e+002	2.556667e+003		
8.274170e+002	2.597000e+004		6.837670e+002	2.330000e+003		5.277170e+002	1.582222e+003		2.842170e+002	2.606667e+003		
8.264170e+002	2.460000e+004		6.837170e+002	2.310000e+003		5.276670e+002	1.586667e+003		2.841670e+002	2.736667e+003		
8.254170e+002	2.259000e+004		6.836670e+002	2.346667e+003		5.276170e+002	1.604444e+003		2.841170e+002	2.536667e+003		
8.244170e+002	2.126000e+004		6.836170e+002	2.393333e+003		5.275670e+002	1.633333e+003		2.840670e+002	2.513333e+003		
8.234170e+002	2.030000e+004		6.835670e+002	2.313333e+003		5.275170e+002	1.580000e+003		2.840170e+002	2.323333e+003		
8.224170e+002	1.859000e+004		6.835170e+002	2.290000e+003		5.274670e+002	1.631111e+003		2.839670e+002	2.236667e+003		
8.214170e+002	1.822000e+004		6.834670e+002	2.416667e+003		5.274170e+002	1.588889e+003		2.839170e+002	2.100000e+003		
8.204170e+002	1.683000e+004		6.834170e+002	2.246667e+003		5.273670e+002	1.600000e+003		2.838670e+002	2.130000e+003		
8.194170e+002	1.548000e+004		6.833670e+002	2.276667e+003		5.273170e+002	1.653333e+003		2.838170e+002	2.176667e+003		
8.184170e+002	1.551000e+004		6.833170e+002	2.170000e+003		5.272670e+002	1.615556e+003		2.837670e+002	1.940000e+003		
8.174170e+002	1.488000e+004		6.832670e+002	2.240000e+003		5.272170e+002	1.620000e+003		2.837170e+002	1.890000e+003		
8.164170e+002	1.504000e+004		6.832170e+002	2.290000e+003		5.271670e+002	1.602222e+003		2.836670e+002	1.653333e+003		
8.154170e+002	1.435000e+004		6.831670e+002	2.193333e+003		5.271170e+002	1.544444e+003		2.836170e+002	1.760000e+003		
8.144170e+002	1.459000e+004		6.831170e+002	2.150000e+003		5.270670e+002	1.517778e+003		2.835670e+002	1.513333e+003		
8.134170e+002	1.435000e+004		6.830670e+002	2.300000e+003		5.270170e+002	1.624444e+003		2.835170e+002	1.443333e+003		
8.124170e+002	1.499000e+004		6.830170e+002	2.293333e+003		5.269670e+002	1.571111e+003		2.834670e+002	1.263333e+003		
8.114170e+002	1.492000e+004		6.829670e+002	2.256667e+003		5.269170e+002	1.546667e+003		2.834170e+002	1.193333e+003		
8.104170e+002	1.483000e+004		6.829170e+002	2.140000e+003		5.268670e+002	1.480000e+003		2.833670e+002	1.123333e+003		
8.094170e+002	1.443000e+004		6.828670e+002	2.343333e+003		5.268170e+002	1.553333e+003		2.833170e+002	1.160000e+003		
8.084170e+002	1.434000e+004		6.828170e+002	2.300000e+003		5.267670e+002	1.511111e+003		2.832670e+002	1.093333e+003		
8.074170e+002	1.444000e+004		6.827670e+002	2.196667e+003		5.267170e+002	1.615556e+003		2.832170e+002	9.866667e+002		
8.064170e+002	1.474000e+004		6.827170e+002	2.190000e+003		5.266670e+002	1.608889e+003		2.831670e+002	8.566667e+002		
8.054170e+002	1.476000e+004		6.826670e+002	2.356667e+003		5.266170e+002	1.571111e+003		2.831170e+002	7.800000e+002		
8.044170e+002	1.446000e+004		6.826170e+002	2.213333e+003		5.265670e+002	1.568889e+003		2.830670e+002	7.733333e+002		
8.034170e+002	1.416000e+004		6.825670e+002	2.163333e+003		5.265170e+002	1.486667e+003		2.830170e+002	7.666667e+002		
8.024170e+002	1.461000e+004		6.825170e+002	2.143333e+003		5.264670e+002	1.468889e+003		2.829670e+002	6.366667e+002		
8.014170e+002	1.483000e+004		6.824670e+002	2.276667e+003		5.264170e+002	1.531111e+003		2.829170e+002	6.466667e+002		
8.004170e+002	1.460000e+004		6.824170e+002	2.206667e+003		5.263670e+002	1.595556e+003		2.828670e+002	5.966667e+002		
7.994170e+002	1.417000e+004		6.823670e+002	2.210000e+003		5.263170e+002	1.573333e+003		2.828170e+002	6.066667e+002		
7.984170e+002	1.451000e+004		6.823170e+002	2.096667e+003		5.262670e+002	1.591111e+003		2.827670e+002	5.266667e+002		
7.974170e+002	1.463000e+004		6.822670e+002	2.170000e+003		5.262170e+002	1.620000e+003		2.827170e+002	5.500000e+002		
7.964170e+002	1.490000e+004		6.822170e+002	2.086667e+003		5.261670e+002	1.602222e+003		2.826670e+002	6.000000e+002		
7.954170e+002	1.465000e+004		6.821670e+002	2.220000e+003		5.261170e+002	1.646667e+003		2.826170e+002	5.233333e+002		
7.944170e+002	1.433000e+004		6.821170e+002	2.166667e+003		5.260670e+002	1.620000e+003		2.825670e+002	4.933333e+002		
7.934170e+002	1.476000e+004		6.820670e+002	2.120000e+003		5.260170e+002	1.584444e+003		2.825170e+002	4.333333e+002		
7.924170e+002	1.487000e+004		6.820170e+002	2.090000e+003		5.259670e+002	1.482222e+003		2.824670e+002	4.533333e+002		
7.914170e+002	1.454000e+004		6.819670e+002	2.096667e+003		5.259170e+002	1.528889e+003		2.824170e+002	4.133333e+002		
7.904170e+002	1.456000e+004		6.819170e+002	2.170000e+003		5.258670e+002	1.646667e+003		2.823670e+002	4.266667e+002		
7.894170e+002	1.449000e+004		6.818670e+002	2.070000e+003		5.258170e+002	1.571111e+003		2.823170e+002	4.633333e+002		
7.884170e+002	1.472000e+004		6.818170e+002	2.053333e+003		5.257670e+002	1.664444e+003		2.822670e+002	4.233333e+002		
7.874170e+002	1.459000e+004		6.817670e+002	2.226667e+003		5.257170e+002	1.620000e+003		2.822170e+002	4.133333e+002		
7.864170e+002	1.416000e+004		6.817170e+002	2.093333e+003		5.256670e+002	1.548889e+003		2.821670e+002	3.666667e+002		
7.854170e+002	1.466000e+004		6.816670e+002	2.146667e+003		5.256170e+002	1.748889e+003		2.821170e+002	3.633333e+002		
7.844170e+002	1.463000e+004		6.816170e+002	2.190000e+003		5.255670e+002	1.600000e+003		2.820670e+002	3.866667e+002		
7.834170e+002	1.459000e+004		6.815670e+002	2.186667e+003		5.255170e+002	1.626667e+003		2.820170e+002	3.766667e+002		
7.824170e+002	1.448000e+004		6.815170e+002	2.166667e+003		5.254670e+002	1.533333e+003		2.819670e+002	3.633333e+002		
7.814170e+002	1.429000e+004		6.814670e+002	2.096667e+003		5.254170e+002	1.588889e+003		2.819170e+002	3.866667e+002		
7.804170e+002	1.467000e+004		6.814170e+002	2.116667e+003		5.253670e+002	1.562222e+003		2.818670e+002	3.400000e+002		
7.794170e+002	1.440000e+004		6.813670e+002	2.073333e+003		5.253170e+002	1.517778e+003		2.818170e+002	4.000000e+002		
7.784170e+002	1.420000e+004		6.813170e+002	2.090000e+003		5.252670e+002	1.573333e+003		2.817670e+002	4.233333e+002		
7.774170e+002	1.493000e+004		6.812670e+002	2.113333e+003		5.252170e+002	1.504444e+003		2.817170e+002	4.000000e+002		
7.764170e+002	1.474000e+004		6.812170e+002	1.986667e+003		5.251670e+002	1.535556e+003		2.816670e+002	3.200000e+002		
7.754170e+002	1.464000e+004		6.811670e+002	2.223333e+003		5.251170e+002	1.568889e+003		2.816170e+002	3.833333e+002		
7.744170e+002	1.494000e+004		6.811170e+002	2.093333e+003		5.250670e+002	1.562222e+003		2.815670e+002	4.166667e+002		
7.734170e+002	1.453000e+004		6.810670e+002	2.260000e+003		5.250170e+002	1.462222e+003		2.815170e+002	3.266667e+002		
7.724170e+002	1.480000e+004		6.810170e+002	2.140000e+003		5.249670e+002	1.546667e+003		2.814670e+002	3.466667e+002		
7.714170e+002	1.470000e+004		6.809670e+002	2.080000e+003		5.249170e+002	1.582222e+003		2.814170e+002	4.266667e+002		
7.704170e+002	1.476000e+004		6.809170e+002	2.240000e+003		5.248670e+002	1.506667e+003		2.813670e+002	4.000000e+002		
7.694170e+002	1.464000e+004		6.808670e+002	2.196667e+003		5.248170e+002	1.528889e+003		2.813170e+002	3.466667e+002		
7.684170e+002	1.475000e+004		6.808170e+002	2.066667e+003		5.247670e+002	1.562222e+003		2.812670e+002	3.666667e+002		
7.674170e+002	1.461000e+004		6.807670e+002	2.216667e+003		5.247170e+002	1.535556e+003		2.812170e+002	3.666667e+002		
7.664170e+002	1.442000e+004		6.807170e+002	2.016667e+003		5.246670e+002	1.557778e+003		2.811670e+002	3.600000e+002		
7.654170e+002	1.529000e+004		6.806670e+002	2.113333e+003		5.246170e+002	1.564444e+003		2.811170e+002	3.000000e+002		
7.644170e+002	1.466000e+004		6.806170e+002	2.096667e+003		5.245670e+002	1.557778e+003		2.810670e+002	3.833333e+002		
7.634170e+002	1.498000e+004		6.805670e+002	2.036667e+003		5.245170e+002	1.588889e+003		2.810170e+002	3.833333e+002		
7.624170e+002	1.542000e+004		6.805170e+002	2.033333e+003		5.244670e+002	1.540000e+003		2.809670e+002	3.466667e+002		
7.614170e+002	1.545000e+004		6.804670e+002	2.116667e+003		5.244170e+002	1.475556e+003		2.809170e+002	3.566667e+002		
7.604170e+002	1.448000e+004		6.804170e+002	2.053333e+003		5.243670e+002	1.584444e+003		2.808670e+002	3.600000e+002		
7.594170e+002	1.434000e+004		6.803670e+002	2.056667e+003		5.243170e+002	1.508889e+003		2.808170e+002	3.933333e+002		
7.584170e+002	1.506000e+004		6.803170e+002	2.150000e+003		5.242670e+002	1.424444e+003		2.807670e+002	4.000000e+002		
7.574170e+002	1.474000e+004		6.802670e+002	2.200000e+003		5.242170e+002	1.391111e+003		2.807170e+002	4.166667e+002		
7.564170e+002	1.494000e+004		6.802170e+002	2.103333e+003		5.241670e+002	1.575556e+003		2.806670e+002	3.866667e+002		
7.554170e+002	1.521000e+004		6.801670e+002	2.180000e+003		5.241170e+002	1.535556e+003		2.806170e+002	4.033333e+002		
7.544170e+002	1.530000e+004		6.801170e+002	2.166667e+003		5.240670e+002	1.566667e+003		2.805670e+002	3.800000e+002		
7.534170e+002	1.500000e+004		6.800670e+002	2.186667e+003		5.240170e+002	1.597778e+003		2.805170e+002	3.366667e+002		
7.524170e+002	1.483000e+004		6.800170e+002	2.160000e+003		5.239670e+002	1.562222e+003		2.804670e+002	3.266667e+002		
7.514170e+002	1.515000e+004		6.799670e+002	2.173333e+003		5.239170e+002	1.411111e+003		2.804170e+002	4.033333e+002		
7.504170e+002	1.525000e+004		6.799170e+002	1.996667e+003		5.238670e+002	1.557778e+003		2.803670e+002	3.866667e+002		
7.494170e+002	1.508000e+004		6.798670e+002	2.103333e+003		5.238170e+002	1.528889e+003		2.803170e+002	3.066667e+002		
7.484170e+002	1.539000e+004		6.798170e+002	2.203333e+003		5.237670e+002	1.446667e+003		2.802670e+002	3.033333e+002		
7.474170e+002	1.551000e+004		6.797670e+002	2.170000e+003		5.237170e+002	1.597778e+003		2.802170e+002	3.566667e+002		
7.464170e+002	1.516000e+004		6.797170e+002	2.040000e+003		5.236670e+002	1.580000e+003		2.801670e+002	3.500000e+002		
7.454170e+002	1.530000e+004		6.796670e+002	2.056667e+003		5.236170e+002	1.566667e+003		2.801170e+002	4.133333e+002		
7.444170e+002	1.519000e+004		6.796170e+002	1.986667e+003		5.235670e+002	1.673333e+003		2.800670e+002	3.333333e+002		
7.434170e+002	1.538000e+004		6.795670e+002	2.203333e+003		5.235170e+002	1.551111e+003		2.800170e+002	3.533333e+002		
7.424170e+002	1.503000e+004		6.795170e+002	2.056667e+003		5.234670e+002	1.597778e+003		2.799670e+002	4.166667e+002		
7.414170e+002	1.476000e+004		6.794670e+002	1.983333e+003		5.234170e+002	1.524444e+003		2.799170e+002	3.166667e+002		
7.404170e+002	1.492000e+004		6.794170e+002	2.010000e+003					2.798670e+002	3.033333e+002		
7.394170e+002	1.476000e+004		6.793670e+002	2.056667e+003					2.798170e+002	3.266667e+002		
7.384170e+002	1.436000e+004		6.793170e+002	2.206667e+003					2.797670e+002	3.400000e+002		
7.374170e+002	1.489000e+004		6.792670e+002	2.156667e+003					2.797170e+002	3.533333e+002		
7.364170e+002	1.480000e+004		6.792170e+002	2.060000e+003					2.796670e+002	3.500000e+002		
7.354170e+002	1.488000e+004		6.791670e+002	2.070000e+003					2.796170e+002	3.466667e+002		
7.344170e+002	1.498000e+004		6.791170e+002	2.113333e+003					2.795670e+002	3.733333e+002		
7.334170e+002	1.474000e+004		6.790670e+002	2.086667e+003					2.795170e+002	3.533333e+002		
7.324170e+002	1.485000e+004		6.790170e+002	2.030000e+003					2.794670e+002	3.600000e+002		
7.314170e+002	1.466000e+004		6.789670e+002	2.056667e+003					2.794170e+002	3.600000e+002		
7.304170e+002	1.456000e+004		6.789170e+002	2.176667e+003					2.793670e+002	3.000000e+002		
7.294170e+002	1.453000e+004		6.788670e+002	2.143333e+003					2.793170e+002	3.033333e+002		
7.284170e+002	1.465000e+004		6.788170e+002	2.103333e+003					2.792670e+002	3.333333e+002		
7.274170e+002	1.489000e+004		6.787670e+002	2.213333e+003					2.792170e+002	3.733333e+002		
7.264170e+002	1.540000e+004		6.787170e+002	2.236667e+003					2.791670e+002	3.700000e+002		
7.254170e+002	1.559000e+004		6.786670e+002	2.133333e+003					2.791170e+002	3.300000e+002		
7.244170e+002	1.524000e+004		6.786170e+002	2.070000e+003					2.790670e+002	3.800000e+002		
7.234170e+002	1.578000e+004		6.785670e+002	2.146667e+003					2.790170e+002	3.266667e+002		
7.224170e+002	1.662000e+004		6.785170e+002	2.050000e+003					2.789670e+002	3.833333e+002		
7.214170e+002	1.670000e+004		6.784670e+002	2.163333e+003					2.789170e+002	3.566667e+002		
7.204170e+002	1.657000e+004		6.784170e+002	2.166667e+003					2.788670e+002	3.033333e+002		
7.194170e+002	1.617000e+004		6.783670e+002	2.093333e+003					2.788170e+002	3.100000e+002		
7.184170e+002	1.617000e+004		6.783170e+002	2.076667e+003					2.787670e+002	3.433333e+002		
7.174170e+002	1.590000e+004		6.782670e+002	2.053333e+003					2.787170e+002	3.300000e+002		
7.164170e+002	1.613000e+004		6.782170e+002	2.033333e+003					2.786670e+002	3.200000e+002		
7.154170e+002	1.592000e+004		6.781670e+002	2.080000e+003					2.786170e+002	2.900000e+002		
7.144170e+002	1.580000e+004		6.781170e+002	2.090000e+003					2.785670e+002	2.966667e+002		
7.134170e+002	1.576000e+004		6.780670e+002	2.030000e+003					2.785170e+002	3.700000e+002		
7.124170e+002	1.587000e+004		6.780170e+002	2.173333e+003					2.784670e+002	3.500000e+002		
7.114170e+002	1.545000e+004		6.779670e+002	1.920000e+003					2.784170e+002	3.233333e+002		
7.104170e+002	1.508000e+004		6.779170e+002	2.050000e+003					2.783670e+002	3.466667e+002		
7.094170e+002	1.487000e+004		6.778670e+002	2.046667e+003					2.783170e+002	3.200000e+002		
7.084170e+002	1.469000e+004		6.778170e+002	2.033333e+003					2.782670e+002	3.866667e+002		
7.074170e+002	1.432000e+004		6.777670e+002	1.993333e+003					2.782170e+002	3.133333e+002		
7.064170e+002	1.393000e+004		6.777170e+002	1.943333e+003					2.781670e+002	3.500000e+002		
7.054170e+002	1.288000e+004		6.776670e+002	2.043333e+003					2.781170e+002	3.033333e+002		
7.044170e+002	1.226000e+004		6.776170e+002	2.066667e+003					2.780670e+002	3.600000e+002		
7.034170e+002	1.194000e+004		6.775670e+002	2.160000e+003					2.780170e+002	3.166667e+002		
7.024170e+002	1.100000e+004		6.775170e+002	2.040000e+003					2.779670e+002	3.600000e+002		
7.014170e+002	1.083000e+004		6.774670e+002	2.093333e+003					2.779170e+002	3.333333e+002		
7.004170e+002	1.072000e+004		6.774170e+002	2.143333e+003					2.778670e+002	3.866667e+002		
6.994170e+002	1.005000e+004		6.773670e+002	2.140000e+003					2.778170e+002	3.266667e+002		
6.984170e+002	9.040000e+003								2.777670e+002	4.066667e+002		
6.974170e+002	8.190000e+003								2.777170e+002	3.466667e+002		
6.964170e+002	8.240000e+003								2.776670e+002	3.533333e+002		
6.954170e+002	7.390000e+003								2.776170e+002	3.233333e+002		
6.944170e+002	7.330000e+003								2.775670e+002	3.533333e+002		
6.934170e+002	8.220000e+003								2.775170e+002	3.600000e+002		
6.924170e+002	9.570000e+003								2.774670e+002	3.633333e+002		
6.914170e+002	1.360000e+004								2.774170e+002	3.066667e+002		
6.904170e+002	2.583000e+004								2.773670e+002	3.333333e+002		
6.894170e+002	5.701000e+004								2.773170e+002	3.866667e+002		
6.884170e+002	1.016700e+005								2.772670e+002	4.100000e+002		
6.874170e+002	9.401000e+004								2.772170e+002	3.733333e+002		
6.864170e+002	3.754000e+004								2.771670e+002	3.066667e+002		
6.854170e+002	1.146000e+004								2.771170e+002	4.066667e+002		
6.844170e+002	7.060000e+003								2.770670e+002	3.433333e+002		
6.834170e+002	6.420000e+003								2.770170e+002	3.500000e+002		
6.824170e+002	5.630000e+003								2.769670e+002	3.500000e+002		
6.814170e+002	5.730000e+003								2.769170e+002	3.833333e+002		
6.804170e+002	5.780000e+003								2.768670e+002	3.500000e+002		
6.794170e+002	5.300000e+003								2.768170e+002	2.700000e+002		
6.784170e+002	5.410000e+003								2.767670e+002	2.733333e+002		
6.774170e+002	5.210000e+003								2.767170e+002	3.700000e+002		
6.764170e+002	5.250000e+003								2.766670e+002	3.600000e+002		
6.754170e+002	5.630000e+003								2.766170e+002	4.000000e+002		
6.744170e+002	5.510000e+003								2.765670e+002	3.566667e+002		
6.734170e+002	5.440000e+003								2.765170e+002	3.566667e+002		
6.724170e+002	5.550000e+003								2.764670e+002	3.466667e+002		
6.714170e+002	5.440000e+003								2.764170e+002	4.066667e+002		
6.704170e+002	5.580000e+003								2.763670e+002	3.466667e+002		
6.694170e+002	5.320000e+003								2.763170e+002	3.733333e+002		
6.684170e+002	4.990000e+003								2.762670e+002	3.733333e+002		
6.674170e+002	5.400000e+003								2.762170e+002	3.333333e+002		
6.664170e+002	5.610000e+003								2.761670e+002	3.933333e+002		
6.654170e+002	5.360000e+003								2.761170e+002	3.000000e+002		
6.644170e+002	5.500000e+003								2.760670e+002	2.966667e+002		
6.634170e+002	5.320000e+003								2.760170e+002	3.000000e+002		
6.624170e+002	5.130000e+003								2.759670e+002	3.433333e+002		
6.614170e+002	5.260000e+003								2.759170e+002	3.466667e+002		
6.604170e+002	5.510000e+003								2.758670e+002	3.633333e+002		
6.594170e+002	5.410000e+003								2.758170e+002	3.933333e+002		
6.584170e+002	5.570000e+003								2.757670e+002	3.266667e+002		
6.574170e+002	5.000000e+003								2.757170e+002	3.766667e+002		
6.564170e+002	5.330000e+003								2.756670e+002	3.200000e+002		
6.554170e+002	5.060000e+003								2.756170e+002	3.533333e+002		
6.544170e+002	5.180000e+003								2.755670e+002	2.966667e+002		
6.534170e+002	5.510000e+003								2.755170e+002	3.533333e+002		
6.524170e+002	5.480000e+003								2.754670e+002	3.600000e+002		
6.514170e+002	5.370000e+003								2.754170e+002	3.633333e+002		
6.504170e+002	5.850000e+003								2.753670e+002	3.666667e+002		
6.494170e+002	5.700000e+003								2.753170e+002	2.933333e+002		
6.484170e+002	5.320000e+003								2.752670e+002	3.433333e+002		
6.474170e+002	5.650000e+003								2.752170e+002	3.333333e+002		
6.464170e+002	5.770000e+003								2.751670e+002	3.666667e+002		
6.454170e+002	5.570000e+003								2.751170e+002	3.433333e+002		
6.444170e+002	5.900000e+003								2.750670e+002	3.466667e+002		
6.434170e+002	5.500000e+003								2.750170e+002	3.033333e+002		
6.424170e+002	5.610000e+003								2.749670e+002	3.300000e+002		
6.414170e+002	5.590000e+003								2.749170e+002	3.233333e+002		
6.404170e+002	5.700000e+003											
6.394170e+002	5.690000e+003											
6.384170e+002	5.460000e+003											
6.374170e+002	5.380000e+003											
6.364170e+002	5.480000e+003											
6.354170e+002	5.780000e+003											
6.344170e+002	5.900000e+003											
6.334170e+002	5.400000e+003											
6.324170e+002	5.250000e+003											
6.314170e+002	5.400000e+003											
6.304170e+002	5.770000e+003											
6.294170e+002	5.430000e+003											
6.284170e+002	5.500000e+003											
6.274170e+002	5.680000e+003											
6.264170e+002	5.380000e+003											
6.254170e+002	5.760000e+003											
6.244170e+002	5.510000e+003											
6.234170e+002	5.910000e+003											
6.224170e+002	5.450000e+003											
6.214170e+002	5.660000e+003											
6.204170e+002	5.600000e+003											
6.194170e+002	5.530000e+003											
6.184170e+002	5.290000e+003											
6.174170e+002	5.710000e+003											
6.164170e+002	5.400000e+003											
6.154170e+002	5.490000e+003											
6.144170e+002	5.710000e+003											
6.134170e+002	5.770000e+003											
6.124170e+002	5.350000e+003											
6.114170e+002	5.300000e+003											
6.104170e+002	5.450000e+003											
6.094170e+002	5.350000e+003											
6.084170e+002	5.460000e+003											
6.074170e+002	5.860000e+003											
6.064170e+002	5.420000e+003											
6.054170e+002	5.490000e+003											
6.044170e+002	5.890000e+003											
6.034170e+002	5.550000e+003											
6.024170e+002	5.560000e+003											
6.014170e+002	6.240000e+003											
6.004170e+002	5.670000e+003											
5.994170e+002	5.770000e+003											
5.984170e+002	6.000000e+003											
5.974170e+002	6.150000e+003											
5.964170e+002	6.010000e+003											
5.954170e+002	5.710000e+003											
5.944170e+002	5.740000e+003											
5.934170e+002	6.060000e+003											
5.924170e+002	6.080000e+003											
5.914170e+002	5.480000e+003											
5.904170e+002	5.700000e+003											
5.894170e+002	5.870000e+003											
5.884170e+002	5.700000e+003											
5.874170e+002	5.640000e+003											
5.864170e+002	5.890000e+003											
5.854170e+002	5.660000e+003											
5.844170e+002	5.750000e+003											
5.834170e+002	5.990000e+003											
5.824170e+002	5.560000e+003											
5.814170e+002	5.760000e+003											
5.804170e+002	6.260000e+003											
5.794170e+002	5.930000e+003											
5.784170e+002	5.850000e+003											
5.774170e+002	5.690000e+003											
5.764170e+002	5.580000e+003											
5.754170e+002	5.870000e+003											
5.744170e+002	5.940000e+003											
5.734170e+002	5.960000e+003											
5.724170e+002	5.820000e+003											
5.714170e+002	5.860000e+003											
5.704170e+002	5.880000e+003											
5.694170e+002	5.240000e+003											
5.684170e+002	5.720000e+003											
5.674170e+002	5.910000e+003											
5.664170e+002	6.130000e+003											
5.654170e+002	6.480000e+003											
5.644170e+002	6.310000e+003											
5.634170e+002	6.110000e+003											
5.624170e+002	6.150000e+003											
5.614170e+002	5.890000e+003											
5.604170e+002	5.820000e+003											
5.594170e+002	6.130000e+003											
5.584170e+002	6.430000e+003											
5.574170e+002	6.270000e+003											
5.564170e+002	6.140000e+003											
5.554170e+002	6.600000e+003											
5.544170e+002	6.380000e+003											
5.534170e+002	6.310000e+003											
5.524170e+002	5.810000e+003											
5.514170e+002	5.740000e+003											
5.504170e+002	5.740000e+003											
5.494170e+002	5.870000e+003											
5.484170e+002	5.600000e+003											
5.474170e+002	5.480000e+003											
5.464170e+002	5.240000e+003											
5.454170e+002	5.330000e+003											
5.444170e+002	5.140000e+003											
5.434170e+002	4.810000e+003											
5.424170e+002	4.930000e+003											
5.414170e+002	4.700000e+003											
5.404170e+002	4.740000e+003											
5.394170e+002	4.800000e+003											
5.384170e+002	5.100000e+003											
5.374170e+002	5.080000e+003											
5.364170e+002	5.430000e+003											
5.354170e+002	6.140000e+003											
5.344170e+002	9.180000e+003											
5.334170e+002	1.334000e+004											
5.324170e+002	1.654000e+004											
5.314170e+002	1.341000e+004											
5.304170e+002	8.180000e+003											
5.294170e+002	5.260000e+003											
5.284170e+002	4.280000e+003											
5.274170e+002	4.340000e+003											
5.264170e+002	4.240000e+003											
5.254170e+002	4.370000e+003											
5.244170e+002	4.260000e+003											
5.234170e+002	3.830000e+003											
5.224170e+002	3.890000e+003											
5.214170e+002	4.160000e+003											
5.204170e+002	4.270000e+003											
5.194170e+002	4.150000e+003											
5.184170e+002	4.360000e+003											
5.174170e+002	4.290000e+003											
5.164170e+002	4.110000e+003											
5.154170e+002	4.250000e+003											
5.144170e+002	3.730000e+003											
5.134170e+002	4.300000e+003											
5.124170e+002	4.240000e+003											
5.114170e+002	3.970000e+003											
5.104170e+002	4.080000e+003											
5.094170e+002	4.100000e+003											
5.084170e+002	4.570000e+003											
5.074170e+002	4.330000e+003											
5.064170e+002	4.180000e+003											
5.054170e+002	4.080000e+003											
5.044170e+002	4.210000e+003											
5.034170e+002	4.120000e+003											
5.024170e+002	4.590000e+003											
5.014170e+002	4.230000e+003											
5.004170e+002	4.200000e+003											
4.994170e+002	4.280000e+003											
4.984170e+002	4.470000e+003											
4.974170e+002	4.230000e+003											
4.964170e+002	4.170000e+003											
4.954170e+002	4.380000e+003											
4.944170e+002	4.490000e+003											
4.934170e+002	4.040000e+003											
4.924170e+002	4.020000e+003											
4.914170e+002	4.320000e+003											
4.904170e+002	4.380000e+003											
4.894170e+002	4.180000e+003											
4.884170e+002	4.170000e+003											
4.874170e+002	4.500000e+003											
4.864170e+002	4.640000e+003											
4.854170e+002	4.280000e+003											
4.844170e+002	4.330000e+003											
4.834170e+002	4.570000e+003											
4.824170e+002	4.270000e+003											
4.814170e+002	4.260000e+003											
4.804170e+002	4.680000e+003											
4.794170e+002	4.660000e+003											
4.784170e+002	4.230000e+003											
4.774170e+002	4.340000e+003											
4.764170e+002	4.380000e+003											
4.754170e+002	4.440000e+003											
4.744170e+002	4.410000e+003											
4.734170e+002	4.480000e+003											
4.724170e+002	4.490000e+003											
4.714170e+002	4.590000e+003											
4.704170e+002	4.460000e+003											
4.694170e+002	4.330000e+003											
4.684170e+002	4.760000e+003											
4.674170e+002	4.520000e+003											
4.664170e+002	4.520000e+003											
4.654170e+002	4.630000e+003											
4.644170e+002	4.530000e+003											
4.634170e+002	4.510000e+003											
4.624170e+002	4.710000e+003											
4.614170e+002	4.660000e+003											
4.604170e+002	4.540000e+003											
4.594170e+002	4.420000e+003											
4.584170e+002	4.440000e+003											
4.574170e+002	4.610000e+003											
4.564170e+002	4.310000e+003											
4.554170e+002	4.140000e+003											
4.544170e+002	4.690000e+003											
4.534170e+002	4.210000e+003											
4.524170e+002	4.470000e+003											
4.514170e+002	4.460000e+003											
4.504170e+002	4.100000e+003											
4.494170e+002	4.470000e+003											
4.484170e+002	4.390000e+003											
4.474170e+002	4.370000e+003											
4.464170e+002	4.570000e+003											
4.454170e+002	4.520000e+003											
4.444170e+002	4.470000e+003											
4.434170e+002	4.430000e+003											
4.424170e+002	4.220000e+003											
4.414170e+002	4.370000e+003											
4.404170e+002	4.620000e+003											
4.394170e+002	4.740000e+003											
4.384170e+002	4.530000e+003											
4.374170e+002	4.470000e+003											
4.364170e+002	4.640000e+003											
4.354170e+002	4.830000e+003											
4.344170e+002	5.110000e+003											
4.334170e+002	4.410000e+003											
4.324170e+002	4.090000e+003											
4.314170e+002	4.410000e+003											
4.304170e+002	4.770000e+003											
4.294170e+002	4.610000e+003											
4.284170e+002	4.660000e+003											
4.274170e+002	4.750000e+003											
4.264170e+002	4.660000e+003											
4.254170e+002	4.460000e+003											
4.244170e+002	4.640000e+003											
4.234170e+002	4.440000e+003											
4.224170e+002	4.400000e+003											
4.214170e+002	5.080000e+003											
4.204170e+002	4.670000e+003											
4.194170e+002	4.720000e+003											
4.184170e+002	4.600000e+003											
4.174170e+002	5.180000e+003											
4.164170e+002	4.810000e+003											
4.154170e+002	4.730000e+003											
4.144170e+002	4.770000e+003											
4.134170e+002	4.750000e+003											
4.124170e+002	4.500000e+003											
4.114170e+002	4.590000e+003											
4.104170e+002	4.620000e+003											
4.094170e+002	4.800000e+003											
4.084170e+002	4.810000e+003											
4.074170e+002	4.920000e+003											
4.064170e+002	4.560000e+003											
4.054170e+002	4.860000e+003											
4.044170e+002	4.890000e+003											
4.034170e+002	5.150000e+003											
4.024170e+002	5.320000e+003											
4.014170e+002	4.980000e+003											
4.004170e+002	4.950000e+003											
3.994170e+002	4.900000e+003											
3.984170e+002	4.750000e+003											
3.974170e+002	4.870000e+003											
3.964170e+002	5.160000e+003											
3.954170e+002	4.580000e+003											
3.944170e+002	4.530000e+003											
3.934170e+002	4.760000e+003											
3.924170e+002	4.510000e+003											
3.914170e+002	4.960000e+003											
3.904170e+002	4.870000e+003											
3.894170e+002	5.030000e+003											
3.884170e+002	4.660000e+003											
3.874170e+002	4.640000e+003											
3.864170e+002	4.410000e+003											
3.854170e+002	4.970000e+003											
3.844170e+002	4.910000e+003											
3.834170e+002	4.740000e+003											
3.824170e+002	4.880000e+003											
3.814170e+002	4.970000e+003											
3.804170e+002	4.600000e+003											
3.794170e+002	4.650000e+003											
3.784170e+002	4.610000e+003											
3.774170e+002	4.840000e+003											
3.764170e+002	4.640000e+003											
3.754170e+002	4.780000e+003											
3.744170e+002	4.990000e+003											
3.734170e+002	4.630000e+003											
3.724170e+002	4.890000e+003											
3.714170e+002	5.290000e+003											
3.704170e+002	5.150000e+003											
3.694170e+002	5.110000e+003											
3.684170e+002	5.350000e+003											
3.674170e+002	5.340000e+003											
3.664170e+002	4.860000e+003											
3.654170e+002	4.650000e+003											
3.644170e+002	4.690000e+003											
3.634170e+002	4.820000e+003											
3.624170e+002	4.890000e+003											
3.614170e+002	5.140000e+003											
3.604170e+002	5.250000e+003											
3.594170e+002	5.380000e+003											
3.584170e+002	5.120000e+003											
3.574170e+002	5.070000e+003											
3.564170e+002	4.970000e+003											
3.554170e+002	4.610000e+003											
3.544170e+002	4.950000e+003											
3.534170e+002	5.090000e+003											
3.524170e+002	5.190000e+003											
3.514170e+002	5.360000e+003											
3.504170e+002	5.190000e+003											
3.494170e+002	5.300000e+003											
3.484170e+002	5.060000e+003											
3.474170e+002	4.660000e+003											
3.464170e+002	4.880000e+003											
3.454170e+002	4.700000e+003											
3.444170e+002	5.010000e+003											
3.434170e+002	5.360000e+003											
3.424170e+002	5.360000e+003											
3.414170e+002	5.090000e+003											
3.404170e+002	5.270000e+003											
3.394170e+002	5.070000e+003											
3.384170e+002	5.040000e+003											
3.374170e+002	5.060000e+003											
3.364170e+002	5.020000e+003											
3.354170e+002	5.190000e+003											
3.344170e+002	5.200000e+003											
3.334170e+002	5.130000e+003											
3.324170e+002	5.120000e+003											
3.314170e+002	5.190000e+003											
3.304170e+002	5.370000e+003											
3.294170e+002	5.130000e+003											
3.284170e+002	5.160000e+003											
3.274170e+002	5.300000e+003											
3.264170e+002	5.840000e+003											
3.254170e+002	5.470000e+003											
3.244170e+002	5.400000e+003											
3.234170e+002	5.460000e+003											
3.224170e+002	5.990000e+003											
3.214170e+002	5.970000e+003											
3.204170e+002	5.650000e+003											
3.194170e+002	5.670000e+003											
3.184170e+002	5.750000e+003											
3.174170e+002	5.890000e+003											
3.164170e+002	5.620000e+003											
3.154170e+002	5.970000e+003											
3.144170e+002	5.670000e+003											
3.134170e+002	5.730000e+003											
3.124170e+002	5.460000e+003											
3.114170e+002	5.470000e+003											
3.104170e+002	5.310000e+003											
3.094170e+002	5.100000e+003											
3.084170e+002	4.760000e+003											
3.074170e+002	5.010000e+003											
3.064170e+002	4.450000e+003											
3.054170e+002	4.490000e+003											
3.044170e+002	4.240000e+003											
3.034170e+002	4.090000e+003											
3.024170e+002	3.950000e+003											
3.014170e+002	3.790000e+003											
3.004170e+002	3.400000e+003											
2.994170e+002	3.170000e+003											
2.984170e+002	2.840000e+003											
2.974170e+002	2.340000e+003											
2.964170e+002	2.460000e+003											
2.954170e+002	2.370000e+003											
2.944170e+002	2.290000e+003											
2.934170e+002	2.930000e+003											
2.924170e+002	4.480000e+003											
2.914170e+002	8.490000e+003											
2.904170e+002	1.606000e+004											
2.894170e+002	2.850000e+004											
2.884170e+002	2.405000e+004											
2.874170e+002	1.101000e+004											
2.864170e+002	9.160000e+003											
2.854170e+002	8.560000e+003											
2.844170e+002	7.680000e+003											
2.834170e+002	4.870000e+003											
2.824170e+002	1.980000e+003											
2.814170e+002	1.210000e+003											
2.804170e+002	1.060000e+003											
2.794170e+002	1.110000e+003											
2.784170e+002	8.500000e+002											
2.774170e+002	9.600000e+002											
2.764170e+002	1.040000e+003											
2.754170e+002	1.120000e+003											
2.744170e+002	9.100000e+002											
2.734170e+002	9.800000e+002											
2.724170e+002	1.020000e+003											
2.714170e+002	1.130000e+003											
2.704170e+002	9.800000e+002											
2.694170e+002	1.000000e+003											
2.684170e+002	8.500000e+002											
2.674170e+002	9.600000e+002											
2.664170e+002	8.400000e+002											
2.654170e+002	8.600000e+002											
2.644170e+002	7.800000e+002											
2.634170e+002	9.400000e+002											
2.624170e+002	1.080000e+003											
2.614170e+002	9.000000e+002											
2.604170e+002	1.040000e+003											
2.594170e+002	9.700000e+002											
2.584170e+002	8.100000e+002											
2.574170e+002	9.100000e+002											
2.564170e+002	9.200000e+002											
2.554170e+002	8.100000e+002											
2.544170e+002	9.600000e+002											
2.534170e+002	1.160000e+003											
2.524170e+002	9.600000e+002											
2.514170e+002	8.300000e+002											
2.504170e+002	8.600000e+002											
2.494170e+002	1.050000e+003											
2.484170e+002	9.900000e+002											
2.474170e+002	8.500000e+002											
2.464170e+002	7.200000e+002											
2.454170e+002	7.800000e+002											
2.444170e+002	9.000000e+002											
2.434170e+002	9.600000e+002											
2.424170e+002	8.900000e+002											
2.414170e+002	1.010000e+003											
2.404170e+002	9.100000e+002											
2.394170e+002	6.900000e+002											
2.384170e+002	8.900000e+002											
2.374170e+002	9.400000e+002											
2.364170e+002	9.100000e+002											
2.354170e+002	9.300000e+002											
2.344170e+002	1.040000e+003											
2.334170e+002	1.130000e+003											
2.324170e+002	1.140000e+003											
2.314170e+002	1.030000e+003											
2.304170e+002	1.000000e+003											
2.294170e+002	9.900000e+002											
2.284170e+002	1.020000e+003											
2.274170e+002	8.600000e+002											
2.264170e+002	7.600000e+002											
2.254170e+002	1.180000e+003											
2.244170e+002	1.070000e+003											
2.234170e+002	9.700000e+002											
2.224170e+002	1.010000e+003											
2.214170e+002	9.700000e+002											
2.204170e+002	7.800000e+002											
2.194170e+002	8.800000e+002											
2.184170e+002	8.500000e+002											
2.174170e+002	9.400000e+002											
2.164170e+002	7.800000e+002											
2.154170e+002	9.900000e+002											
2.144170e+002	1.090000e+003											
2.134170e+002	1.050000e+003											
2.124170e+002	8.200000e+002											
2.114170e+002	8.200000e+002											
2.104170e+002	1.040000e+003											
2.094170e+002	9.500000e+002											
2.084170e+002	8.100000e+002											
2.074170e+002	9.500000e+002											
2.064170e+002	7.700000e+002											
2.054170e+002	8.400000e+002											
2.044170e+002	9.500000e+002											
2.034170e+002	9.400000e+002											
2.024170e+002	9.000000e+002											
2.014170e+002	9.800000e+002											
2.004170e+002	1.060000e+003											
1.994170e+002	9.300000e+002											
1.984170e+002	1.150000e+003											
1.974170e+002	9.300000e+002											
1.964170e+002	9.500000e+002											
1.954170e+002	1.020000e+003											
1.944170e+002	1.110000e+003											
1.934170e+002	9.100000e+002											
1.924170e+002	9.800000e+002											
1.914170e+002	8.900000e+002											
1.904170e+002	8.500000e+002											
1.894170e+002	9.300000e+002											
1.884170e+002	1.000000e+003											
1.874170e+002	9.600000e+002											
1.864170e+002	1.090000e+003											
1.854170e+002	1.140000e+003											
1.844170e+002	7.200000e+002											
1.834170e+002	7.900000e+002											
1.824170e+002	7.800000e+002											
1.814170e+002	1.050000e+003											
1.804170e+002	9.700000e+002											
1.794170e+002	8.400000e+002											
1.784170e+002	9.400000e+002											
1.774170e+002	9.200000e+002											
1.764170e+002	9.500000e+002											
1.754170e+002	9.300000e+002											
1.744170e+002	9.700000e+002											
1.734170e+002	9.700000e+002											
1.724170e+002	9.400000e+002											
1.714170e+002	1.050000e+003											
1.704170e+002	1.160000e+003											
1.694170e+002	1.230000e+003											
1.684170e+002	1.260000e+003											
1.674170e+002	1.310000e+003											
1.664170e+002	9.200000e+002											
1.654170e+002	9.200000e+002											
1.644170e+002	1.020000e+003											
1.634170e+002	9.100000e+002											
1.624170e+002	9.200000e+002											
1.614170e+002	8.500000e+002											
1.604170e+002	9.600000e+002											
1.594170e+002	8.600000e+002											
1.584170e+002	1.050000e+003											
1.574170e+002	1.010000e+003											
1.564170e+002	8.900000e+002											
1.554170e+002	7.200000e+002											
1.544170e+002	8.200000e+002											
1.534170e+002	8.500000e+002											
1.524170e+002	1.040000e+003											
1.514170e+002	8.800000e+002											
1.504170e+002	7.800000e+002											
1.494170e+002	8.300000e+002											
1.484170e+002	9.100000e+002											
1.474170e+002	1.010000e+003											
1.464170e+002	9.400000e+002											
1.454170e+002	1.020000e+003											
1.444170e+002	9.500000e+002											
1.434170e+002	8.300000e+002											
1.424170e+002	8.500000e+002											
1.414170e+002	8.900000e+002											
1.404170e+002	9.500000e+002											
1.394170e+002	9.200000e+002											
1.384170e+002	1.010000e+003											
1.374170e+002	9.700000e+002											
1.364170e+002	9.600000e+002											
1.354170e+002	8.900000e+002											
1.344170e+002	1.000000e+003											
1.334170e+002	9.100000e+002											
1.324170e+002	8.300000e+002											
1.314170e+002	9.600000e+002											
1.304170e+002	8.800000e+002											
1.294170e+002	8.200000e+002											
1.284170e+002	9.000000e+002											
1.274170e+002	8.900000e+002											
1.264170e+002	9.100000e+002											
1.254170e+002	8.400000e+002											
1.244170e+002	1.040000e+003											
1.234170e+002	9.500000e+002											
1.224170e+002	7.400000e+002											
1.214170e+002	7.400000e+002											
1.204170e+002	8.800000e+002											
1.194170e+002	9.200000e+002											
1.184170e+002	1.090000e+003											
1.174170e+002	9.700000e+002											
1.164170e+002	9.700000e+002											
1.154170e+002	1.110000e+003											
1.144170e+002	9.400000e+002											
1.134170e+002	1.040000e+003											
1.124170e+002	1.000000e+003											
1.114170e+002	1.010000e+003											
1.104170e+002	1.090000e+003											
1.094170e+002	1.070000e+003											
1.084170e+002	1.110000e+003											
1.074170e+002	1.090000e+003											
1.064170e+002	1.210000e+003											
1.054170e+002	8.800000e+002											
1.044170e+002	9.900000e+002											
1.034170e+002	1.080000e+003											
1.024170e+002	1.140000e+003											
1.014170e+002	1.180000e+003											
1.004170e+002	1.190000e+003											
9.941700e+001	1.050000e+003											
9.841700e+001	8.300000e+002											
9.741700e+001	1.060000e+003											
9.641700e+001	9.100000e+002											
9.541700e+001	9.200000e+002											
9.441700e+001	9.000000e+002											
9.341700e+001	1.010000e+003											
9.241700e+001	1.070000e+003											
9.141700e+001	1.060000e+003											
9.041700e+001	1.070000e+003											
8.941700e+001	9.800000e+002											
8.841700e+001	1.030000e+003											
8.741700e+001	1.070000e+003											
8.641700e+001	8.600000e+002											
8.541700e+001	9.700000e+002											
8.441700e+001	1.040000e+003											
8.341700e+001	1.120000e+003											
8.241700e+001	1.080000e+003											
8.141700e+001	1.060000e+003											
8.041700e+001	1.140000e+003											
7.941700e+001	8.800000e+002											
7.841700e+001	1.000000e+003											
7.741700e+001	9.300000e+002											
7.641700e+001	9.600000e+002											
7.541700e+001	1.000000e+003											
7.441700e+001	9.000000e+002											
7.341700e+001	1.090000e+003											
7.241700e+001	1.060000e+003											
7.141700e+001	9.700000e+002											
7.041700e+001	1.100000e+003											
6.941700e+001	1.170000e+003											
6.841700e+001	1.190000e+003											
6.741700e+001	1.270000e+003											
6.641700e+001	1.120000e+003											
6.541700e+001	1.240000e+003											
6.441700e+001	1.260000e+003											
6.341700e+001	1.170000e+003											
6.241700e+001	1.060000e+003											
6.141700e+001	1.240000e+003											
6.041700e+001	1.170000e+003											
5.941700e+001	1.020000e+003											
5.841700e+001	1.070000e+003											
5.741700e+001	1.140000e+003											
5.641700e+001	1.150000e+003											
5.541700e+001	1.110000e+003											
5.441700e+001	1.160000e+003											
5.341700e+001	1.010000e+003											
5.241700e+001	1.060000e+003											
5.141700e+001	9.300000e+002											
5.041700e+001	9.100000e+002											
4.941700e+001	1.070000e+003											
4.841700e+001	9.600000e+002											
4.741700e+001	9.100000e+002											
4.641700e+001	8.700000e+002											
4.541700e+001	9.400000e+002											
4.441700e+001	8.100000e+002											
4.341700e+001	8.700000e+002											
4.241700e+001	7.000000e+002											
4.141700e+001	7.900000e+002											
4.041700e+001	9.100000e+002											
3.941700e+001	7.800000e+002											
3.841700e+001	9.100000e+002											
3.741700e+001	1.100000e+003											
3.641700e+001	1.830000e+003											
3.541700e+001	2.610000e+003											
3.441700e+001	3.450000e+003											
3.341700e+001	3.850000e+003											
3.241700e+001	3.440000e+003											
3.141700e+001	2.240000e+003											
3.041700e+001	1.510000e+003											
2.941700e+001	1.220000e+003											
2.841700e+001	1.060000e+003											
2.741700e+001	8.400000e+002											
2.641700e+001	7.600000e+002											
2.541700e+001	6.100000e+002											
2.441700e+001	7.200000e+002											
2.341700e+001	7.300000e+002											
2.241700e+001	6.800000e+002											
2.141700e+001	6.700000e+002											
2.041700e+001	8.100000e+002											
1.941700e+001	8.300000e+002											
1.841700e+001	8.300000e+002											
1.741700e+001	6.800000e+002											
1.641700e+001	7.400000e+002											
1.541700e+001	9.100000e+002											
1.441700e+001	1.120000e+003											
1.341700e+001	1.060000e+003											
1.241700e+001	1.020000e+003											
1.141700e+001	9.800000e+002											
1.041700e+001	1.080000e+003											
9.417000e+000	1.330000e+003											
8.417000e+000	8.300000e+002											
7.417000e+000	4.700000e+002											
6.417000e+000	4.500000e+002											
5.417000e+000	2.400000e+002											
4.417000e+000	2.100000e+002											
3.417000e+000	9.000000e+001											
2.417000e+000	4.000000e+001											
1.417000e+000	4.000000e+001											