B.E.	wide/2:CPS		B.E.	F 1s/5:CPS		B.E.	O 1s/6:CPS		B.E.	C 1s/7:CPS		
1.101716e+003	2.027000e+004		6.977660e+002	3.133333e+003		5.417160e+002	1.875556e+003		2.982160e+002	1.183333e+003		
1.100716e+003	1.975000e+004		6.977160e+002	2.923333e+003		5.416660e+002	1.986667e+003		2.981660e+002	1.250000e+003		
1.099716e+003	1.956000e+004		6.976660e+002	2.900000e+003		5.416160e+002	1.897778e+003		2.981160e+002	1.086667e+003		
1.098716e+003	1.971000e+004		6.976160e+002	2.986667e+003		5.415660e+002	1.906667e+003		2.980660e+002	1.050000e+003		
1.097716e+003	2.051000e+004		6.975660e+002	3.056667e+003		5.415160e+002	1.948889e+003		2.980160e+002	1.070000e+003		
1.096716e+003	2.135000e+004		6.975160e+002	2.960000e+003		5.414660e+002	1.897778e+003		2.979660e+002	1.090000e+003		
1.095716e+003	2.111000e+004		6.974660e+002	2.986667e+003		5.414160e+002	1.911111e+003		2.979160e+002	1.126667e+003		
1.094716e+003	2.032000e+004		6.974160e+002	3.010000e+003		5.413660e+002	1.986667e+003		2.978660e+002	1.133333e+003		
1.093716e+003	2.005000e+004		6.973660e+002	3.036667e+003		5.413160e+002	1.960000e+003		2.978160e+002	1.033333e+003		
1.092716e+003	2.086000e+004		6.973160e+002	2.973333e+003		5.412660e+002	1.940000e+003		2.977660e+002	1.120000e+003		
1.091716e+003	2.122000e+004		6.972660e+002	2.986667e+003		5.412160e+002	1.913333e+003		2.977160e+002	1.173333e+003		
1.090716e+003	2.058000e+004		6.972160e+002	2.926667e+003		5.411660e+002	1.942222e+003		2.976660e+002	1.146667e+003		
1.089716e+003	2.045000e+004		6.971660e+002	3.133333e+003		5.411160e+002	1.855556e+003		2.976160e+002	1.126667e+003		
1.088716e+003	2.027000e+004		6.971160e+002	2.886667e+003		5.410660e+002	1.960000e+003		2.975660e+002	1.163333e+003		
1.087716e+003	2.107000e+004		6.970660e+002	2.926667e+003		5.410160e+002	1.900000e+003		2.975160e+002	1.116667e+003		
1.086716e+003	2.042000e+004		6.970160e+002	2.920000e+003		5.409660e+002	1.864444e+003		2.974660e+002	1.076667e+003		
1.085716e+003	2.000000e+004		6.969660e+002	2.780000e+003		5.409160e+002	1.915556e+003		2.974160e+002	1.030000e+003		
1.084716e+003	2.027000e+004		6.969160e+002	2.716667e+003		5.408660e+002	1.995556e+003		2.973660e+002	1.140000e+003		
1.083716e+003	1.977000e+004		6.968660e+002	2.723333e+003		5.408160e+002	2.022222e+003		2.973160e+002	1.113333e+003		
1.082716e+003	2.077000e+004		6.968160e+002	2.730000e+003		5.407660e+002	1.893333e+003		2.972660e+002	1.146667e+003		
1.081716e+003	2.014000e+004		6.967660e+002	2.646667e+003		5.407160e+002	1.795556e+003		2.972160e+002	1.170000e+003		
1.080716e+003	2.028000e+004		6.967160e+002	2.693333e+003		5.406660e+002	1.873333e+003		2.971660e+002	9.800000e+002		
1.079716e+003	1.965000e+004		6.966660e+002	2.813333e+003		5.406160e+002	1.882222e+003		2.971160e+002	1.093333e+003		
1.078716e+003	1.977000e+004		6.966160e+002	2.836667e+003		5.405660e+002	1.915556e+003		2.970660e+002	1.146667e+003		
1.077716e+003	2.052000e+004		6.965660e+002	2.850000e+003		5.405160e+002	1.808889e+003		2.970160e+002	1.133333e+003		
1.076716e+003	2.049000e+004		6.965160e+002	2.846667e+003		5.404660e+002	1.908889e+003		2.969660e+002	1.123333e+003		
1.075716e+003	2.053000e+004		6.964660e+002	2.730000e+003		5.404160e+002	1.946667e+003		2.969160e+002	1.150000e+003		
1.074716e+003	2.057000e+004		6.964160e+002	2.800000e+003		5.403660e+002	1.826667e+003		2.968660e+002	1.060000e+003		
1.073716e+003	2.029000e+004		6.963660e+002	2.753333e+003		5.403160e+002	1.897778e+003		2.968160e+002	1.183333e+003		
1.072716e+003	2.090000e+004		6.963160e+002	2.676667e+003		5.402660e+002	1.920000e+003		2.967660e+002	1.106667e+003		
1.071716e+003	2.107000e+004		6.962660e+002	2.720000e+003		5.402160e+002	1.957778e+003		2.967160e+002	1.076667e+003		
1.070716e+003	2.040000e+004		6.962160e+002	2.733333e+003		5.401660e+002	1.906667e+003		2.966660e+002	1.100000e+003		
1.069716e+003	2.048000e+004		6.961660e+002	2.640000e+003		5.401160e+002	1.860000e+003		2.966160e+002	1.103333e+003		
1.068716e+003	2.097000e+004		6.961160e+002	2.723333e+003		5.400660e+002	1.835556e+003		2.965660e+002	9.866667e+002		
1.067716e+003	2.017000e+004		6.960660e+002	2.720000e+003		5.400160e+002	1.804444e+003		2.965160e+002	1.023333e+003		
1.066716e+003	2.057000e+004		6.960160e+002	2.740000e+003		5.399660e+002	1.904444e+003		2.964660e+002	9.433333e+002		
1.065716e+003	2.067000e+004		6.959660e+002	2.770000e+003		5.399160e+002	1.882222e+003		2.964160e+002	1.020000e+003		
1.064716e+003	2.128000e+004		6.959160e+002	2.800000e+003		5.398660e+002	1.940000e+003		2.963660e+002	1.000000e+003		
1.063716e+003	2.044000e+004		6.958660e+002	2.850000e+003		5.398160e+002	1.726667e+003		2.963160e+002	1.070000e+003		
1.062716e+003	2.066000e+004		6.958160e+002	2.736667e+003		5.397660e+002	1.873333e+003		2.962660e+002	1.060000e+003		
1.061716e+003	2.108000e+004		6.957660e+002	2.650000e+003		5.397160e+002	1.924444e+003		2.962160e+002	1.033333e+003		
1.060716e+003	2.085000e+004		6.957160e+002	2.673333e+003		5.396660e+002	1.835556e+003		2.961660e+002	9.600000e+002		
1.059716e+003	2.086000e+004		6.956660e+002	2.716667e+003		5.396160e+002	1.731111e+003		2.961160e+002	1.056667e+003		
1.058716e+003	2.091000e+004		6.956160e+002	2.750000e+003		5.395660e+002	1.864444e+003		2.960660e+002	1.043333e+003		
1.057716e+003	2.086000e+004		6.955660e+002	2.686667e+003		5.395160e+002	1.853333e+003		2.960160e+002	1.150000e+003		
1.056716e+003	2.137000e+004		6.955160e+002	2.666667e+003		5.394660e+002	1.833333e+003		2.959660e+002	9.833333e+002		
1.055716e+003	2.170000e+004		6.954660e+002	2.780000e+003		5.394160e+002	1.833333e+003		2.959160e+002	1.096667e+003		
1.054716e+003	2.143000e+004		6.954160e+002	2.660000e+003		5.393660e+002	1.817778e+003		2.958660e+002	1.053333e+003		
1.053716e+003	2.110000e+004		6.953660e+002	2.746667e+003		5.393160e+002	1.833333e+003		2.958160e+002	1.110000e+003		
1.052716e+003	2.075000e+004		6.953160e+002	2.693333e+003		5.392660e+002	1.826667e+003		2.957660e+002	1.070000e+003		
1.051716e+003	2.120000e+004		6.952660e+002	2.713333e+003		5.392160e+002	1.842222e+003		2.957160e+002	9.966667e+002		
1.050716e+003	2.102000e+004		6.952160e+002	2.720000e+003		5.391660e+002	1.877778e+003		2.956660e+002	1.053333e+003		
1.049716e+003	2.081000e+004		6.951660e+002	2.723333e+003		5.391160e+002	1.815556e+003		2.956160e+002	9.566667e+002		
1.048716e+003	2.126000e+004		6.951160e+002	2.716667e+003		5.390660e+002	1.940000e+003		2.955660e+002	9.766667e+002		
1.047716e+003	2.112000e+004		6.950660e+002	2.650000e+003		5.390160e+002	1.817778e+003		2.955160e+002	1.010000e+003		
1.046716e+003	2.106000e+004		6.950160e+002	2.776667e+003		5.389660e+002	1.811111e+003		2.954660e+002	1.056667e+003		
1.045716e+003	2.183000e+004		6.949660e+002	2.650000e+003		5.389160e+002	1.753333e+003		2.954160e+002	1.023333e+003		
1.044716e+003	2.108000e+004		6.949160e+002	2.740000e+003		5.388660e+002	1.831111e+003		2.953660e+002	1.096667e+003		
1.043716e+003	2.077000e+004		6.948660e+002	2.660000e+003		5.388160e+002	1.868889e+003		2.953160e+002	1.043333e+003		
1.042716e+003	2.126000e+004		6.948160e+002	2.653333e+003		5.387660e+002	1.888889e+003		2.952660e+002	1.000000e+003		
1.041716e+003	2.124000e+004		6.947660e+002	2.606667e+003		5.387160e+002	1.864444e+003		2.952160e+002	1.033333e+003		
1.040716e+003	2.139000e+004		6.947160e+002	2.803333e+003		5.386660e+002	1.962222e+003		2.951660e+002	1.026667e+003		
1.039716e+003	2.169000e+004		6.946660e+002	2.673333e+003		5.386160e+002	1.957778e+003		2.951160e+002	1.043333e+003		
1.038716e+003	2.158000e+004		6.946160e+002	2.753333e+003		5.385660e+002	1.800000e+003		2.950660e+002	1.013333e+003		
1.037716e+003	2.126000e+004		6.945660e+002	2.796667e+003		5.385160e+002	1.853333e+003		2.950160e+002	1.013333e+003		
1.036716e+003	2.092000e+004		6.945160e+002	2.876667e+003		5.384660e+002	1.780000e+003		2.949660e+002	1.060000e+003		
1.035716e+003	2.173000e+004		6.944660e+002	2.663333e+003		5.384160e+002	1.904444e+003		2.949160e+002	1.113333e+003		
1.034716e+003	2.138000e+004		6.944160e+002	2.516667e+003		5.383660e+002	1.862222e+003		2.948660e+002	9.166667e+002		
1.033716e+003	2.085000e+004		6.943660e+002	2.766667e+003		5.383160e+002	1.926667e+003		2.948160e+002	9.733333e+002		
1.032716e+003	2.096000e+004		6.943160e+002	2.720000e+003		5.382660e+002	1.828889e+003		2.947660e+002	9.966667e+002		
1.031716e+003	2.118000e+004		6.942660e+002	2.690000e+003		5.382160e+002	1.873333e+003		2.947160e+002	1.033333e+003		
1.030716e+003	2.162000e+004		6.942160e+002	2.813333e+003		5.381660e+002	1.882222e+003		2.946660e+002	1.093333e+003		
1.029716e+003	2.172000e+004		6.941660e+002	2.910000e+003		5.381160e+002	1.775556e+003		2.946160e+002	9.633333e+002		
1.028716e+003	2.149000e+004		6.941160e+002	2.786667e+003		5.380660e+002	1.840000e+003		2.945660e+002	9.366667e+002		
1.027716e+003	2.159000e+004		6.940660e+002	2.660000e+003		5.380160e+002	1.866667e+003		2.945160e+002	1.043333e+003		
1.026716e+003	2.188000e+004		6.940160e+002	2.806667e+003		5.379660e+002	1.917778e+003		2.944660e+002	1.130000e+003		
1.025716e+003	2.257000e+004		6.939660e+002	2.680000e+003		5.379160e+002	1.953333e+003		2.944160e+002	1.040000e+003		
1.024716e+003	2.189000e+004		6.939160e+002	2.743333e+003		5.378660e+002	2.002222e+003		2.943660e+002	1.076667e+003		
1.023716e+003	2.175000e+004		6.938660e+002	2.810000e+003		5.378160e+002	1.953333e+003		2.943160e+002	1.043333e+003		
1.022716e+003	2.202000e+004		6.938160e+002	2.720000e+003		5.377660e+002	1.980000e+003		2.942660e+002	1.026667e+003		
1.021716e+003	2.213000e+004		6.937660e+002	2.720000e+003		5.377160e+002	1.897778e+003		2.942160e+002	1.043333e+003		
1.020716e+003	2.160000e+004		6.937160e+002	2.713333e+003		5.376660e+002	1.920000e+003		2.941660e+002	1.013333e+003		
1.019716e+003	2.163000e+004		6.936660e+002	2.696667e+003		5.376160e+002	1.784444e+003		2.941160e+002	1.063333e+003		
1.018716e+003	2.215000e+004		6.936160e+002	2.653333e+003		5.375660e+002	1.831111e+003		2.940660e+002	1.123333e+003		
1.017716e+003	2.204000e+004		6.935660e+002	2.720000e+003		5.375160e+002	1.900000e+003		2.940160e+002	1.160000e+003		
1.016716e+003	2.244000e+004		6.935160e+002	2.786667e+003		5.374660e+002	1.862222e+003		2.939660e+002	1.063333e+003		
1.015716e+003	2.230000e+004		6.934660e+002	2.586667e+003		5.374160e+002	1.900000e+003		2.939160e+002	1.090000e+003		
1.014716e+003	2.173000e+004		6.934160e+002	2.683333e+003		5.373660e+002	1.924444e+003		2.938660e+002	1.030000e+003		
1.013716e+003	2.200000e+004		6.933660e+002	2.763333e+003		5.373160e+002	1.895556e+003		2.938160e+002	1.066667e+003		
1.012716e+003	2.234000e+004		6.933160e+002	2.746667e+003		5.372660e+002	1.911111e+003		2.937660e+002	1.123333e+003		
1.011716e+003	2.238000e+004		6.932660e+002	2.670000e+003		5.372160e+002	1.962222e+003		2.937160e+002	1.026667e+003		
1.010716e+003	2.248000e+004		6.932160e+002	2.823333e+003		5.371660e+002	1.966667e+003		2.936660e+002	1.216667e+003		
1.009716e+003	2.175000e+004		6.931660e+002	2.813333e+003		5.371160e+002	1.975556e+003		2.936160e+002	1.056667e+003		
1.008716e+003	2.215000e+004		6.931160e+002	2.756667e+003		5.370660e+002	1.968889e+003		2.935660e+002	1.073333e+003		
1.007716e+003	2.190000e+004		6.930660e+002	2.836667e+003		5.370160e+002	1.926667e+003		2.935160e+002	1.056667e+003		
1.006716e+003	2.176000e+004		6.930160e+002	2.660000e+003		5.369660e+002	1.920000e+003		2.934660e+002	1.066667e+003		
1.005716e+003	2.311000e+004		6.929660e+002	2.680000e+003		5.369160e+002	1.866667e+003		2.934160e+002	1.100000e+003		
1.004716e+003	2.332000e+004		6.929160e+002	2.656667e+003		5.368660e+002	1.877778e+003		2.933660e+002	1.136667e+003		
1.003716e+003	2.290000e+004		6.928660e+002	2.736667e+003		5.368160e+002	1.911111e+003		2.933160e+002	1.103333e+003		
1.002716e+003	2.250000e+004		6.928160e+002	2.833333e+003		5.367660e+002	2.044444e+003		2.932660e+002	1.106667e+003		
1.001716e+003	2.233000e+004		6.927660e+002	2.803333e+003		5.367160e+002	1.913333e+003		2.932160e+002	9.933333e+002		
1.000716e+003	2.265000e+004		6.927160e+002	2.696667e+003		5.366660e+002	1.913333e+003		2.931660e+002	1.133333e+003		
9.997160e+002	2.288000e+004		6.926660e+002	2.930000e+003		5.366160e+002	1.951111e+003		2.931160e+002	1.053333e+003		
9.987160e+002	2.283000e+004		6.926160e+002	2.690000e+003		5.365660e+002	1.997778e+003		2.930660e+002	1.196667e+003		
9.977160e+002	2.291000e+004		6.925660e+002	2.850000e+003		5.365160e+002	1.933333e+003		2.930160e+002	1.233333e+003		
9.967160e+002	2.276000e+004		6.925160e+002	2.830000e+003		5.364660e+002	1.957778e+003		2.929660e+002	1.126667e+003		
9.957160e+002	2.242000e+004		6.924660e+002	2.776667e+003		5.364160e+002	2.000000e+003		2.929160e+002	1.113333e+003		
9.947160e+002	2.280000e+004		6.924160e+002	2.960000e+003		5.363660e+002	2.093333e+003		2.928660e+002	1.190000e+003		
9.937160e+002	2.292000e+004		6.923660e+002	2.866667e+003		5.363160e+002	1.995556e+003		2.928160e+002	1.116667e+003		
9.927160e+002	2.235000e+004		6.923160e+002	2.826667e+003		5.362660e+002	2.040000e+003		2.927660e+002	1.213333e+003		
9.917160e+002	2.211000e+004		6.922660e+002	2.743333e+003		5.362160e+002	1.962222e+003		2.927160e+002	1.263333e+003		
9.907160e+002	2.151000e+004		6.922160e+002	2.886667e+003		5.361660e+002	2.073333e+003		2.926660e+002	1.310000e+003		
9.897160e+002	2.223000e+004		6.921660e+002	2.800000e+003		5.361160e+002	2.048889e+003		2.926160e+002	1.280000e+003		
9.887160e+002	2.141000e+004		6.921160e+002	2.893333e+003		5.360660e+002	2.004444e+003		2.925660e+002	1.270000e+003		
9.877160e+002	2.154000e+004		6.920660e+002	2.946667e+003		5.360160e+002	2.028889e+003		2.925160e+002	1.423333e+003		
9.867160e+002	2.191000e+004		6.920160e+002	2.986667e+003		5.359660e+002	1.975556e+003		2.924660e+002	1.280000e+003		
9.857160e+002	2.242000e+004		6.919660e+002	3.053333e+003		5.359160e+002	2.031111e+003		2.924160e+002	1.423333e+003		
9.847160e+002	2.190000e+004		6.919160e+002	2.950000e+003		5.358660e+002	2.093333e+003		2.923660e+002	1.460000e+003		
9.837160e+002	2.230000e+004		6.918660e+002	3.086667e+003		5.358160e+002	2.195556e+003		2.923160e+002	1.530000e+003		
9.827160e+002	2.290000e+004		6.918160e+002	3.076667e+003		5.357660e+002	2.208889e+003		2.922660e+002	1.500000e+003		
9.817160e+002	2.299000e+004		6.917660e+002	3.113333e+003		5.357160e+002	2.073333e+003		2.922160e+002	1.546667e+003		
9.807160e+002	2.312000e+004		6.917160e+002	3.110000e+003		5.356660e+002	2.235556e+003		2.921660e+002	1.673333e+003		
9.797160e+002	2.271000e+004		6.916660e+002	3.093333e+003		5.356160e+002	2.271111e+003		2.921160e+002	1.590000e+003		
9.787160e+002	2.357000e+004		6.916160e+002	3.113333e+003		5.355660e+002	2.235556e+003		2.920660e+002	1.723333e+003		
9.777160e+002	2.347000e+004		6.915660e+002	3.263333e+003		5.355160e+002	2.115556e+003		2.920160e+002	1.733333e+003		
9.767160e+002	2.368000e+004		6.915160e+002	3.230000e+003		5.354660e+002	2.197778e+003		2.919660e+002	1.800000e+003		
9.757160e+002	2.398000e+004		6.914660e+002	3.343333e+003		5.354160e+002	2.262222e+003		2.919160e+002	1.850000e+003		
9.747160e+002	2.385000e+004		6.914160e+002	3.236667e+003		5.353660e+002	2.346667e+003		2.918660e+002	1.923333e+003		
9.737160e+002	2.293000e+004		6.913660e+002	3.396667e+003		5.353160e+002	2.257778e+003		2.918160e+002	1.983333e+003		
9.727160e+002	2.327000e+004		6.913160e+002	3.403333e+003		5.352660e+002	2.462222e+003		2.917660e+002	1.973333e+003		
9.717160e+002	2.297000e+004		6.912660e+002	3.320000e+003		5.352160e+002	2.451111e+003		2.917160e+002	2.140000e+003		
9.707160e+002	2.251000e+004		6.912160e+002	3.456667e+003		5.351660e+002	2.322222e+003		2.916660e+002	2.113333e+003		
9.697160e+002	2.158000e+004		6.911660e+002	3.286667e+003		5.351160e+002	2.444444e+003		2.916160e+002	2.133333e+003		
9.687160e+002	2.184000e+004		6.911160e+002	3.416667e+003		5.350660e+002	2.480000e+003		2.915660e+002	2.163333e+003		
9.677160e+002	2.099000e+004		6.910660e+002	3.630000e+003		5.350160e+002	2.588889e+003		2.915160e+002	2.273333e+003		
9.667160e+002	2.130000e+004		6.910160e+002	3.800000e+003		5.349660e+002	2.557778e+003		2.914660e+002	2.320000e+003		
9.657160e+002	2.098000e+004		6.909660e+002	3.820000e+003		5.349160e+002	2.511111e+003		2.914160e+002	2.270000e+003		
9.647160e+002	2.089000e+004		6.909160e+002	4.066667e+003		5.348660e+002	2.555556e+003		2.913660e+002	2.370000e+003		
9.637160e+002	2.158000e+004		6.908660e+002	3.900000e+003		5.348160e+002	2.615556e+003		2.913160e+002	2.463333e+003		
9.627160e+002	2.115000e+004		6.908160e+002	4.056667e+003		5.347660e+002	2.735556e+003		2.912660e+002	2.426667e+003		
9.617160e+002	2.054000e+004		6.907660e+002	4.236667e+003		5.347160e+002	2.900000e+003		2.912160e+002	2.520000e+003		
9.607160e+002	2.031000e+004		6.907160e+002	4.466667e+003		5.346660e+002	2.864444e+003		2.911660e+002	2.603333e+003		
9.597160e+002	2.085000e+004		6.906660e+002	4.393333e+003		5.346160e+002	2.957778e+003		2.911160e+002	2.656667e+003		
9.587160e+002	2.028000e+004		6.906160e+002	4.583333e+003		5.345660e+002	3.013333e+003		2.910660e+002	2.613333e+003		
9.577160e+002	2.080000e+004		6.905660e+002	4.970000e+003		5.345160e+002	3.102222e+003		2.910160e+002	2.756667e+003		
9.567160e+002	2.086000e+004		6.905160e+002	4.993333e+003		5.344660e+002	3.115556e+003		2.909660e+002	2.833333e+003		
9.557160e+002	2.061000e+004		6.904660e+002	5.243333e+003		5.344160e+002	3.208889e+003		2.909160e+002	3.043333e+003		
9.547160e+002	2.038000e+004		6.904160e+002	5.430000e+003		5.343660e+002	3.357778e+003		2.908660e+002	3.283333e+003		
9.537160e+002	2.073000e+004		6.903660e+002	5.586667e+003		5.343160e+002	3.328889e+003		2.908160e+002	3.283333e+003		
9.527160e+002	2.102000e+004		6.903160e+002	6.023333e+003		5.342660e+002	3.551111e+003		2.907660e+002	3.243333e+003		
9.517160e+002	2.094000e+004		6.902660e+002	6.220000e+003		5.342160e+002	3.655556e+003		2.907160e+002	3.546667e+003		
9.507160e+002	2.119000e+004		6.902160e+002	6.370000e+003		5.341660e+002	3.748889e+003		2.906660e+002	3.670000e+003		
9.497160e+002	2.097000e+004		6.901660e+002	6.646667e+003		5.341160e+002	3.982222e+003		2.906160e+002	3.710000e+003		
9.487160e+002	2.105000e+004		6.901160e+002	7.143333e+003		5.340660e+002	3.855556e+003		2.905660e+002	3.860000e+003		
9.477160e+002	2.046000e+004		6.900660e+002	7.383333e+003		5.340160e+002	3.955556e+003		2.905160e+002	4.223333e+003		
9.467160e+002	2.042000e+004		6.900160e+002	7.910000e+003		5.339660e+002	4.166667e+003		2.904660e+002	4.256667e+003		
9.457160e+002	2.064000e+004		6.899660e+002	8.506667e+003		5.339160e+002	4.257778e+003		2.904160e+002	4.270000e+003		
9.447160e+002	2.015000e+004		6.899160e+002	8.893333e+003		5.338660e+002	4.500000e+003		2.903660e+002	4.740000e+003		
9.437160e+002	2.122000e+004		6.898660e+002	9.250000e+003		5.338160e+002	4.431111e+003		2.903160e+002	5.113333e+003		
9.427160e+002	2.130000e+004		6.898160e+002	9.830000e+003		5.337660e+002	4.400000e+003		2.902660e+002	5.436667e+003		
9.417160e+002	2.138000e+004		6.897660e+002	1.052333e+004		5.337160e+002	4.702222e+003		2.902160e+002	5.816667e+003		
9.407160e+002	2.114000e+004		6.897160e+002	1.077333e+004		5.336660e+002	4.802222e+003		2.901660e+002	6.020000e+003		
9.397160e+002	2.162000e+004		6.896660e+002	1.151333e+004		5.336160e+002	4.957778e+003		2.901160e+002	6.786667e+003		
9.387160e+002	2.055000e+004		6.896160e+002	1.251667e+004		5.335660e+002	5.133333e+003		2.900660e+002	7.230000e+003		
9.377160e+002	2.085000e+004		6.895660e+002	1.262667e+004		5.335160e+002	5.293333e+003		2.900160e+002	7.490000e+003		
9.367160e+002	2.055000e+004		6.895160e+002	1.368333e+004		5.334660e+002	5.431111e+003		2.899660e+002	7.883333e+003		
9.357160e+002	2.027000e+004		6.894660e+002	1.450667e+004		5.334160e+002	5.820000e+003		2.899160e+002	8.380000e+003		
9.347160e+002	2.063000e+004		6.894160e+002	1.549333e+004		5.333660e+002	5.797778e+003		2.898660e+002	8.600000e+003		
9.337160e+002	2.077000e+004		6.893660e+002	1.620000e+004		5.333160e+002	5.915556e+003		2.898160e+002	8.910000e+003		
9.327160e+002	2.074000e+004		6.893160e+002	1.681000e+004		5.332660e+002	5.788889e+003		2.897660e+002	9.036667e+003		
9.317160e+002	2.073000e+004		6.892660e+002	1.761333e+004		5.332160e+002	5.971111e+003		2.897160e+002	9.406667e+003		
9.307160e+002	2.124000e+004		6.892160e+002	1.876333e+004		5.331660e+002	6.042222e+003		2.896660e+002	9.733333e+003		
9.297160e+002	2.124000e+004		6.891660e+002	1.976333e+004		5.331160e+002	6.217778e+003		2.896160e+002	1.015333e+004		
9.287160e+002	2.098000e+004		6.891160e+002	2.093667e+004		5.330660e+002	6.308889e+003		2.895660e+002	1.025667e+004		
9.277160e+002	2.135000e+004		6.890660e+002	2.177667e+004		5.330160e+002	6.626667e+003		2.895160e+002	1.021333e+004		
9.267160e+002	2.076000e+004		6.890160e+002	2.276667e+004		5.329660e+002	6.528889e+003		2.894660e+002	1.040667e+004		
9.257160e+002	2.076000e+004		6.889660e+002	2.398667e+004		5.329160e+002	6.460000e+003		2.894160e+002	1.038000e+004		
9.247160e+002	2.041000e+004		6.889160e+002	2.524667e+004		5.328660e+002	6.797778e+003		2.893660e+002	1.026000e+004		
9.237160e+002	2.098000e+004		6.888660e+002	2.579000e+004		5.328160e+002	6.942222e+003		2.893160e+002	1.009000e+004		
9.227160e+002	2.064000e+004		6.888160e+002	2.649000e+004		5.327660e+002	6.862222e+003		2.892660e+002	1.000333e+004		
9.217160e+002	2.078000e+004		6.887660e+002	2.809000e+004		5.327160e+002	6.937778e+003		2.892160e+002	9.730000e+003		
9.207160e+002	2.086000e+004		6.887160e+002	2.906667e+004		5.326660e+002	7.184444e+003		2.891660e+002	9.206667e+003		
9.197160e+002	2.072000e+004		6.886660e+002	2.960333e+004		5.326160e+002	7.211111e+003		2.891160e+002	9.116667e+003		
9.187160e+002	2.094000e+004		6.886160e+002	3.034333e+004		5.325660e+002	6.975556e+003		2.890660e+002	8.536667e+003		
9.177160e+002	2.105000e+004		6.885660e+002	3.125667e+004		5.325160e+002	7.208889e+003		2.890160e+002	7.900000e+003		
9.167160e+002	2.106000e+004		6.885160e+002	3.148333e+004		5.324660e+002	7.262222e+003		2.889660e+002	7.466667e+003		
9.157160e+002	2.094000e+004		6.884660e+002	3.184667e+004		5.324160e+002	7.353333e+003		2.889160e+002	7.306667e+003		
9.147160e+002	2.143000e+004		6.884160e+002	3.205000e+004		5.323660e+002	7.511111e+003		2.888660e+002	7.003333e+003		
9.137160e+002	2.142000e+004		6.883660e+002	3.299667e+004		5.323160e+002	7.755556e+003		2.888160e+002	6.426667e+003		
9.127160e+002	2.102000e+004		6.883160e+002	3.300667e+004		5.322660e+002	7.851111e+003		2.887660e+002	6.023333e+003		
9.117160e+002	2.111000e+004		6.882660e+002	3.230667e+004		5.322160e+002	7.926667e+003		2.887160e+002	5.546667e+003		
9.107160e+002	2.154000e+004		6.882160e+002	3.236667e+004		5.321660e+002	7.802222e+003		2.886660e+002	5.400000e+003		
9.097160e+002	2.159000e+004		6.881660e+002	3.238667e+004		5.321160e+002	7.933333e+003		2.886160e+002	4.973333e+003		
9.087160e+002	2.109000e+004		6.881160e+002	3.232667e+004		5.320660e+002	7.848889e+003		2.885660e+002	4.720000e+003		
9.077160e+002	2.084000e+004		6.880660e+002	3.153333e+004		5.320160e+002	7.946667e+003		2.885160e+002	4.493333e+003		
9.067160e+002	2.121000e+004		6.880160e+002	3.098333e+004		5.319660e+002	7.875556e+003		2.884660e+002	4.143333e+003		
9.057160e+002	2.111000e+004		6.879660e+002	2.989000e+004		5.319160e+002	8.062222e+003		2.884160e+002	3.933333e+003		
9.047160e+002	2.140000e+004		6.879160e+002	2.966000e+004		5.318660e+002	7.731111e+003		2.883660e+002	3.613333e+003		
9.037160e+002	2.130000e+004		6.878660e+002	2.879000e+004		5.318160e+002	7.755556e+003		2.883160e+002	3.576667e+003		
9.027160e+002	2.110000e+004		6.878160e+002	2.762667e+004		5.317660e+002	7.924444e+003		2.882660e+002	3.253333e+003		
9.017160e+002	2.112000e+004		6.877660e+002	2.704333e+004		5.317160e+002	7.871111e+003		2.882160e+002	3.073333e+003		
9.007160e+002	2.166000e+004		6.877160e+002	2.568000e+004		5.316660e+002	7.773333e+003		2.881660e+002	3.146667e+003		
8.997160e+002	2.158000e+004		6.876660e+002	2.416000e+004		5.316160e+002	7.557778e+003		2.881160e+002	2.890000e+003		
8.987160e+002	2.128000e+004		6.876160e+002	2.280667e+004		5.315660e+002	7.444444e+003		2.880660e+002	2.906667e+003		
8.977160e+002	2.154000e+004		6.875660e+002	2.207667e+004		5.315160e+002	7.177778e+003		2.880160e+002	2.893333e+003		
8.967160e+002	2.146000e+004		6.875160e+002	2.075000e+004		5.314660e+002	7.040000e+003		2.879660e+002	2.660000e+003		
8.957160e+002	2.099000e+004		6.874660e+002	1.962333e+004		5.314160e+002	6.842222e+003		2.879160e+002	2.780000e+003		
8.947160e+002	2.128000e+004		6.874160e+002	1.831000e+004		5.313660e+002	6.624444e+003		2.878660e+002	2.570000e+003		
8.937160e+002	2.166000e+004		6.873660e+002	1.727333e+004		5.313160e+002	6.595556e+003		2.878160e+002	2.443333e+003		
8.927160e+002	2.108000e+004		6.873160e+002	1.621333e+004		5.312660e+002	6.308889e+003		2.877660e+002	2.646667e+003		
8.917160e+002	2.177000e+004		6.872660e+002	1.511000e+004		5.312160e+002	6.057778e+003		2.877160e+002	2.770000e+003		
8.907160e+002	2.151000e+004		6.872160e+002	1.415333e+004		5.311660e+002	5.833333e+003		2.876660e+002	2.773333e+003		
8.897160e+002	2.108000e+004		6.871660e+002	1.317000e+004		5.311160e+002	5.644444e+003		2.876160e+002	2.670000e+003		
8.887160e+002	2.086000e+004		6.871160e+002	1.219333e+004		5.310660e+002	5.597778e+003		2.875660e+002	2.626667e+003		
8.877160e+002	2.048000e+004		6.870660e+002	1.135000e+004		5.310160e+002	5.213333e+003		2.875160e+002	2.756667e+003		
8.867160e+002	2.086000e+004		6.870160e+002	1.052000e+004		5.309660e+002	4.880000e+003		2.874660e+002	2.753333e+003		
8.857160e+002	2.071000e+004		6.869660e+002	1.013333e+004		5.309160e+002	4.622222e+003		2.874160e+002	2.733333e+003		
8.847160e+002	2.084000e+004		6.869160e+002	9.386667e+003		5.308660e+002	4.542222e+003		2.873660e+002	2.940000e+003		
8.837160e+002	2.077000e+004		6.868660e+002	8.283333e+003		5.308160e+002	4.340000e+003		2.873160e+002	2.800000e+003		
8.827160e+002	2.045000e+004		6.868160e+002	7.636667e+003		5.307660e+002	3.926667e+003		2.872660e+002	2.793333e+003		
8.817160e+002	2.088000e+004		6.867660e+002	7.290000e+003		5.307160e+002	3.806667e+003		2.872160e+002	2.916667e+003		
8.807160e+002	2.176000e+004		6.867160e+002	6.976667e+003		5.306660e+002	3.711111e+003		2.871660e+002	3.020000e+003		
8.797160e+002	2.229000e+004		6.866660e+002	6.570000e+003		5.306160e+002	3.395556e+003		2.871160e+002	3.020000e+003		
8.787160e+002	2.248000e+004		6.866160e+002	6.090000e+003		5.305660e+002	3.311111e+003		2.870660e+002	3.066667e+003		
8.777160e+002	2.129000e+004		6.865660e+002	5.796667e+003		5.305160e+002	3.151111e+003		2.870160e+002	3.250000e+003		
8.767160e+002	2.058000e+004		6.865160e+002	5.616667e+003		5.304660e+002	2.942222e+003		2.869660e+002	3.130000e+003		
8.757160e+002	2.056000e+004		6.864660e+002	5.200000e+003		5.304160e+002	2.913333e+003		2.869160e+002	3.236667e+003		
8.747160e+002	2.070000e+004		6.864160e+002	4.773333e+003		5.303660e+002	2.775556e+003		2.868660e+002	3.256667e+003		
8.737160e+002	2.177000e+004		6.863660e+002	4.553333e+003		5.303160e+002	2.735556e+003		2.868160e+002	3.406667e+003		
8.727160e+002	2.162000e+004		6.863160e+002	4.413333e+003		5.302660e+002	2.662222e+003		2.867660e+002	3.260000e+003		
8.717160e+002	2.092000e+004		6.862660e+002	4.106667e+003		5.302160e+002	2.595556e+003		2.867160e+002	3.086667e+003		
8.707160e+002	2.076000e+004		6.862160e+002	4.040000e+003		5.301660e+002	2.482222e+003		2.866660e+002	3.370000e+003		
8.697160e+002	2.037000e+004		6.861660e+002	3.970000e+003		5.301160e+002	2.291111e+003		2.866160e+002	3.323333e+003		
8.687160e+002	2.026000e+004		6.861160e+002	3.660000e+003		5.300660e+002	2.228889e+003		2.865660e+002	3.416667e+003		
8.677160e+002	1.972000e+004		6.860660e+002	3.580000e+003		5.300160e+002	2.257778e+003		2.865160e+002	3.226667e+003		
8.667160e+002	2.127000e+004		6.860160e+002	3.513333e+003		5.299660e+002	2.208889e+003		2.864660e+002	3.346667e+003		
8.657160e+002	2.110000e+004		6.859660e+002	3.516667e+003		5.299160e+002	2.206667e+003		2.864160e+002	3.430000e+003		
8.647160e+002	2.225000e+004		6.859160e+002	3.410000e+003		5.298660e+002	2.106667e+003		2.863660e+002	3.493333e+003		
8.637160e+002	2.268000e+004		6.858660e+002	3.380000e+003		5.298160e+002	2.026667e+003		2.863160e+002	3.260000e+003		
8.627160e+002	2.293000e+004		6.858160e+002	3.373333e+003		5.297660e+002	2.055556e+003		2.862660e+002	3.380000e+003		
8.617160e+002	2.335000e+004		6.857660e+002	3.310000e+003		5.297160e+002	2.006667e+003		2.862160e+002	3.340000e+003		
8.607160e+002	2.358000e+004		6.857160e+002	3.196667e+003		5.296660e+002	2.000000e+003		2.861660e+002	3.370000e+003		
8.597160e+002	2.314000e+004		6.856660e+002	2.990000e+003		5.296160e+002	1.855556e+003		2.861160e+002	3.390000e+003		
8.587160e+002	2.277000e+004		6.856160e+002	2.993333e+003		5.295660e+002	1.837778e+003		2.860660e+002	3.463333e+003		
8.577160e+002	2.311000e+004		6.855660e+002	3.020000e+003		5.295160e+002	1.886667e+003		2.860160e+002	3.403333e+003		
8.567160e+002	2.222000e+004		6.855160e+002	3.020000e+003		5.294660e+002	1.853333e+003		2.859660e+002	3.553333e+003		
8.557160e+002	2.204000e+004		6.854660e+002	2.923333e+003		5.294160e+002	1.842222e+003		2.859160e+002	3.610000e+003		
8.547160e+002	2.150000e+004		6.854160e+002	3.080000e+003		5.293660e+002	1.746667e+003		2.858660e+002	3.343333e+003		
8.537160e+002	2.116000e+004		6.853660e+002	2.846667e+003		5.293160e+002	1.820000e+003		2.858160e+002	3.430000e+003		
8.527160e+002	2.079000e+004		6.853160e+002	3.046667e+003		5.292660e+002	1.844444e+003		2.857660e+002	3.686667e+003		
8.517160e+002	2.070000e+004		6.852660e+002	2.810000e+003		5.292160e+002	1.804444e+003		2.857160e+002	3.833333e+003		
8.507160e+002	2.129000e+004		6.852160e+002	2.850000e+003		5.291660e+002	1.813333e+003		2.856660e+002	3.680000e+003		
8.497160e+002	2.035000e+004		6.851660e+002	2.833333e+003		5.291160e+002	1.777778e+003		2.856160e+002	3.596667e+003		
8.487160e+002	2.005000e+004		6.851160e+002	2.946667e+003		5.290660e+002	1.737778e+003		2.855660e+002	3.796667e+003		
8.477160e+002	2.034000e+004		6.850660e+002	2.886667e+003		5.290160e+002	1.666667e+003		2.855160e+002	3.780000e+003		
8.467160e+002	1.938000e+004		6.850160e+002	3.026667e+003		5.289660e+002	1.677778e+003		2.854660e+002	3.876667e+003		
8.457160e+002	1.920000e+004		6.849660e+002	2.770000e+003		5.289160e+002	1.691111e+003		2.854160e+002	3.923333e+003		
8.447160e+002	1.998000e+004		6.849160e+002	2.970000e+003		5.288660e+002	1.748889e+003		2.853660e+002	4.130000e+003		
8.437160e+002	1.883000e+004		6.848660e+002	2.930000e+003		5.288160e+002	1.688889e+003		2.853160e+002	4.100000e+003		
8.427160e+002	1.882000e+004		6.848160e+002	2.893333e+003		5.287660e+002	1.571111e+003		2.852660e+002	4.416667e+003		
8.417160e+002	1.918000e+004		6.847660e+002	2.803333e+003		5.287160e+002	1.577778e+003		2.852160e+002	4.560000e+003		
8.407160e+002	1.971000e+004		6.847160e+002	2.916667e+003		5.286660e+002	1.602222e+003		2.851660e+002	4.406667e+003		
8.397160e+002	1.986000e+004		6.846660e+002	2.906667e+003		5.286160e+002	1.640000e+003		2.851160e+002	4.463333e+003		
8.387160e+002	2.030000e+004		6.846160e+002	2.826667e+003		5.285660e+002	1.575556e+003		2.850660e+002	4.806667e+003		
8.377160e+002	2.163000e+004		6.845660e+002	2.730000e+003		5.285160e+002	1.577778e+003		2.850160e+002	4.846667e+003		
8.367160e+002	2.316000e+004		6.845160e+002	2.796667e+003		5.284660e+002	1.544444e+003		2.849660e+002	4.846667e+003		
8.357160e+002	2.477000e+004		6.844660e+002	2.830000e+003		5.284160e+002	1.566667e+003		2.849160e+002	5.006667e+003		
8.347160e+002	2.643000e+004		6.844160e+002	2.750000e+003		5.283660e+002	1.566667e+003		2.848660e+002	5.273333e+003		
8.337160e+002	2.767000e+004		6.843660e+002	2.813333e+003		5.283160e+002	1.602222e+003		2.848160e+002	5.293333e+003		
8.327160e+002	2.845000e+004		6.843160e+002	2.806667e+003		5.282660e+002	1.522222e+003		2.847660e+002	5.493333e+003		
8.317160e+002	2.806000e+004		6.842660e+002	2.806667e+003		5.282160e+002	1.577778e+003		2.847160e+002	5.343333e+003		
8.307160e+002	2.649000e+004		6.842160e+002	2.733333e+003		5.281660e+002	1.573333e+003		2.846660e+002	5.353333e+003		
8.297160e+002	2.495000e+004		6.841660e+002	2.616667e+003		5.281160e+002	1.575556e+003		2.846160e+002	5.410000e+003		
8.287160e+002	2.219000e+004		6.841160e+002	2.783333e+003		5.280660e+002	1.560000e+003		2.845660e+002	5.346667e+003		
8.277160e+002	2.124000e+004		6.840660e+002	2.493333e+003		5.280160e+002	1.562222e+003		2.845160e+002	5.320000e+003		
8.267160e+002	1.922000e+004		6.840160e+002	2.786667e+003		5.279660e+002	1.497778e+003		2.844660e+002	5.180000e+003		
8.257160e+002	1.887000e+004		6.839660e+002	2.770000e+003		5.279160e+002	1.533333e+003		2.844160e+002	5.273333e+003		
8.247160e+002	1.806000e+004		6.839160e+002	2.703333e+003		5.278660e+002	1.588889e+003		2.843660e+002	5.036667e+003		
8.237160e+002	1.745000e+004		6.838660e+002	2.823333e+003		5.278160e+002	1.511111e+003		2.843160e+002	4.980000e+003		
8.227160e+002	1.587000e+004		6.838160e+002	2.666667e+003		5.277660e+002	1.613333e+003		2.842660e+002	4.683333e+003		
8.217160e+002	1.532000e+004		6.837660e+002	2.586667e+003		5.277160e+002	1.631111e+003		2.842160e+002	4.466667e+003		
8.207160e+002	1.462000e+004		6.837160e+002	2.650000e+003		5.276660e+002	1.564444e+003		2.841660e+002	4.203333e+003		
8.197160e+002	1.465000e+004		6.836660e+002	2.660000e+003		5.276160e+002	1.560000e+003		2.841160e+002	3.920000e+003		
8.187160e+002	1.488000e+004		6.836160e+002	2.556667e+003		5.275660e+002	1.591111e+003		2.840660e+002	3.906667e+003		
8.177160e+002	1.458000e+004		6.835660e+002	2.533333e+003		5.275160e+002	1.566667e+003		2.840160e+002	3.573333e+003		
8.167160e+002	1.444000e+004		6.835160e+002	2.520000e+003		5.274660e+002	1.520000e+003		2.839660e+002	3.310000e+003		
8.157160e+002	1.407000e+004		6.834660e+002	2.480000e+003		5.274160e+002	1.602222e+003		2.839160e+002	2.970000e+003		
8.147160e+002	1.417000e+004		6.834160e+002	2.630000e+003		5.273660e+002	1.535556e+003		2.838660e+002	2.743333e+003		
8.137160e+002	1.388000e+004		6.833660e+002	2.570000e+003		5.273160e+002	1.613333e+003		2.838160e+002	2.546667e+003		
8.127160e+002	1.386000e+004		6.833160e+002	2.526667e+003		5.272660e+002	1.571111e+003		2.837660e+002	2.346667e+003		
8.117160e+002	1.375000e+004		6.832660e+002	2.536667e+003		5.272160e+002	1.524444e+003		2.837160e+002	2.153333e+003		
8.107160e+002	1.373000e+004		6.832160e+002	2.483333e+003		5.271660e+002	1.448889e+003		2.836660e+002	1.910000e+003		
8.097160e+002	1.438000e+004		6.831660e+002	2.533333e+003		5.271160e+002	1.531111e+003		2.836160e+002	1.886667e+003		
8.087160e+002	1.374000e+004		6.831160e+002	2.506667e+003		5.270660e+002	1.542222e+003		2.835660e+002	1.633333e+003		
8.077160e+002	1.399000e+004		6.830660e+002	2.436667e+003		5.270160e+002	1.637778e+003		2.835160e+002	1.503333e+003		
8.067160e+002	1.416000e+004		6.830160e+002	2.433333e+003		5.269660e+002	1.562222e+003		2.834660e+002	1.453333e+003		
8.057160e+002	1.370000e+004		6.829660e+002	2.323333e+003		5.269160e+002	1.606667e+003		2.834160e+002	1.383333e+003		
8.047160e+002	1.417000e+004		6.829160e+002	2.363333e+003		5.268660e+002	1.511111e+003		2.833660e+002	1.256667e+003		
8.037160e+002	1.398000e+004		6.828660e+002	2.460000e+003		5.268160e+002	1.493333e+003		2.833160e+002	1.066667e+003		
8.027160e+002	1.390000e+004		6.828160e+002	2.556667e+003		5.267660e+002	1.557778e+003		2.832660e+002	1.016667e+003		
8.017160e+002	1.349000e+004		6.827660e+002	2.380000e+003		5.267160e+002	1.444444e+003		2.832160e+002	9.433333e+002		
8.007160e+002	1.443000e+004		6.827160e+002	2.356667e+003		5.266660e+002	1.484444e+003		2.831660e+002	8.800000e+002		
7.997160e+002	1.425000e+004		6.826660e+002	2.236667e+003		5.266160e+002	1.464444e+003		2.831160e+002	8.366667e+002		
7.987160e+002	1.402000e+004		6.826160e+002	2.413333e+003		5.265660e+002	1.524444e+003		2.830660e+002	7.966667e+002		
7.977160e+002	1.391000e+004		6.825660e+002	2.333333e+003		5.265160e+002	1.584444e+003		2.830160e+002	7.766667e+002		
7.967160e+002	1.408000e+004		6.825160e+002	2.356667e+003		5.264660e+002	1.591111e+003		2.829660e+002	7.533333e+002		
7.957160e+002	1.375000e+004		6.824660e+002	2.240000e+003		5.264160e+002	1.557778e+003		2.829160e+002	6.566667e+002		
7.947160e+002	1.363000e+004		6.824160e+002	2.346667e+003		5.263660e+002	1.555556e+003		2.828660e+002	7.000000e+002		
7.937160e+002	1.400000e+004		6.823660e+002	2.370000e+003		5.263160e+002	1.508889e+003		2.828160e+002	6.900000e+002		
7.927160e+002	1.399000e+004		6.823160e+002	2.326667e+003		5.262660e+002	1.497778e+003		2.827660e+002	6.366667e+002		
7.917160e+002	1.374000e+004		6.822660e+002	2.400000e+003		5.262160e+002	1.508889e+003		2.827160e+002	6.900000e+002		
7.907160e+002	1.385000e+004		6.822160e+002	2.336667e+003		5.261660e+002	1.540000e+003		2.826660e+002	6.200000e+002		
7.897160e+002	1.357000e+004		6.821660e+002	2.356667e+003		5.261160e+002	1.480000e+003		2.826160e+002	7.300000e+002		
7.887160e+002	1.439000e+004		6.821160e+002	2.376667e+003		5.260660e+002	1.546667e+003		2.825660e+002	6.266667e+002		
7.877160e+002	1.451000e+004		6.820660e+002	2.350000e+003		5.260160e+002	1.493333e+003		2.825160e+002	6.433333e+002		
7.867160e+002	1.434000e+004		6.820160e+002	2.373333e+003		5.259660e+002	1.582222e+003		2.824660e+002	6.566667e+002		
7.857160e+002	1.421000e+004		6.819660e+002	2.350000e+003		5.259160e+002	1.506667e+003		2.824160e+002	6.133333e+002		
7.847160e+002	1.480000e+004		6.819160e+002	2.310000e+003		5.258660e+002	1.455556e+003		2.823660e+002	5.966667e+002		
7.837160e+002	1.360000e+004		6.818660e+002	2.383333e+003		5.258160e+002	1.566667e+003		2.823160e+002	6.100000e+002		
7.827160e+002	1.403000e+004		6.818160e+002	2.486667e+003		5.257660e+002	1.508889e+003		2.822660e+002	5.466667e+002		
7.817160e+002	1.420000e+004		6.817660e+002	2.500000e+003		5.257160e+002	1.515556e+003		2.822160e+002	6.266667e+002		
7.807160e+002	1.405000e+004		6.817160e+002	2.320000e+003		5.256660e+002	1.542222e+003		2.821660e+002	5.600000e+002		
7.797160e+002	1.385000e+004		6.816660e+002	2.393333e+003		5.256160e+002	1.524444e+003		2.821160e+002	5.933333e+002		
7.787160e+002	1.368000e+004		6.816160e+002	2.370000e+003		5.255660e+002	1.548889e+003		2.820660e+002	6.366667e+002		
7.777160e+002	1.371000e+004		6.815660e+002	2.296667e+003		5.255160e+002	1.582222e+003		2.820160e+002	5.800000e+002		
7.767160e+002	1.361000e+004		6.815160e+002	2.350000e+003		5.254660e+002	1.542222e+003		2.819660e+002	5.966667e+002		
7.757160e+002	1.398000e+004		6.814660e+002	2.290000e+003		5.254160e+002	1.502222e+003		2.819160e+002	5.800000e+002		
7.747160e+002	1.403000e+004		6.814160e+002	2.176667e+003		5.253660e+002	1.508889e+003		2.818660e+002	5.400000e+002		
7.737160e+002	1.443000e+004		6.813660e+002	2.366667e+003		5.253160e+002	1.553333e+003		2.818160e+002	5.566667e+002		
7.727160e+002	1.400000e+004		6.813160e+002	2.273333e+003		5.252660e+002	1.548889e+003		2.817660e+002	6.100000e+002		
7.717160e+002	1.391000e+004		6.812660e+002	2.343333e+003		5.252160e+002	1.504444e+003		2.817160e+002	5.800000e+002		
7.707160e+002	1.356000e+004		6.812160e+002	2.346667e+003		5.251660e+002	1.484444e+003		2.816660e+002	5.766667e+002		
7.697160e+002	1.344000e+004		6.811660e+002	2.223333e+003		5.251160e+002	1.473333e+003		2.816160e+002	5.266667e+002		
7.687160e+002	1.364000e+004		6.811160e+002	2.386667e+003		5.250660e+002	1.484444e+003		2.815660e+002	5.066667e+002		
7.677160e+002	1.430000e+004		6.810660e+002	2.240000e+003		5.250160e+002	1.577778e+003		2.815160e+002	6.066667e+002		
7.667160e+002	1.362000e+004		6.810160e+002	2.370000e+003		5.249660e+002	1.600000e+003		2.814660e+002	5.566667e+002		
7.657160e+002	1.366000e+004		6.809660e+002	2.310000e+003		5.249160e+002	1.568889e+003		2.814160e+002	5.966667e+002		
7.647160e+002	1.359000e+004		6.809160e+002	2.293333e+003		5.248660e+002	1.542222e+003		2.813660e+002	5.666667e+002		
7.637160e+002	1.378000e+004		6.808660e+002	2.216667e+003		5.248160e+002	1.526667e+003		2.813160e+002	6.166667e+002		
7.627160e+002	1.332000e+004		6.808160e+002	2.236667e+003		5.247660e+002	1.562222e+003		2.812660e+002	5.733333e+002		
7.617160e+002	1.359000e+004		6.807660e+002	2.283333e+003		5.247160e+002	1.571111e+003		2.812160e+002	5.600000e+002		
7.607160e+002	1.334000e+004		6.807160e+002	2.136667e+003		5.246660e+002	1.486667e+003		2.811660e+002	6.133333e+002		
7.597160e+002	1.409000e+004		6.806660e+002	2.326667e+003		5.246160e+002	1.582222e+003		2.811160e+002	5.966667e+002		
7.587160e+002	1.400000e+004		6.806160e+002	2.396667e+003		5.245660e+002	1.593333e+003		2.810660e+002	6.000000e+002		
7.577160e+002	1.377000e+004		6.805660e+002	2.363333e+003		5.245160e+002	1.551111e+003		2.810160e+002	6.100000e+002		
7.567160e+002	1.450000e+004		6.805160e+002	2.510000e+003		5.244660e+002	1.488889e+003		2.809660e+002	6.166667e+002		
7.557160e+002	1.351000e+004		6.804660e+002	2.250000e+003		5.244160e+002	1.513333e+003		2.809160e+002	5.933333e+002		
7.547160e+002	1.377000e+004		6.804160e+002	2.210000e+003		5.243660e+002	1.551111e+003		2.808660e+002	6.166667e+002		
7.537160e+002	1.334000e+004		6.803660e+002	2.416667e+003		5.243160e+002	1.546667e+003		2.808160e+002	5.966667e+002		
7.527160e+002	1.378000e+004		6.803160e+002	2.383333e+003		5.242660e+002	1.535556e+003		2.807660e+002	5.500000e+002		
7.517160e+002	1.347000e+004		6.802660e+002	2.463333e+003		5.242160e+002	1.546667e+003		2.807160e+002	5.533333e+002		
7.507160e+002	1.369000e+004		6.802160e+002	2.336667e+003		5.241660e+002	1.533333e+003		2.806660e+002	5.000000e+002		
7.497160e+002	1.373000e+004		6.801660e+002	2.293333e+003		5.241160e+002	1.508889e+003		2.806160e+002	6.500000e+002		
7.487160e+002	1.356000e+004		6.801160e+002	2.340000e+003		5.240660e+002	1.468889e+003		2.805660e+002	5.900000e+002		
7.477160e+002	1.349000e+004		6.800660e+002	2.236667e+003		5.240160e+002	1.544444e+003		2.805160e+002	5.300000e+002		
7.467160e+002	1.359000e+004		6.800160e+002	2.193333e+003		5.239660e+002	1.526667e+003		2.804660e+002	5.533333e+002		
7.457160e+002	1.408000e+004		6.799660e+002	2.206667e+003		5.239160e+002	1.504444e+003		2.804160e+002	4.933333e+002		
7.447160e+002	1.391000e+004		6.799160e+002	2.303333e+003		5.238660e+002	1.491111e+003		2.803660e+002	4.800000e+002		
7.437160e+002	1.399000e+004		6.798660e+002	2.286667e+003		5.238160e+002	1.562222e+003		2.803160e+002	5.433333e+002		
7.427160e+002	1.393000e+004		6.798160e+002	2.230000e+003		5.237660e+002	1.604444e+003		2.802660e+002	4.933333e+002		
7.417160e+002	1.395000e+004		6.797660e+002	2.233333e+003		5.237160e+002	1.460000e+003		2.802160e+002	5.600000e+002		
7.407160e+002	1.409000e+004		6.797160e+002	2.280000e+003					2.801660e+002	5.566667e+002		
7.397160e+002	1.377000e+004		6.796660e+002	2.333333e+003					2.801160e+002	5.766667e+002		
7.387160e+002	1.319000e+004		6.796160e+002	2.406667e+003					2.800660e+002	5.800000e+002		
7.377160e+002	1.347000e+004		6.795660e+002	2.206667e+003					2.800160e+002	5.433333e+002		
7.367160e+002	1.355000e+004		6.795160e+002	2.356667e+003					2.799660e+002	6.100000e+002		
7.357160e+002	1.356000e+004		6.794660e+002	2.230000e+003					2.799160e+002	5.566667e+002		
7.347160e+002	1.351000e+004		6.794160e+002	2.330000e+003					2.798660e+002	5.666667e+002		
7.337160e+002	1.307000e+004		6.793660e+002	2.406667e+003					2.798160e+002	6.333333e+002		
7.327160e+002	1.300000e+004		6.793160e+002	2.286667e+003					2.797660e+002	6.333333e+002		
7.317160e+002	1.366000e+004		6.792660e+002	2.193333e+003					2.797160e+002	6.100000e+002		
7.307160e+002	1.379000e+004		6.792160e+002	2.376667e+003					2.796660e+002	5.300000e+002		
7.297160e+002	1.382000e+004		6.791660e+002	2.316667e+003					2.796160e+002	5.833333e+002		
7.287160e+002	1.359000e+004		6.791160e+002	2.306667e+003					2.795660e+002	4.933333e+002		
7.277160e+002	1.394000e+004		6.790660e+002	2.313333e+003					2.795160e+002	5.633333e+002		
7.267160e+002	1.356000e+004		6.790160e+002	2.273333e+003					2.794660e+002	5.766667e+002		
7.257160e+002	1.397000e+004		6.789660e+002	2.316667e+003					2.794160e+002	5.833333e+002		
7.247160e+002	1.419000e+004		6.789160e+002	2.286667e+003					2.793660e+002	5.333333e+002		
7.237160e+002	1.442000e+004		6.788660e+002	2.240000e+003					2.793160e+002	5.766667e+002		
7.227160e+002	1.426000e+004		6.788160e+002	2.250000e+003					2.792660e+002	5.566667e+002		
7.217160e+002	1.366000e+004		6.787660e+002	2.153333e+003					2.792160e+002	5.000000e+002		
7.207160e+002	1.371000e+004		6.787160e+002	2.230000e+003					2.791660e+002	4.966667e+002		
7.197160e+002	1.333000e+004		6.786660e+002	2.353333e+003					2.791160e+002	6.200000e+002		
7.187160e+002	1.379000e+004		6.786160e+002	2.253333e+003					2.790660e+002	6.266667e+002		
7.177160e+002	1.427000e+004		6.785660e+002	2.263333e+003					2.790160e+002	5.633333e+002		
7.167160e+002	1.425000e+004		6.785160e+002	2.463333e+003					2.789660e+002	5.600000e+002		
7.157160e+002	1.420000e+004		6.784660e+002	2.286667e+003					2.789160e+002	5.600000e+002		
7.147160e+002	1.327000e+004		6.784160e+002	2.333333e+003					2.788660e+002	5.400000e+002		
7.137160e+002	1.395000e+004		6.783660e+002	2.233333e+003					2.788160e+002	5.566667e+002		
7.127160e+002	1.457000e+004		6.783160e+002	2.156667e+003					2.787660e+002	5.733333e+002		
7.117160e+002	1.421000e+004		6.782660e+002	2.196667e+003					2.787160e+002	5.833333e+002		
7.107160e+002	1.399000e+004		6.782160e+002	2.096667e+003					2.786660e+002	5.800000e+002		
7.097160e+002	1.373000e+004		6.781660e+002	2.346667e+003					2.786160e+002	6.433333e+002		
7.087160e+002	1.256000e+004		6.781160e+002	2.330000e+003					2.785660e+002	5.833333e+002		
7.077160e+002	1.179000e+004		6.780660e+002	2.276667e+003					2.785160e+002	5.466667e+002		
7.067160e+002	1.164000e+004		6.780160e+002	2.313333e+003					2.784660e+002	4.633333e+002		
7.057160e+002	1.108000e+004		6.779660e+002	2.410000e+003					2.784160e+002	5.466667e+002		
7.047160e+002	1.001000e+004		6.779160e+002	2.293333e+003					2.783660e+002	5.466667e+002		
7.037160e+002	9.940000e+003		6.778660e+002	2.320000e+003					2.783160e+002	5.600000e+002		
7.027160e+002	9.510000e+003		6.778160e+002	2.303333e+003					2.782660e+002	5.433333e+002		
7.017160e+002	1.000000e+004		6.777660e+002	2.383333e+003					2.782160e+002	5.233333e+002		
7.007160e+002	9.210000e+003		6.777160e+002	2.343333e+003					2.781660e+002	5.100000e+002		
6.997160e+002	8.480000e+003		6.776660e+002	2.390000e+003					2.781160e+002	5.100000e+002		
6.987160e+002	8.090000e+003								2.780660e+002	5.533333e+002		
6.977160e+002	7.890000e+003								2.780160e+002	5.666667e+002		
6.967160e+002	7.660000e+003								2.779660e+002	4.966667e+002		
6.957160e+002	6.950000e+003								2.779160e+002	4.833333e+002		
6.947160e+002	6.870000e+003								2.778660e+002	5.133333e+002		
6.937160e+002	7.010000e+003								2.778160e+002	5.200000e+002		
6.927160e+002	7.640000e+003								2.777660e+002	5.700000e+002		
6.917160e+002	8.270000e+003								2.777160e+002	5.600000e+002		
6.907160e+002	1.270000e+004								2.776660e+002	5.366667e+002		
6.897160e+002	2.557000e+004								2.776160e+002	5.900000e+002		
6.887160e+002	5.307000e+004								2.775660e+002	5.300000e+002		
6.877160e+002	6.416000e+004								2.775160e+002	5.933333e+002		
6.867160e+002	3.423000e+004								2.774660e+002	5.166667e+002		
6.857160e+002	1.209000e+004								2.774160e+002	5.466667e+002		
6.847160e+002	7.740000e+003								2.773660e+002	5.833333e+002		
6.837160e+002	6.550000e+003								2.773160e+002	5.133333e+002		
6.827160e+002	6.190000e+003								2.772660e+002	4.633333e+002		
6.817160e+002	6.330000e+003								2.772160e+002	4.900000e+002		
6.807160e+002	6.130000e+003								2.771660e+002	5.400000e+002		
6.797160e+002	5.560000e+003								2.771160e+002	4.666667e+002		
6.787160e+002	5.930000e+003								2.770660e+002	6.033333e+002		
6.777160e+002	5.850000e+003								2.770160e+002	5.333333e+002		
6.767160e+002	5.780000e+003								2.769660e+002	5.366667e+002		
6.757160e+002	5.980000e+003								2.769160e+002	5.033333e+002		
6.747160e+002	6.080000e+003								2.768660e+002	5.566667e+002		
6.737160e+002	5.930000e+003								2.768160e+002	5.266667e+002		
6.727160e+002	5.840000e+003								2.767660e+002	4.966667e+002		
6.717160e+002	5.800000e+003								2.767160e+002	5.066667e+002		
6.707160e+002	5.570000e+003								2.766660e+002	5.200000e+002		
6.697160e+002	5.960000e+003								2.766160e+002	5.433333e+002		
6.687160e+002	5.700000e+003								2.765660e+002	4.966667e+002		
6.677160e+002	5.610000e+003								2.765160e+002	5.400000e+002		
6.667160e+002	5.650000e+003								2.764660e+002	5.300000e+002		
6.657160e+002	5.630000e+003								2.764160e+002	5.433333e+002		
6.647160e+002	5.910000e+003								2.763660e+002	5.033333e+002		
6.637160e+002	5.660000e+003								2.763160e+002	5.400000e+002		
6.627160e+002	5.610000e+003								2.762660e+002	6.266667e+002		
6.617160e+002	5.810000e+003								2.762160e+002	5.233333e+002		
6.607160e+002	5.860000e+003								2.761660e+002	5.566667e+002		
6.597160e+002	5.990000e+003								2.761160e+002	5.566667e+002		
6.587160e+002	5.790000e+003								2.760660e+002	5.733333e+002		
6.577160e+002	6.000000e+003								2.760160e+002	5.533333e+002		
6.567160e+002	6.200000e+003								2.759660e+002	5.666667e+002		
6.557160e+002	6.250000e+003								2.759160e+002	5.533333e+002		
6.547160e+002	5.690000e+003								2.758660e+002	5.500000e+002		
6.537160e+002	6.280000e+003								2.758160e+002	5.400000e+002		
6.527160e+002	6.060000e+003								2.757660e+002	6.233333e+002		
6.517160e+002	5.630000e+003								2.757160e+002	5.366667e+002		
6.507160e+002	5.940000e+003								2.756660e+002	5.666667e+002		
6.497160e+002	5.800000e+003								2.756160e+002	5.300000e+002		
6.487160e+002	6.080000e+003								2.755660e+002	6.366667e+002		
6.477160e+002	6.200000e+003								2.755160e+002	5.633333e+002		
6.467160e+002	5.990000e+003								2.754660e+002	5.600000e+002		
6.457160e+002	5.870000e+003								2.754160e+002	4.733333e+002		
6.447160e+002	6.110000e+003								2.753660e+002	5.500000e+002		
6.437160e+002	6.060000e+003								2.753160e+002	6.333333e+002		
6.427160e+002	6.290000e+003								2.752660e+002	4.833333e+002		
6.417160e+002	6.310000e+003								2.752160e+002	5.033333e+002		
6.407160e+002	5.840000e+003											
6.397160e+002	5.990000e+003											
6.387160e+002	5.710000e+003											
6.377160e+002	6.020000e+003											
6.367160e+002	5.890000e+003											
6.357160e+002	5.630000e+003											
6.347160e+002	5.610000e+003											
6.337160e+002	5.910000e+003											
6.327160e+002	5.840000e+003											
6.317160e+002	5.810000e+003											
6.307160e+002	5.930000e+003											
6.297160e+002	5.920000e+003											
6.287160e+002	5.850000e+003											
6.277160e+002	5.690000e+003											
6.267160e+002	5.760000e+003											
6.257160e+002	5.890000e+003											
6.247160e+002	5.510000e+003											
6.237160e+002	5.900000e+003											
6.227160e+002	5.770000e+003											
6.217160e+002	5.830000e+003											
6.207160e+002	5.870000e+003											
6.197160e+002	5.720000e+003											
6.187160e+002	5.950000e+003											
6.177160e+002	6.120000e+003											
6.167160e+002	5.660000e+003											
6.157160e+002	5.880000e+003											
6.147160e+002	6.160000e+003											
6.137160e+002	6.280000e+003											
6.127160e+002	6.260000e+003											
6.117160e+002	5.880000e+003											
6.107160e+002	6.010000e+003											
6.097160e+002	6.010000e+003											
6.087160e+002	5.690000e+003											
6.077160e+002	5.850000e+003											
6.067160e+002	6.050000e+003											
6.057160e+002	6.240000e+003											
6.047160e+002	5.810000e+003											
6.037160e+002	5.990000e+003											
6.027160e+002	6.130000e+003											
6.017160e+002	5.680000e+003											
6.007160e+002	5.830000e+003											
5.997160e+002	6.200000e+003											
5.987160e+002	5.880000e+003											
5.977160e+002	5.840000e+003											
5.967160e+002	6.140000e+003											
5.957160e+002	6.110000e+003											
5.947160e+002	6.090000e+003											
5.937160e+002	6.260000e+003											
5.927160e+002	5.900000e+003											
5.917160e+002	6.020000e+003											
5.907160e+002	5.990000e+003											
5.897160e+002	6.260000e+003											
5.887160e+002	6.020000e+003											
5.877160e+002	6.360000e+003											
5.867160e+002	6.310000e+003											
5.857160e+002	6.510000e+003											
5.847160e+002	6.400000e+003											
5.837160e+002	6.070000e+003											
5.827160e+002	6.300000e+003											
5.817160e+002	6.440000e+003											
5.807160e+002	6.200000e+003											
5.797160e+002	6.190000e+003											
5.787160e+002	6.370000e+003											
5.777160e+002	6.290000e+003											
5.767160e+002	6.640000e+003											
5.757160e+002	6.580000e+003											
5.747160e+002	6.250000e+003											
5.737160e+002	5.580000e+003											
5.727160e+002	5.510000e+003											
5.717160e+002	6.310000e+003											
5.707160e+002	6.300000e+003											
5.697160e+002	6.210000e+003											
5.687160e+002	6.000000e+003											
5.677160e+002	6.250000e+003											
5.667160e+002	6.180000e+003											
5.657160e+002	6.060000e+003											
5.647160e+002	5.940000e+003											
5.637160e+002	6.350000e+003											
5.627160e+002	6.280000e+003											
5.617160e+002	6.050000e+003											
5.607160e+002	6.220000e+003											
5.597160e+002	6.160000e+003											
5.587160e+002	6.290000e+003											
5.577160e+002	6.640000e+003											
5.567160e+002	6.430000e+003											
5.557160e+002	6.390000e+003											
5.547160e+002	6.290000e+003											
5.537160e+002	6.050000e+003											
5.527160e+002	6.350000e+003											
5.517160e+002	6.420000e+003											
5.507160e+002	6.210000e+003											
5.497160e+002	6.020000e+003											
5.487160e+002	5.670000e+003											
5.477160e+002	5.630000e+003											
5.467160e+002	5.550000e+003											
5.457160e+002	5.490000e+003											
5.447160e+002	5.260000e+003											
5.437160e+002	5.050000e+003											
5.427160e+002	4.910000e+003											
5.417160e+002	4.710000e+003											
5.407160e+002	4.730000e+003											
5.397160e+002	4.850000e+003											
5.387160e+002	4.740000e+003											
5.377160e+002	5.080000e+003											
5.367160e+002	5.470000e+003											
5.357160e+002	5.510000e+003											
5.347160e+002	7.090000e+003											
5.337160e+002	1.056000e+004											
5.327160e+002	1.559000e+004											
5.317160e+002	1.807000e+004											
5.307160e+002	1.382000e+004											
5.297160e+002	6.510000e+003											
5.287160e+002	4.600000e+003											
5.277160e+002	4.170000e+003											
5.267160e+002	4.020000e+003											
5.257160e+002	3.860000e+003											
5.247160e+002	4.040000e+003											
5.237160e+002	3.650000e+003											
5.227160e+002	3.980000e+003											
5.217160e+002	3.900000e+003											
5.207160e+002	3.850000e+003											
5.197160e+002	3.860000e+003											
5.187160e+002	3.940000e+003											
5.177160e+002	3.850000e+003											
5.167160e+002	3.760000e+003											
5.157160e+002	3.910000e+003											
5.147160e+002	3.990000e+003											
5.137160e+002	3.990000e+003											
5.127160e+002	3.970000e+003											
5.117160e+002	3.750000e+003											
5.107160e+002	3.760000e+003											
5.097160e+002	4.010000e+003											
5.087160e+002	3.810000e+003											
5.077160e+002	3.700000e+003											
5.067160e+002	4.220000e+003											
5.057160e+002	4.110000e+003											
5.047160e+002	3.680000e+003											
5.037160e+002	3.910000e+003											
5.027160e+002	4.250000e+003											
5.017160e+002	4.180000e+003											
5.007160e+002	4.100000e+003											
4.997160e+002	4.080000e+003											
4.987160e+002	3.840000e+003											
4.977160e+002	4.010000e+003											
4.967160e+002	4.020000e+003											
4.957160e+002	3.530000e+003											
4.947160e+002	4.020000e+003											
4.937160e+002	3.930000e+003											
4.927160e+002	3.640000e+003											
4.917160e+002	3.820000e+003											
4.907160e+002	3.740000e+003											
4.897160e+002	3.910000e+003											
4.887160e+002	3.970000e+003											
4.877160e+002	4.060000e+003											
4.867160e+002	3.910000e+003											
4.857160e+002	4.140000e+003											
4.847160e+002	4.040000e+003											
4.837160e+002	4.120000e+003											
4.827160e+002	4.090000e+003											
4.817160e+002	4.200000e+003											
4.807160e+002	4.030000e+003											
4.797160e+002	3.760000e+003											
4.787160e+002	4.020000e+003											
4.777160e+002	3.880000e+003											
4.767160e+002	3.570000e+003											
4.757160e+002	3.870000e+003											
4.747160e+002	3.950000e+003											
4.737160e+002	4.190000e+003											
4.727160e+002	3.980000e+003											
4.717160e+002	4.000000e+003											
4.707160e+002	4.050000e+003											
4.697160e+002	4.330000e+003											
4.687160e+002	4.040000e+003											
4.677160e+002	4.010000e+003											
4.667160e+002	4.080000e+003											
4.657160e+002	4.080000e+003											
4.647160e+002	4.190000e+003											
4.637160e+002	4.120000e+003											
4.627160e+002	4.450000e+003											
4.617160e+002	4.330000e+003											
4.607160e+002	4.300000e+003											
4.597160e+002	4.040000e+003											
4.587160e+002	4.230000e+003											
4.577160e+002	4.160000e+003											
4.567160e+002	4.430000e+003											
4.557160e+002	4.220000e+003											
4.547160e+002	4.360000e+003											
4.537160e+002	4.190000e+003											
4.527160e+002	4.190000e+003											
4.517160e+002	4.320000e+003											
4.507160e+002	4.010000e+003											
4.497160e+002	4.070000e+003											
4.487160e+002	4.180000e+003											
4.477160e+002	4.120000e+003											
4.467160e+002	4.310000e+003											
4.457160e+002	4.070000e+003											
4.447160e+002	4.000000e+003											
4.437160e+002	4.020000e+003											
4.427160e+002	4.010000e+003											
4.417160e+002	4.140000e+003											
4.407160e+002	4.320000e+003											
4.397160e+002	4.170000e+003											
4.387160e+002	4.260000e+003											
4.377160e+002	4.250000e+003											
4.367160e+002	4.030000e+003											
4.357160e+002	4.220000e+003											
4.347160e+002	4.200000e+003											
4.337160e+002	4.360000e+003											
4.327160e+002	3.870000e+003											
4.317160e+002	3.990000e+003											
4.307160e+002	4.450000e+003											
4.297160e+002	4.420000e+003											
4.287160e+002	4.230000e+003											
4.277160e+002	4.380000e+003											
4.267160e+002	4.170000e+003											
4.257160e+002	4.640000e+003											
4.247160e+002	4.210000e+003											
4.237160e+002	4.360000e+003											
4.227160e+002	4.130000e+003											
4.217160e+002	4.350000e+003											
4.207160e+002	4.330000e+003											
4.197160e+002	4.400000e+003											
4.187160e+002	4.280000e+003											
4.177160e+002	4.430000e+003											
4.167160e+002	4.250000e+003											
4.157160e+002	4.110000e+003											
4.147160e+002	3.990000e+003											
4.137160e+002	4.480000e+003											
4.127160e+002	4.470000e+003											
4.117160e+002	4.300000e+003											
4.107160e+002	4.170000e+003											
4.097160e+002	4.310000e+003											
4.087160e+002	4.330000e+003											
4.077160e+002	4.180000e+003											
4.067160e+002	4.300000e+003											
4.057160e+002	4.300000e+003											
4.047160e+002	4.230000e+003											
4.037160e+002	4.380000e+003											
4.027160e+002	4.610000e+003											
4.017160e+002	4.770000e+003											
4.007160e+002	4.910000e+003											
3.997160e+002	4.590000e+003											
3.987160e+002	4.430000e+003											
3.977160e+002	4.260000e+003											
3.967160e+002	4.330000e+003											
3.957160e+002	4.320000e+003											
3.947160e+002	4.310000e+003											
3.937160e+002	4.470000e+003											
3.927160e+002	4.430000e+003											
3.917160e+002	4.710000e+003											
3.907160e+002	4.530000e+003											
3.897160e+002	4.190000e+003											
3.887160e+002	4.340000e+003											
3.877160e+002	4.560000e+003											
3.867160e+002	4.550000e+003											
3.857160e+002	4.340000e+003											
3.847160e+002	4.340000e+003											
3.837160e+002	4.430000e+003											
3.827160e+002	4.380000e+003											
3.817160e+002	4.440000e+003											
3.807160e+002	4.160000e+003											
3.797160e+002	4.210000e+003											
3.787160e+002	4.610000e+003											
3.777160e+002	4.680000e+003											
3.767160e+002	4.520000e+003											
3.757160e+002	4.640000e+003											
3.747160e+002	4.840000e+003											
3.737160e+002	5.030000e+003											
3.727160e+002	4.530000e+003											
3.717160e+002	4.580000e+003											
3.707160e+002	4.530000e+003											
3.697160e+002	4.250000e+003											
3.687160e+002	4.500000e+003											
3.677160e+002	4.980000e+003											
3.667160e+002	4.950000e+003											
3.657160e+002	4.410000e+003											
3.647160e+002	4.510000e+003											
3.637160e+002	4.720000e+003											
3.627160e+002	4.430000e+003											
3.617160e+002	4.670000e+003											
3.607160e+002	4.460000e+003											
3.597160e+002	4.470000e+003											
3.587160e+002	4.330000e+003											
3.577160e+002	4.450000e+003											
3.567160e+002	4.690000e+003											
3.557160e+002	4.350000e+003											
3.547160e+002	4.580000e+003											
3.537160e+002	4.770000e+003											
3.527160e+002	4.570000e+003											
3.517160e+002	4.510000e+003											
3.507160e+002	4.790000e+003											
3.497160e+002	4.610000e+003											
3.487160e+002	4.550000e+003											
3.477160e+002	4.630000e+003											
3.467160e+002	4.550000e+003											
3.457160e+002	4.880000e+003											
3.447160e+002	4.880000e+003											
3.437160e+002	5.150000e+003											
3.427160e+002	4.570000e+003											
3.417160e+002	4.480000e+003											
3.407160e+002	4.970000e+003											
3.397160e+002	5.040000e+003											
3.387160e+002	4.780000e+003											
3.377160e+002	4.920000e+003											
3.367160e+002	4.780000e+003											
3.357160e+002	4.840000e+003											
3.347160e+002	4.930000e+003											
3.337160e+002	4.830000e+003											
3.327160e+002	4.740000e+003											
3.317160e+002	5.140000e+003											
3.307160e+002	5.150000e+003											
3.297160e+002	4.680000e+003											
3.287160e+002	5.190000e+003											
3.277160e+002	5.130000e+003											
3.267160e+002	4.940000e+003											
3.257160e+002	4.870000e+003											
3.247160e+002	4.950000e+003											
3.237160e+002	4.720000e+003											
3.227160e+002	4.950000e+003											
3.217160e+002	5.000000e+003											
3.207160e+002	5.260000e+003											
3.197160e+002	5.620000e+003											
3.187160e+002	5.310000e+003											
3.177160e+002	5.170000e+003											
3.167160e+002	5.080000e+003											
3.157160e+002	5.300000e+003											
3.147160e+002	5.450000e+003											
3.137160e+002	5.610000e+003											
3.127160e+002	5.170000e+003											
3.117160e+002	4.840000e+003											
3.107160e+002	4.780000e+003											
3.097160e+002	4.870000e+003											
3.087160e+002	4.800000e+003											
3.077160e+002	4.600000e+003											
3.067160e+002	4.440000e+003											
3.057160e+002	4.720000e+003											
3.047160e+002	4.570000e+003											
3.037160e+002	4.120000e+003											
3.027160e+002	3.920000e+003											
3.017160e+002	3.870000e+003											
3.007160e+002	3.850000e+003											
2.997160e+002	3.880000e+003											
2.987160e+002	3.690000e+003											
2.977160e+002	3.240000e+003											
2.967160e+002	2.880000e+003											
2.957160e+002	2.710000e+003											
2.947160e+002	2.740000e+003											
2.937160e+002	2.860000e+003											
2.927160e+002	3.860000e+003											
2.917160e+002	5.700000e+003											
2.907160e+002	9.410000e+003											
2.897160e+002	1.749000e+004											
2.887160e+002	1.833000e+004											
2.877160e+002	9.840000e+003											
2.867160e+002	8.060000e+003											
2.857160e+002	9.030000e+003											
2.847160e+002	1.078000e+004											
2.837160e+002	8.430000e+003											
2.827160e+002	3.140000e+003											
2.817160e+002	1.720000e+003											
2.807160e+002	1.290000e+003											
2.797160e+002	1.510000e+003											
2.787160e+002	1.510000e+003											
2.777160e+002	1.300000e+003											
2.767160e+002	1.490000e+003											
2.757160e+002	1.450000e+003											
2.747160e+002	1.500000e+003											
2.737160e+002	1.320000e+003											
2.727160e+002	1.360000e+003											
2.717160e+002	1.740000e+003											
2.707160e+002	1.930000e+003											
2.697160e+002	2.140000e+003											
2.687160e+002	2.280000e+003											
2.677160e+002	1.960000e+003											
2.667160e+002	1.630000e+003											
2.657160e+002	1.420000e+003											
2.647160e+002	1.470000e+003											
2.637160e+002	1.450000e+003											
2.627160e+002	1.280000e+003											
2.617160e+002	1.320000e+003											
2.607160e+002	1.390000e+003											
2.597160e+002	1.430000e+003											
2.587160e+002	1.190000e+003											
2.577160e+002	1.130000e+003											
2.567160e+002	1.460000e+003											
2.557160e+002	1.300000e+003											
2.547160e+002	1.400000e+003											
2.537160e+002	1.380000e+003											
2.527160e+002	1.260000e+003											
2.517160e+002	1.420000e+003											
2.507160e+002	1.470000e+003											
2.497160e+002	1.300000e+003											
2.487160e+002	1.410000e+003											
2.477160e+002	1.340000e+003											
2.467160e+002	1.400000e+003											
2.457160e+002	1.290000e+003											
2.447160e+002	1.280000e+003											
2.437160e+002	1.420000e+003											
2.427160e+002	1.240000e+003											
2.417160e+002	1.320000e+003											
2.407160e+002	1.430000e+003											
2.397160e+002	1.300000e+003											
2.387160e+002	1.460000e+003											
2.377160e+002	1.350000e+003											
2.367160e+002	1.360000e+003											
2.357160e+002	1.450000e+003											
2.347160e+002	1.400000e+003											
2.337160e+002	1.630000e+003											
2.327160e+002	1.770000e+003											
2.317160e+002	1.790000e+003											
2.307160e+002	1.420000e+003											
2.297160e+002	1.330000e+003											
2.287160e+002	1.250000e+003											
2.277160e+002	1.090000e+003											
2.267160e+002	1.320000e+003											
2.257160e+002	1.480000e+003											
2.247160e+002	1.320000e+003											
2.237160e+002	1.350000e+003											
2.227160e+002	1.360000e+003											
2.217160e+002	1.480000e+003											
2.207160e+002	1.370000e+003											
2.197160e+002	1.300000e+003											
2.187160e+002	1.740000e+003											
2.177160e+002	1.660000e+003											
2.167160e+002	1.330000e+003											
2.157160e+002	1.290000e+003											
2.147160e+002	1.210000e+003											
2.137160e+002	1.210000e+003											
2.127160e+002	1.190000e+003											
2.117160e+002	1.140000e+003											
2.107160e+002	1.090000e+003											
2.097160e+002	1.110000e+003											
2.087160e+002	1.350000e+003											
2.077160e+002	1.190000e+003											
2.067160e+002	1.120000e+003											
2.057160e+002	1.290000e+003											
2.047160e+002	1.320000e+003											
2.037160e+002	1.130000e+003											
2.027160e+002	1.280000e+003											
2.017160e+002	1.340000e+003											
2.007160e+002	1.730000e+003											
1.997160e+002	2.400000e+003											
1.987160e+002	2.620000e+003											
1.977160e+002	2.640000e+003											
1.967160e+002	1.610000e+003											
1.957160e+002	1.210000e+003											
1.947160e+002	9.100000e+002											
1.937160e+002	9.300000e+002											
1.927160e+002	1.020000e+003											
1.917160e+002	1.010000e+003											
1.907160e+002	9.400000e+002											
1.897160e+002	1.120000e+003											
1.887160e+002	9.600000e+002											
1.877160e+002	9.900000e+002											
1.867160e+002	1.040000e+003											
1.857160e+002	9.300000e+002											
1.847160e+002	9.800000e+002											
1.837160e+002	1.110000e+003											
1.827160e+002	9.100000e+002											
1.817160e+002	9.600000e+002											
1.807160e+002	9.900000e+002											
1.797160e+002	1.020000e+003											
1.787160e+002	1.040000e+003											
1.777160e+002	1.090000e+003											
1.767160e+002	1.000000e+003											
1.757160e+002	9.300000e+002											
1.747160e+002	1.050000e+003											
1.737160e+002	1.200000e+003											
1.727160e+002	1.010000e+003											
1.717160e+002	1.030000e+003											
1.707160e+002	1.220000e+003											
1.697160e+002	1.500000e+003											
1.687160e+002	1.650000e+003											
1.677160e+002	1.570000e+003											
1.667160e+002	1.040000e+003											
1.657160e+002	9.800000e+002											
1.647160e+002	1.230000e+003											
1.637160e+002	1.140000e+003											
1.627160e+002	1.110000e+003											
1.617160e+002	9.800000e+002											
1.607160e+002	9.300000e+002											
1.597160e+002	9.700000e+002											
1.587160e+002	9.300000e+002											
1.577160e+002	1.140000e+003											
1.567160e+002	1.140000e+003											
1.557160e+002	1.040000e+003											
1.547160e+002	1.050000e+003											
1.537160e+002	9.700000e+002											
1.527160e+002	1.030000e+003											
1.517160e+002	1.310000e+003											
1.507160e+002	1.180000e+003											
1.497160e+002	1.130000e+003											
1.487160e+002	1.120000e+003											
1.477160e+002	1.210000e+003											
1.467160e+002	1.150000e+003											
1.457160e+002	1.120000e+003											
1.447160e+002	9.400000e+002											
1.437160e+002	1.040000e+003											
1.427160e+002	9.400000e+002											
1.417160e+002	9.500000e+002											
1.407160e+002	1.130000e+003											
1.397160e+002	1.060000e+003											
1.387160e+002	1.010000e+003											
1.377160e+002	1.060000e+003											
1.367160e+002	1.100000e+003											
1.357160e+002	1.140000e+003											
1.347160e+002	1.210000e+003											
1.337160e+002	1.220000e+003											
1.327160e+002	1.040000e+003											
1.317160e+002	1.150000e+003											
1.307160e+002	1.150000e+003											
1.297160e+002	1.070000e+003											
1.287160e+002	1.120000e+003											
1.277160e+002	1.110000e+003											
1.267160e+002	1.100000e+003											
1.257160e+002	1.010000e+003											
1.247160e+002	1.050000e+003											
1.237160e+002	1.130000e+003											
1.227160e+002	1.120000e+003											
1.217160e+002	8.500000e+002											
1.207160e+002	9.800000e+002											
1.197160e+002	1.190000e+003											
1.187160e+002	1.050000e+003											
1.177160e+002	1.130000e+003											
1.167160e+002	1.010000e+003											
1.157160e+002	1.050000e+003											
1.147160e+002	1.050000e+003											
1.137160e+002	1.070000e+003											
1.127160e+002	1.050000e+003											
1.117160e+002	1.150000e+003											
1.107160e+002	1.150000e+003											
1.097160e+002	9.600000e+002											
1.087160e+002	1.100000e+003											
1.077160e+002	1.240000e+003											
1.067160e+002	1.230000e+003											
1.057160e+002	1.290000e+003											
1.047160e+002	1.130000e+003											
1.037160e+002	1.250000e+003											
1.027160e+002	1.110000e+003											
1.017160e+002	1.090000e+003											
1.007160e+002	1.140000e+003											
9.971600e+001	1.250000e+003											
9.871600e+001	1.080000e+003											
9.771600e+001	1.080000e+003											
9.671600e+001	1.210000e+003											
9.571600e+001	1.140000e+003											
9.471600e+001	1.170000e+003											
9.371600e+001	1.100000e+003											
9.271600e+001	1.170000e+003											
9.171600e+001	1.000000e+003											
9.071600e+001	1.040000e+003											
8.971600e+001	1.140000e+003											
8.871600e+001	1.140000e+003											
8.771600e+001	1.130000e+003											
8.671600e+001	1.030000e+003											
8.571600e+001	9.000000e+002											
8.471600e+001	1.090000e+003											
8.371600e+001	1.160000e+003											
8.271600e+001	1.130000e+003											
8.171600e+001	1.130000e+003											
8.071600e+001	1.070000e+003											
7.971600e+001	1.040000e+003											
7.871600e+001	1.000000e+003											
7.771600e+001	1.110000e+003											
7.671600e+001	1.010000e+003											
7.571600e+001	1.090000e+003											
7.471600e+001	1.180000e+003											
7.371600e+001	1.030000e+003											
7.271600e+001	1.110000e+003											
7.171600e+001	1.210000e+003											
7.071600e+001	9.800000e+002											
6.971600e+001	1.090000e+003											
6.871600e+001	9.000000e+002											
6.771600e+001	1.060000e+003											
6.671600e+001	9.400000e+002											
6.571600e+001	1.020000e+003											
6.471600e+001	1.180000e+003											
6.371600e+001	1.080000e+003											
6.271600e+001	1.090000e+003											
6.171600e+001	1.070000e+003											
6.071600e+001	1.100000e+003											
5.971600e+001	1.320000e+003											
5.871600e+001	1.310000e+003											
5.771600e+001	1.100000e+003											
5.671600e+001	1.550000e+003											
5.571600e+001	1.400000e+003											
5.471600e+001	1.240000e+003											
5.371600e+001	9.600000e+002											
5.271600e+001	1.040000e+003											
5.171600e+001	8.600000e+002											
5.071600e+001	9.800000e+002											
4.971600e+001	7.600000e+002											
4.871600e+001	8.400000e+002											
4.771600e+001	1.100000e+003											
4.671600e+001	7.700000e+002											
4.571600e+001	8.100000e+002											
4.471600e+001	8.200000e+002											
4.371600e+001	7.900000e+002											
4.271600e+001	7.500000e+002											
4.171600e+001	6.300000e+002											
4.071600e+001	7.800000e+002											
3.971600e+001	8.600000e+002											
3.871600e+001	7.400000e+002											
3.771600e+001	9.200000e+002											
3.671600e+001	1.050000e+003											
3.571600e+001	1.450000e+003											
3.471600e+001	1.980000e+003											
3.371600e+001	2.610000e+003											
3.271600e+001	2.030000e+003											
3.171600e+001	1.600000e+003											
3.071600e+001	1.070000e+003											
2.971600e+001	9.200000e+002											
2.871600e+001	7.700000e+002											
2.771600e+001	7.200000e+002											
2.671600e+001	6.200000e+002											
2.571600e+001	7.900000e+002											
2.471600e+001	7.200000e+002											
2.371600e+001	6.500000e+002											
2.271600e+001	8.000000e+002											
2.171600e+001	6.100000e+002											
2.071600e+001	6.500000e+002											
1.971600e+001	5.400000e+002											
1.871600e+001	5.700000e+002											
1.771600e+001	5.700000e+002											
1.671600e+001	6.200000e+002											
1.571600e+001	7.500000e+002											
1.471600e+001	8.900000e+002											
1.371600e+001	8.000000e+002											
1.271600e+001	7.800000e+002											
1.171600e+001	7.700000e+002											
1.071600e+001	7.900000e+002											
9.716000e+000	7.600000e+002											
8.716000e+000	6.600000e+002											
7.716000e+000	6.000000e+002											
6.716000e+000	3.500000e+002											
5.716000e+000	4.600000e+002											
4.716000e+000	3.800000e+002											
3.716000e+000	2.200000e+002											
2.716000e+000	1.100000e+002											
1.716000e+000	7.000000e+001											