B.E.	wide/2:CPS		B.E.	F 1s/5:CPS		B.E.	O 1s/6:CPS		B.E.	C 1s/7:CPS		
1.101499e+003	2.462000e+004		6.975490e+002	3.343333e+003		5.414990e+002	2.106667e+003		2.979990e+002	1.200000e+003		
1.100499e+003	2.596000e+004		6.974990e+002	3.576667e+003		5.414490e+002	2.160000e+003		2.979490e+002	1.133333e+003		
1.099499e+003	2.553000e+004		6.974490e+002	3.443333e+003		5.413990e+002	2.166667e+003		2.978990e+002	1.090000e+003		
1.098499e+003	2.505000e+004		6.973990e+002	3.260000e+003		5.413490e+002	2.160000e+003		2.978490e+002	1.093333e+003		
1.097499e+003	2.515000e+004		6.973490e+002	3.286667e+003		5.412990e+002	2.042222e+003		2.977990e+002	1.040000e+003		
1.096499e+003	2.563000e+004		6.972990e+002	3.310000e+003		5.412490e+002	2.095556e+003		2.977490e+002	1.143333e+003		
1.095499e+003	2.519000e+004		6.972490e+002	3.206667e+003		5.411990e+002	2.111111e+003		2.976990e+002	1.076667e+003		
1.094499e+003	2.550000e+004		6.971990e+002	3.306667e+003		5.411490e+002	2.097778e+003		2.976490e+002	1.126667e+003		
1.093499e+003	2.565000e+004		6.971490e+002	3.270000e+003		5.410990e+002	2.104444e+003		2.975990e+002	1.083333e+003		
1.092499e+003	2.568000e+004		6.970990e+002	3.410000e+003		5.410490e+002	2.068889e+003		2.975490e+002	1.056667e+003		
1.091499e+003	2.583000e+004		6.970490e+002	3.210000e+003		5.409990e+002	2.093333e+003		2.974990e+002	1.043333e+003		
1.090499e+003	2.528000e+004		6.969990e+002	3.213333e+003		5.409490e+002	2.108889e+003		2.974490e+002	9.866667e+002		
1.089499e+003	2.538000e+004		6.969490e+002	3.293333e+003		5.408990e+002	2.126667e+003		2.973990e+002	1.060000e+003		
1.088499e+003	2.623000e+004		6.968990e+002	3.220000e+003		5.408490e+002	2.215556e+003		2.973490e+002	1.066667e+003		
1.087499e+003	2.640000e+004		6.968490e+002	3.150000e+003		5.407990e+002	2.080000e+003		2.972990e+002	1.096667e+003		
1.086499e+003	2.526000e+004		6.967990e+002	3.126667e+003		5.407490e+002	2.075556e+003		2.972490e+002	1.043333e+003		
1.085499e+003	2.472000e+004		6.967490e+002	3.096667e+003		5.406990e+002	1.973333e+003		2.971990e+002	1.053333e+003		
1.084499e+003	2.529000e+004		6.966990e+002	3.213333e+003		5.406490e+002	2.015556e+003		2.971490e+002	9.900000e+002		
1.083499e+003	2.553000e+004		6.966490e+002	3.156667e+003		5.405990e+002	2.073333e+003		2.970990e+002	1.010000e+003		
1.082499e+003	2.591000e+004		6.965990e+002	3.200000e+003		5.405490e+002	2.108889e+003		2.970490e+002	1.080000e+003		
1.081499e+003	2.573000e+004		6.965490e+002	3.153333e+003		5.404990e+002	2.095556e+003		2.969990e+002	1.073333e+003		
1.080499e+003	2.528000e+004		6.964990e+002	3.080000e+003		5.404490e+002	2.120000e+003		2.969490e+002	1.063333e+003		
1.079499e+003	2.486000e+004		6.964490e+002	2.993333e+003		5.403990e+002	2.113333e+003		2.968990e+002	1.003333e+003		
1.078499e+003	2.515000e+004		6.963990e+002	3.096667e+003		5.403490e+002	2.006667e+003		2.968490e+002	9.933333e+002		
1.077499e+003	2.590000e+004		6.963490e+002	3.086667e+003		5.402990e+002	2.031111e+003		2.967990e+002	1.133333e+003		
1.076499e+003	2.543000e+004		6.962990e+002	3.136667e+003		5.402490e+002	2.080000e+003		2.967490e+002	1.066667e+003		
1.075499e+003	2.582000e+004		6.962490e+002	3.160000e+003		5.401990e+002	2.035556e+003		2.966990e+002	9.566667e+002		
1.074499e+003	2.559000e+004		6.961990e+002	2.970000e+003		5.401490e+002	2.057778e+003		2.966490e+002	9.400000e+002		
1.073499e+003	2.563000e+004		6.961490e+002	3.113333e+003		5.400990e+002	1.977778e+003		2.965990e+002	9.366667e+002		
1.072499e+003	2.543000e+004		6.960990e+002	3.053333e+003		5.400490e+002	2.093333e+003		2.965490e+002	9.400000e+002		
1.071499e+003	2.533000e+004		6.960490e+002	3.050000e+003		5.399990e+002	2.093333e+003		2.964990e+002	9.800000e+002		
1.070499e+003	2.579000e+004		6.959990e+002	3.046667e+003		5.399490e+002	2.051111e+003		2.964490e+002	1.030000e+003		
1.069499e+003	2.600000e+004		6.959490e+002	3.033333e+003		5.398990e+002	2.031111e+003		2.963990e+002	1.063333e+003		
1.068499e+003	2.553000e+004		6.958990e+002	2.970000e+003		5.398490e+002	1.960000e+003		2.963490e+002	1.000000e+003		
1.067499e+003	2.670000e+004		6.958490e+002	3.010000e+003		5.397990e+002	2.135556e+003		2.962990e+002	9.300000e+002		
1.066499e+003	2.561000e+004		6.957990e+002	2.916667e+003		5.397490e+002	2.044444e+003		2.962490e+002	9.733333e+002		
1.065499e+003	2.580000e+004		6.957490e+002	2.790000e+003		5.396990e+002	2.071111e+003		2.961990e+002	1.016667e+003		
1.064499e+003	2.565000e+004		6.956990e+002	3.020000e+003		5.396490e+002	2.037778e+003		2.961490e+002	9.666667e+002		
1.063499e+003	2.569000e+004		6.956490e+002	3.103333e+003		5.395990e+002	2.124444e+003		2.960990e+002	1.026667e+003		
1.062499e+003	2.585000e+004		6.955990e+002	2.933333e+003		5.395490e+002	2.108889e+003		2.960490e+002	1.036667e+003		
1.061499e+003	2.589000e+004		6.955490e+002	2.860000e+003		5.394990e+002	2.013333e+003		2.959990e+002	1.060000e+003		
1.060499e+003	2.589000e+004		6.954990e+002	2.833333e+003		5.394490e+002	2.051111e+003		2.959490e+002	1.003333e+003		
1.059499e+003	2.584000e+004		6.954490e+002	2.876667e+003		5.393990e+002	2.151111e+003		2.958990e+002	9.033333e+002		
1.058499e+003	2.621000e+004		6.953990e+002	2.900000e+003		5.393490e+002	2.042222e+003		2.958490e+002	9.833333e+002		
1.057499e+003	2.611000e+004		6.953490e+002	2.956667e+003		5.392990e+002	2.153333e+003		2.957990e+002	9.866667e+002		
1.056499e+003	2.566000e+004		6.952990e+002	2.850000e+003		5.392490e+002	2.086667e+003		2.957490e+002	9.400000e+002		
1.055499e+003	2.537000e+004		6.952490e+002	3.006667e+003		5.391990e+002	2.055556e+003		2.956990e+002	9.333333e+002		
1.054499e+003	2.545000e+004		6.951990e+002	2.850000e+003		5.391490e+002	2.095556e+003		2.956490e+002	9.733333e+002		
1.053499e+003	2.549000e+004		6.951490e+002	2.973333e+003		5.390990e+002	2.091111e+003		2.955990e+002	1.060000e+003		
1.052499e+003	2.498000e+004		6.950990e+002	2.883333e+003		5.390490e+002	2.077778e+003		2.955490e+002	9.700000e+002		
1.051499e+003	2.594000e+004		6.950490e+002	2.820000e+003		5.389990e+002	2.122222e+003		2.954990e+002	9.166667e+002		
1.050499e+003	2.638000e+004		6.949990e+002	3.036667e+003		5.389490e+002	2.095556e+003		2.954490e+002	9.533333e+002		
1.049499e+003	2.665000e+004		6.949490e+002	2.973333e+003		5.388990e+002	2.171111e+003		2.953990e+002	1.013333e+003		
1.048499e+003	2.594000e+004		6.948990e+002	2.866667e+003		5.388490e+002	2.246667e+003		2.953490e+002	9.000000e+002		
1.047499e+003	2.545000e+004		6.948490e+002	2.913333e+003		5.387990e+002	2.062222e+003		2.952990e+002	9.100000e+002		
1.046499e+003	2.567000e+004		6.947990e+002	2.910000e+003		5.387490e+002	2.180000e+003		2.952490e+002	9.533333e+002		
1.045499e+003	2.652000e+004		6.947490e+002	2.986667e+003		5.386990e+002	2.142222e+003		2.951990e+002	9.333333e+002		
1.044499e+003	2.630000e+004		6.946990e+002	3.183333e+003		5.386490e+002	2.122222e+003		2.951490e+002	9.900000e+002		
1.043499e+003	2.585000e+004		6.946490e+002	3.083333e+003		5.385990e+002	2.113333e+003		2.950990e+002	1.046667e+003		
1.042499e+003	2.619000e+004		6.945990e+002	2.956667e+003		5.385490e+002	2.086667e+003		2.950490e+002	9.533333e+002		
1.041499e+003	2.682000e+004		6.945490e+002	2.983333e+003		5.384990e+002	2.071111e+003		2.949990e+002	9.466667e+002		
1.040499e+003	2.656000e+004		6.944990e+002	3.036667e+003		5.384490e+002	2.046667e+003		2.949490e+002	9.000000e+002		
1.039499e+003	2.663000e+004		6.944490e+002	2.980000e+003		5.383990e+002	2.011111e+003		2.948990e+002	9.233333e+002		
1.038499e+003	2.689000e+004		6.943990e+002	2.980000e+003		5.383490e+002	2.088889e+003		2.948490e+002	1.013333e+003		
1.037499e+003	2.730000e+004		6.943490e+002	3.036667e+003		5.382990e+002	2.093333e+003		2.947990e+002	9.800000e+002		
1.036499e+003	2.659000e+004		6.942990e+002	2.963333e+003		5.382490e+002	2.111111e+003		2.947490e+002	9.066667e+002		
1.035499e+003	2.625000e+004		6.942490e+002	3.033333e+003		5.381990e+002	2.188889e+003		2.946990e+002	9.800000e+002		
1.034499e+003	2.657000e+004		6.941990e+002	2.956667e+003		5.381490e+002	2.082222e+003		2.946490e+002	9.433333e+002		
1.033499e+003	2.702000e+004		6.941490e+002	3.163333e+003		5.380990e+002	2.157778e+003		2.945990e+002	9.666667e+002		
1.032499e+003	2.679000e+004		6.940990e+002	2.986667e+003		5.380490e+002	2.188889e+003		2.945490e+002	1.056667e+003		
1.031499e+003	2.616000e+004		6.940490e+002	3.093333e+003		5.379990e+002	2.135556e+003		2.944990e+002	9.166667e+002		
1.030499e+003	2.621000e+004		6.939990e+002	3.043333e+003		5.379490e+002	2.113333e+003		2.944490e+002	9.166667e+002		
1.029499e+003	2.616000e+004		6.939490e+002	3.103333e+003		5.378990e+002	2.071111e+003		2.943990e+002	9.000000e+002		
1.028499e+003	2.691000e+004		6.938990e+002	3.060000e+003		5.378490e+002	2.246667e+003		2.943490e+002	9.866667e+002		
1.027499e+003	2.670000e+004		6.938490e+002	3.073333e+003		5.377990e+002	2.253333e+003		2.942990e+002	1.093333e+003		
1.026499e+003	2.647000e+004		6.937990e+002	3.033333e+003		5.377490e+002	2.135556e+003		2.942490e+002	1.076667e+003		
1.025499e+003	2.703000e+004		6.937490e+002	3.093333e+003		5.376990e+002	2.166667e+003		2.941990e+002	1.046667e+003		
1.024499e+003	2.670000e+004		6.936990e+002	2.976667e+003		5.376490e+002	2.244444e+003		2.941490e+002	1.060000e+003		
1.023499e+003	2.627000e+004		6.936490e+002	3.236667e+003		5.375990e+002	2.037778e+003		2.940990e+002	1.076667e+003		
1.022499e+003	2.750000e+004		6.935990e+002	3.163333e+003		5.375490e+002	2.137778e+003		2.940490e+002	9.766667e+002		
1.021499e+003	2.728000e+004		6.935490e+002	3.203333e+003		5.374990e+002	2.088889e+003		2.939990e+002	1.026667e+003		
1.020499e+003	2.673000e+004		6.934990e+002	3.260000e+003		5.374490e+002	2.182222e+003		2.939490e+002	1.123333e+003		
1.019499e+003	2.684000e+004		6.934490e+002	3.143333e+003		5.373990e+002	2.173333e+003		2.938990e+002	1.126667e+003		
1.018499e+003	2.600000e+004		6.933990e+002	3.096667e+003		5.373490e+002	2.077778e+003		2.938490e+002	1.190000e+003		
1.017499e+003	2.709000e+004		6.933490e+002	3.223333e+003		5.372990e+002	2.120000e+003		2.937990e+002	1.120000e+003		
1.016499e+003	2.747000e+004		6.932990e+002	3.343333e+003		5.372490e+002	2.233333e+003		2.937490e+002	1.186667e+003		
1.015499e+003	2.677000e+004		6.932490e+002	3.170000e+003		5.371990e+002	2.188889e+003		2.936990e+002	1.123333e+003		
1.014499e+003	2.696000e+004		6.931990e+002	3.186667e+003		5.371490e+002	2.204444e+003		2.936490e+002	1.190000e+003		
1.013499e+003	2.747000e+004		6.931490e+002	3.203333e+003		5.370990e+002	2.268889e+003		2.935990e+002	1.166667e+003		
1.012499e+003	2.719000e+004		6.930990e+002	3.366667e+003		5.370490e+002	2.322222e+003		2.935490e+002	1.253333e+003		
1.011499e+003	2.704000e+004		6.930490e+002	3.363333e+003		5.369990e+002	2.220000e+003		2.934990e+002	1.256667e+003		
1.010499e+003	2.705000e+004		6.929990e+002	3.480000e+003		5.369490e+002	2.244444e+003		2.934490e+002	1.420000e+003		
1.009499e+003	2.672000e+004		6.929490e+002	3.470000e+003		5.368990e+002	2.264444e+003		2.933990e+002	1.423333e+003		
1.008499e+003	2.781000e+004		6.928990e+002	3.380000e+003		5.368490e+002	2.253333e+003		2.933490e+002	1.293333e+003		
1.007499e+003	2.771000e+004		6.928490e+002	3.566667e+003		5.367990e+002	2.264444e+003		2.932990e+002	1.323333e+003		
1.006499e+003	2.652000e+004		6.927990e+002	3.543333e+003		5.367490e+002	2.277778e+003		2.932490e+002	1.393333e+003		
1.005499e+003	2.836000e+004		6.927490e+002	3.606667e+003		5.366990e+002	2.220000e+003		2.931990e+002	1.396667e+003		
1.004499e+003	2.780000e+004		6.926990e+002	3.503333e+003		5.366490e+002	2.324444e+003		2.931490e+002	1.533333e+003		
1.003499e+003	2.782000e+004		6.926490e+002	3.576667e+003		5.365990e+002	2.277778e+003		2.930990e+002	1.663333e+003		
1.002499e+003	2.788000e+004		6.925990e+002	3.690000e+003		5.365490e+002	2.331111e+003		2.930490e+002	1.530000e+003		
1.001499e+003	2.694000e+004		6.925490e+002	3.903333e+003		5.364990e+002	2.333333e+003		2.929990e+002	1.603333e+003		
1.000499e+003	2.765000e+004		6.924990e+002	3.880000e+003		5.364490e+002	2.395556e+003		2.929490e+002	1.726667e+003		
9.994990e+002	2.739000e+004		6.924490e+002	3.826667e+003		5.363990e+002	2.408889e+003		2.928990e+002	1.806667e+003		
9.984990e+002	2.732000e+004		6.923990e+002	3.600000e+003		5.363490e+002	2.435556e+003		2.928490e+002	1.733333e+003		
9.974990e+002	2.766000e+004		6.923490e+002	3.906667e+003		5.362990e+002	2.422222e+003		2.927990e+002	1.923333e+003		
9.964990e+002	2.734000e+004		6.922990e+002	3.963333e+003		5.362490e+002	2.388889e+003		2.927490e+002	2.043333e+003		
9.954990e+002	2.747000e+004		6.922490e+002	3.943333e+003		5.361990e+002	2.460000e+003		2.926990e+002	2.003333e+003		
9.944990e+002	2.682000e+004		6.921990e+002	4.190000e+003		5.361490e+002	2.462222e+003		2.926490e+002	2.196667e+003		
9.934990e+002	2.695000e+004		6.921490e+002	4.346667e+003		5.360990e+002	2.528889e+003		2.925990e+002	2.110000e+003		
9.924990e+002	2.714000e+004		6.920990e+002	4.186667e+003		5.360490e+002	2.528889e+003		2.925490e+002	2.173333e+003		
9.914990e+002	2.746000e+004		6.920490e+002	4.240000e+003		5.359990e+002	2.575556e+003		2.924990e+002	2.296667e+003		
9.904990e+002	2.752000e+004		6.919990e+002	4.393333e+003		5.359490e+002	2.584444e+003		2.924490e+002	2.456667e+003		
9.894990e+002	2.803000e+004		6.919490e+002	4.756667e+003		5.358990e+002	2.582222e+003		2.923990e+002	2.630000e+003		
9.884990e+002	2.802000e+004		6.918990e+002	4.706667e+003		5.358490e+002	2.617778e+003		2.923490e+002	2.640000e+003		
9.874990e+002	2.787000e+004		6.918490e+002	4.853333e+003		5.357990e+002	2.668889e+003		2.922990e+002	2.593333e+003		
9.864990e+002	2.695000e+004		6.917990e+002	5.090000e+003		5.357490e+002	2.853333e+003		2.922490e+002	2.726667e+003		
9.854990e+002	2.808000e+004		6.917490e+002	4.963333e+003		5.356990e+002	2.888889e+003		2.921990e+002	2.810000e+003		
9.844990e+002	2.722000e+004		6.916990e+002	4.973333e+003		5.356490e+002	2.708889e+003		2.921490e+002	2.810000e+003		
9.834990e+002	2.860000e+004		6.916490e+002	5.246667e+003		5.355990e+002	2.900000e+003		2.920990e+002	3.133333e+003		
9.824990e+002	2.847000e+004		6.915990e+002	5.420000e+003		5.355490e+002	2.897778e+003		2.920490e+002	3.133333e+003		
9.814990e+002	2.765000e+004		6.915490e+002	5.573333e+003		5.354990e+002	2.935556e+003		2.919990e+002	3.253333e+003		
9.804990e+002	2.815000e+004		6.914990e+002	5.670000e+003		5.354490e+002	2.784444e+003		2.919490e+002	3.356667e+003		
9.794990e+002	2.879000e+004		6.914490e+002	5.830000e+003		5.353990e+002	2.935556e+003		2.918990e+002	3.476667e+003		
9.784990e+002	2.867000e+004		6.913990e+002	6.276667e+003		5.353490e+002	3.115556e+003		2.918490e+002	3.503333e+003		
9.774990e+002	2.896000e+004		6.913490e+002	6.056667e+003		5.352990e+002	3.111111e+003		2.917990e+002	3.760000e+003		
9.764990e+002	2.901000e+004		6.912990e+002	6.436667e+003		5.352490e+002	3.257778e+003		2.917490e+002	3.660000e+003		
9.754990e+002	2.856000e+004		6.912490e+002	6.556667e+003		5.351990e+002	3.251111e+003		2.916990e+002	3.970000e+003		
9.744990e+002	2.842000e+004		6.911990e+002	6.823333e+003		5.351490e+002	3.355556e+003		2.916490e+002	4.026667e+003		
9.734990e+002	2.878000e+004		6.911490e+002	7.046667e+003		5.350990e+002	3.311111e+003		2.915990e+002	4.170000e+003		
9.724990e+002	2.798000e+004		6.910990e+002	7.326667e+003		5.350490e+002	3.255556e+003		2.915490e+002	4.336667e+003		
9.714990e+002	2.792000e+004		6.910490e+002	7.180000e+003		5.349990e+002	3.428889e+003		2.914990e+002	4.200000e+003		
9.704990e+002	2.835000e+004		6.909990e+002	7.356667e+003		5.349490e+002	3.493333e+003		2.914490e+002	4.540000e+003		
9.694990e+002	2.745000e+004		6.909490e+002	8.153333e+003		5.348990e+002	3.551111e+003		2.913990e+002	4.700000e+003		
9.684990e+002	2.762000e+004		6.908990e+002	8.176667e+003		5.348490e+002	3.693333e+003		2.913490e+002	4.693333e+003		
9.674990e+002	2.665000e+004		6.908490e+002	8.550000e+003		5.347990e+002	3.780000e+003		2.912990e+002	4.866667e+003		
9.664990e+002	2.700000e+004		6.907990e+002	8.910000e+003		5.347490e+002	3.737778e+003		2.912490e+002	5.020000e+003		
9.654990e+002	2.699000e+004		6.907490e+002	8.900000e+003		5.346990e+002	4.026667e+003		2.911990e+002	5.236667e+003		
9.644990e+002	2.732000e+004		6.906990e+002	9.540000e+003		5.346490e+002	4.037778e+003		2.911490e+002	5.360000e+003		
9.634990e+002	2.659000e+004		6.906490e+002	9.973333e+003		5.345990e+002	4.106667e+003		2.910990e+002	5.550000e+003		
9.624990e+002	2.622000e+004		6.905990e+002	1.056000e+004		5.345490e+002	4.022222e+003		2.910490e+002	5.903333e+003		
9.614990e+002	2.599000e+004		6.905490e+002	1.114333e+004		5.344990e+002	4.293333e+003		2.909990e+002	5.876667e+003		
9.604990e+002	2.648000e+004		6.904990e+002	1.126667e+004		5.344490e+002	4.391111e+003		2.909490e+002	6.036667e+003		
9.594990e+002	2.675000e+004		6.904490e+002	1.164333e+004		5.343990e+002	4.548889e+003		2.908990e+002	6.346667e+003		
9.584990e+002	2.664000e+004		6.903990e+002	1.195667e+004		5.343490e+002	4.513333e+003		2.908490e+002	6.686667e+003		
9.574990e+002	2.706000e+004		6.903490e+002	1.248667e+004		5.342990e+002	4.851111e+003		2.907990e+002	6.646667e+003		
9.564990e+002	2.609000e+004		6.902990e+002	1.310667e+004		5.342490e+002	4.862222e+003		2.907490e+002	7.300000e+003		
9.554990e+002	2.618000e+004		6.902490e+002	1.365000e+004		5.341990e+002	4.893333e+003		2.906990e+002	7.766667e+003		
9.544990e+002	2.626000e+004		6.901990e+002	1.439000e+004		5.341490e+002	5.075556e+003		2.906490e+002	7.963333e+003		
9.534990e+002	2.691000e+004		6.901490e+002	1.509333e+004		5.340990e+002	4.980000e+003		2.905990e+002	8.223333e+003		
9.524990e+002	2.694000e+004		6.900990e+002	1.593667e+004		5.340490e+002	5.077778e+003		2.905490e+002	8.706667e+003		
9.514990e+002	2.660000e+004		6.900490e+002	1.651667e+004		5.339990e+002	5.348889e+003		2.904990e+002	8.656667e+003		
9.504990e+002	2.728000e+004		6.899990e+002	1.737333e+004		5.339490e+002	5.433333e+003		2.904490e+002	9.406667e+003		
9.494990e+002	2.739000e+004		6.899490e+002	1.807667e+004		5.338990e+002	5.500000e+003		2.903990e+002	9.610000e+003		
9.484990e+002	2.772000e+004		6.898990e+002	1.901000e+004		5.338490e+002	5.677778e+003		2.903490e+002	9.996667e+003		
9.474990e+002	2.700000e+004		6.898490e+002	2.049333e+004		5.337990e+002	5.655556e+003		2.902990e+002	1.064667e+004		
9.464990e+002	2.651000e+004		6.897990e+002	2.145000e+004		5.337490e+002	5.760000e+003		2.902490e+002	1.093333e+004		
9.454990e+002	2.689000e+004		6.897490e+002	2.213000e+004		5.336990e+002	5.931111e+003		2.901990e+002	1.132333e+004		
9.444990e+002	2.663000e+004		6.896990e+002	2.294667e+004		5.336490e+002	6.137778e+003		2.901490e+002	1.175333e+004		
9.434990e+002	2.661000e+004		6.896490e+002	2.440000e+004		5.335990e+002	6.057778e+003		2.900990e+002	1.245000e+004		
9.424990e+002	2.702000e+004		6.895990e+002	2.520667e+004		5.335490e+002	6.002222e+003		2.900490e+002	1.257667e+004		
9.414990e+002	2.618000e+004		6.895490e+002	2.706667e+004		5.334990e+002	6.220000e+003		2.899990e+002	1.295667e+004		
9.404990e+002	2.722000e+004		6.894990e+002	2.838333e+004		5.334490e+002	6.324444e+003		2.899490e+002	1.315667e+004		
9.394990e+002	2.629000e+004		6.894490e+002	2.936333e+004		5.333990e+002	6.468889e+003		2.898990e+002	1.309333e+004		
9.384990e+002	2.643000e+004		6.893990e+002	3.060667e+004		5.333490e+002	6.437778e+003		2.898490e+002	1.337667e+004		
9.374990e+002	2.624000e+004		6.893490e+002	3.190333e+004		5.332990e+002	6.368889e+003		2.897990e+002	1.338333e+004		
9.364990e+002	2.651000e+004		6.892990e+002	3.341333e+004		5.332490e+002	6.540000e+003		2.897490e+002	1.374667e+004		
9.354990e+002	2.734000e+004		6.892490e+002	3.465000e+004		5.331990e+002	6.455556e+003		2.896990e+002	1.346333e+004		
9.344990e+002	2.770000e+004		6.891990e+002	3.661667e+004		5.331490e+002	6.322222e+003		2.896490e+002	1.328333e+004		
9.334990e+002	2.761000e+004		6.891490e+002	3.728000e+004		5.330990e+002	6.562222e+003		2.895990e+002	1.308667e+004		
9.324990e+002	2.651000e+004		6.890990e+002	3.801000e+004		5.330490e+002	6.448889e+003		2.895490e+002	1.283000e+004		
9.314990e+002	2.648000e+004		6.890490e+002	3.942333e+004		5.329990e+002	6.468889e+003		2.894990e+002	1.229000e+004		
9.304990e+002	2.765000e+004		6.889990e+002	4.093333e+004		5.329490e+002	6.520000e+003		2.894490e+002	1.197667e+004		
9.294990e+002	2.768000e+004		6.889490e+002	4.280333e+004		5.328990e+002	6.466667e+003		2.893990e+002	1.198667e+004		
9.284990e+002	2.740000e+004		6.888990e+002	4.352667e+004		5.328490e+002	6.506667e+003		2.893490e+002	1.152667e+004		
9.274990e+002	2.749000e+004		6.888490e+002	4.417333e+004		5.327990e+002	6.302222e+003		2.892990e+002	1.084333e+004		
9.264990e+002	2.771000e+004		6.887990e+002	4.561000e+004		5.327490e+002	6.044444e+003		2.892490e+002	1.016667e+004		
9.254990e+002	2.727000e+004		6.887490e+002	4.683667e+004		5.326990e+002	6.148889e+003		2.891990e+002	9.710000e+003		
9.244990e+002	2.675000e+004		6.886990e+002	4.695000e+004		5.326490e+002	6.015556e+003		2.891490e+002	9.310000e+003		
9.234990e+002	2.689000e+004		6.886490e+002	4.772000e+004		5.325990e+002	6.066667e+003		2.890990e+002	9.006667e+003		
9.224990e+002	2.724000e+004		6.885990e+002	4.866333e+004		5.325490e+002	5.908889e+003		2.890490e+002	8.710000e+003		
9.214990e+002	2.698000e+004		6.885490e+002	4.881000e+004		5.324990e+002	5.791111e+003		2.889990e+002	8.016667e+003		
9.204990e+002	2.762000e+004		6.884990e+002	4.914667e+004		5.324490e+002	5.637778e+003		2.889490e+002	7.410000e+003		
9.194990e+002	2.724000e+004		6.884490e+002	4.824000e+004		5.323990e+002	5.682222e+003		2.888990e+002	7.030000e+003		
9.184990e+002	2.714000e+004		6.883990e+002	4.902667e+004		5.323490e+002	5.606667e+003		2.888490e+002	6.673333e+003		
9.174990e+002	2.698000e+004		6.883490e+002	4.863333e+004		5.322990e+002	5.653333e+003		2.887990e+002	6.153333e+003		
9.164990e+002	2.753000e+004		6.882990e+002	4.878667e+004		5.322490e+002	5.562222e+003		2.887490e+002	5.780000e+003		
9.154990e+002	2.766000e+004		6.882490e+002	4.718000e+004		5.321990e+002	5.297778e+003		2.886990e+002	5.390000e+003		
9.144990e+002	2.834000e+004		6.881990e+002	4.670333e+004		5.321490e+002	4.977778e+003		2.886490e+002	5.166667e+003		
9.134990e+002	2.731000e+004		6.881490e+002	4.558333e+004		5.320990e+002	5.026667e+003		2.885990e+002	4.890000e+003		
9.124990e+002	2.826000e+004		6.880990e+002	4.483333e+004		5.320490e+002	5.082222e+003		2.885490e+002	4.623333e+003		
9.114990e+002	2.819000e+004		6.880490e+002	4.326333e+004		5.319990e+002	4.991111e+003		2.884990e+002	4.513333e+003		
9.104990e+002	2.787000e+004		6.879990e+002	4.170000e+004		5.319490e+002	4.726667e+003		2.884490e+002	4.306667e+003		
9.094990e+002	2.788000e+004		6.879490e+002	4.076000e+004		5.318990e+002	4.737778e+003		2.883990e+002	4.013333e+003		
9.084990e+002	2.840000e+004		6.878990e+002	3.898667e+004		5.318490e+002	4.675556e+003		2.883490e+002	4.000000e+003		
9.074990e+002	2.783000e+004		6.878490e+002	3.782000e+004		5.317990e+002	4.675556e+003		2.882990e+002	3.810000e+003		
9.064990e+002	2.728000e+004		6.877990e+002	3.602000e+004		5.317490e+002	4.406667e+003		2.882490e+002	3.790000e+003		
9.054990e+002	2.670000e+004		6.877490e+002	3.398000e+004		5.316990e+002	4.257778e+003		2.881990e+002	3.673333e+003		
9.044990e+002	2.741000e+004		6.876990e+002	3.180667e+004		5.316490e+002	4.157778e+003		2.881490e+002	3.650000e+003		
9.034990e+002	2.845000e+004		6.876490e+002	3.030667e+004		5.315990e+002	3.948889e+003		2.880990e+002	3.370000e+003		
9.024990e+002	2.774000e+004		6.875990e+002	2.889667e+004		5.315490e+002	3.855556e+003		2.880490e+002	3.383333e+003		
9.014990e+002	2.769000e+004		6.875490e+002	2.708333e+004		5.314990e+002	3.891111e+003		2.879990e+002	3.363333e+003		
9.004990e+002	2.754000e+004		6.874990e+002	2.591000e+004		5.314490e+002	3.731111e+003		2.879490e+002	3.406667e+003		
8.994990e+002	2.791000e+004		6.874490e+002	2.374000e+004		5.313990e+002	3.600000e+003		2.878990e+002	3.310000e+003		
8.984990e+002	2.788000e+004		6.873990e+002	2.207333e+004		5.313490e+002	3.513333e+003		2.878490e+002	3.456667e+003		
8.974990e+002	2.738000e+004		6.873490e+002	2.039667e+004		5.312990e+002	3.444444e+003		2.877990e+002	3.456667e+003		
8.964990e+002	2.710000e+004		6.872990e+002	1.929667e+004		5.312490e+002	3.388889e+003		2.877490e+002	3.573333e+003		
8.954990e+002	2.802000e+004		6.872490e+002	1.781667e+004		5.311990e+002	3.264444e+003		2.876990e+002	3.466667e+003		
8.944990e+002	2.834000e+004		6.871990e+002	1.646333e+004		5.311490e+002	3.246667e+003		2.876490e+002	3.403333e+003		
8.934990e+002	2.805000e+004		6.871490e+002	1.507667e+004		5.310990e+002	3.122222e+003		2.875990e+002	3.533333e+003		
8.924990e+002	2.782000e+004		6.870990e+002	1.427000e+004		5.310490e+002	2.920000e+003		2.875490e+002	3.583333e+003		
8.914990e+002	2.789000e+004		6.870490e+002	1.317333e+004		5.309990e+002	2.877778e+003		2.874990e+002	3.470000e+003		
8.904990e+002	2.828000e+004		6.869990e+002	1.223667e+004		5.309490e+002	2.884444e+003		2.874490e+002	3.473333e+003		
8.894990e+002	2.753000e+004		6.869490e+002	1.141667e+004		5.308990e+002	2.768889e+003		2.873990e+002	3.463333e+003		
8.884990e+002	2.811000e+004		6.868990e+002	1.067333e+004		5.308490e+002	2.713333e+003		2.873490e+002	3.593333e+003		
8.874990e+002	2.857000e+004		6.868490e+002	9.863333e+003		5.307990e+002	2.600000e+003		2.872990e+002	3.510000e+003		
8.864990e+002	2.839000e+004		6.867990e+002	9.040000e+003		5.307490e+002	2.477778e+003		2.872490e+002	3.573333e+003		
8.854990e+002	2.929000e+004		6.867490e+002	8.406667e+003		5.306990e+002	2.568889e+003		2.871990e+002	3.416667e+003		
8.844990e+002	2.907000e+004		6.866990e+002	7.823333e+003		5.306490e+002	2.422222e+003		2.871490e+002	3.546667e+003		
8.834990e+002	2.754000e+004		6.866490e+002	7.446667e+003		5.305990e+002	2.411111e+003		2.870990e+002	3.553333e+003		
8.824990e+002	2.895000e+004		6.865990e+002	7.130000e+003		5.305490e+002	2.297778e+003		2.870490e+002	3.510000e+003		
8.814990e+002	2.870000e+004		6.865490e+002	6.590000e+003		5.304990e+002	2.302222e+003		2.869990e+002	3.586667e+003		
8.804990e+002	2.889000e+004		6.864990e+002	6.133333e+003		5.304490e+002	2.311111e+003		2.869490e+002	3.613333e+003		
8.794990e+002	2.953000e+004		6.864490e+002	6.000000e+003		5.303990e+002	2.280000e+003		2.868990e+002	3.653333e+003		
8.784990e+002	2.972000e+004		6.863990e+002	5.746667e+003		5.303490e+002	2.231111e+003		2.868490e+002	3.616667e+003		
8.774990e+002	3.004000e+004		6.863490e+002	5.303333e+003		5.302990e+002	2.100000e+003		2.867990e+002	3.580000e+003		
8.764990e+002	2.965000e+004		6.862990e+002	4.973333e+003		5.302490e+002	2.146667e+003		2.867490e+002	3.450000e+003		
8.754990e+002	2.927000e+004		6.862490e+002	4.833333e+003		5.301990e+002	2.195556e+003		2.866990e+002	3.756667e+003		
8.744990e+002	2.834000e+004		6.861990e+002	4.710000e+003		5.301490e+002	2.157778e+003		2.866490e+002	3.686667e+003		
8.734990e+002	2.855000e+004		6.861490e+002	4.596667e+003		5.300990e+002	2.022222e+003		2.865990e+002	3.740000e+003		
8.724990e+002	2.804000e+004		6.860990e+002	4.360000e+003		5.300490e+002	2.002222e+003		2.865490e+002	3.743333e+003		
8.714990e+002	2.787000e+004		6.860490e+002	4.160000e+003		5.299990e+002	2.002222e+003		2.864990e+002	3.596667e+003		
8.704990e+002	2.774000e+004		6.859990e+002	4.036667e+003		5.299490e+002	1.993333e+003		2.864490e+002	3.560000e+003		
8.694990e+002	2.837000e+004		6.859490e+002	3.773333e+003		5.298990e+002	1.948889e+003		2.863990e+002	3.723333e+003		
8.684990e+002	2.812000e+004		6.858990e+002	3.656667e+003		5.298490e+002	1.968889e+003		2.863490e+002	3.840000e+003		
8.674990e+002	2.873000e+004		6.858490e+002	3.513333e+003		5.297990e+002	2.035556e+003		2.862990e+002	3.973333e+003		
8.664990e+002	2.880000e+004		6.857990e+002	3.616667e+003		5.297490e+002	2.122222e+003		2.862490e+002	3.986667e+003		
8.654990e+002	2.898000e+004		6.857490e+002	3.420000e+003		5.296990e+002	1.928889e+003		2.861990e+002	4.050000e+003		
8.644990e+002	2.929000e+004		6.856990e+002	3.233333e+003		5.296490e+002	1.977778e+003		2.861490e+002	4.276667e+003		
8.634990e+002	3.076000e+004		6.856490e+002	3.390000e+003		5.295990e+002	2.000000e+003		2.860990e+002	4.283333e+003		
8.624990e+002	3.239000e+004		6.855990e+002	3.280000e+003		5.295490e+002	1.917778e+003		2.860490e+002	4.130000e+003		
8.614990e+002	3.222000e+004		6.855490e+002	3.276667e+003		5.294990e+002	1.957778e+003		2.859990e+002	4.240000e+003		
8.604990e+002	3.231000e+004		6.854990e+002	3.070000e+003		5.294490e+002	2.033333e+003		2.859490e+002	4.233333e+003		
8.594990e+002	3.203000e+004		6.854490e+002	3.146667e+003		5.293990e+002	2.048889e+003		2.858990e+002	4.250000e+003		
8.584990e+002	3.102000e+004		6.853990e+002	3.153333e+003		5.293490e+002	1.993333e+003		2.858490e+002	4.476667e+003		
8.574990e+002	2.972000e+004		6.853490e+002	3.150000e+003		5.292990e+002	1.937778e+003		2.857990e+002	4.576667e+003		
8.564990e+002	3.003000e+004		6.852990e+002	2.953333e+003		5.292490e+002	1.953333e+003		2.857490e+002	5.000000e+003		
8.554990e+002	3.032000e+004		6.852490e+002	2.976667e+003		5.291990e+002	1.957778e+003		2.856990e+002	4.746667e+003		
8.544990e+002	2.956000e+004		6.851990e+002	3.040000e+003		5.291490e+002	1.964444e+003		2.856490e+002	4.876667e+003		
8.534990e+002	2.886000e+004		6.851490e+002	2.870000e+003		5.290990e+002	1.982222e+003		2.855990e+002	4.856667e+003		
8.524990e+002	2.814000e+004		6.850990e+002	2.900000e+003		5.290490e+002	2.006667e+003		2.855490e+002	5.143333e+003		
8.514990e+002	2.856000e+004		6.850490e+002	2.860000e+003		5.289990e+002	1.893333e+003		2.854990e+002	5.176667e+003		
8.504990e+002	2.877000e+004		6.849990e+002	2.640000e+003		5.289490e+002	1.971111e+003		2.854490e+002	5.290000e+003		
8.494990e+002	2.732000e+004		6.849490e+002	2.813333e+003		5.288990e+002	1.955556e+003		2.853990e+002	5.440000e+003		
8.484990e+002	2.684000e+004		6.848990e+002	2.900000e+003		5.288490e+002	1.940000e+003		2.853490e+002	5.556667e+003		
8.474990e+002	2.607000e+004		6.848490e+002	2.750000e+003		5.287990e+002	1.982222e+003		2.852990e+002	5.673333e+003		
8.464990e+002	2.577000e+004		6.847990e+002	2.856667e+003		5.287490e+002	1.986667e+003		2.852490e+002	5.726667e+003		
8.454990e+002	2.561000e+004		6.847490e+002	2.776667e+003		5.286990e+002	1.857778e+003		2.851990e+002	5.916667e+003		
8.444990e+002	2.528000e+004		6.846990e+002	2.753333e+003		5.286490e+002	1.986667e+003		2.851490e+002	6.003333e+003		
8.434990e+002	2.538000e+004		6.846490e+002	2.720000e+003		5.285990e+002	1.993333e+003		2.850990e+002	6.056667e+003		
8.424990e+002	2.501000e+004		6.845990e+002	2.886667e+003		5.285490e+002	1.988889e+003		2.850490e+002	6.033333e+003		
8.414990e+002	2.525000e+004		6.845490e+002	2.820000e+003		5.284990e+002	1.920000e+003		2.849990e+002	6.183333e+003		
8.404990e+002	2.577000e+004		6.844990e+002	2.656667e+003		5.284490e+002	1.908889e+003		2.849490e+002	6.030000e+003		
8.394990e+002	2.690000e+004		6.844490e+002	2.600000e+003		5.283990e+002	1.837778e+003		2.848990e+002	6.200000e+003		
8.384990e+002	2.823000e+004		6.843990e+002	2.643333e+003		5.283490e+002	1.820000e+003		2.848490e+002	6.310000e+003		
8.374990e+002	3.043000e+004		6.843490e+002	2.613333e+003		5.282990e+002	1.917778e+003		2.847990e+002	6.523333e+003		
8.364990e+002	3.308000e+004		6.842990e+002	2.636667e+003		5.282490e+002	1.911111e+003		2.847490e+002	6.616667e+003		
8.354990e+002	3.563000e+004		6.842490e+002	2.703333e+003		5.281990e+002	1.873333e+003		2.846990e+002	6.293333e+003		
8.344990e+002	3.960000e+004		6.841990e+002	2.623333e+003		5.281490e+002	1.837778e+003		2.846490e+002	6.593333e+003		
8.334990e+002	4.213000e+004		6.841490e+002	2.510000e+003		5.280990e+002	1.880000e+003		2.845990e+002	6.536667e+003		
8.324990e+002	4.178000e+004		6.840990e+002	2.563333e+003		5.280490e+002	1.855556e+003		2.845490e+002	6.560000e+003		
8.314990e+002	3.863000e+004		6.840490e+002	2.446667e+003		5.279990e+002	1.882222e+003		2.844990e+002	6.343333e+003		
8.304990e+002	3.518000e+004		6.839990e+002	2.410000e+003		5.279490e+002	1.944444e+003		2.844490e+002	6.090000e+003		
8.294990e+002	3.315000e+004		6.839490e+002	2.656667e+003		5.278990e+002	1.897778e+003		2.843990e+002	6.010000e+003		
8.284990e+002	2.972000e+004		6.838990e+002	2.446667e+003		5.278490e+002	2.091111e+003		2.843490e+002	6.033333e+003		
8.274990e+002	2.807000e+004		6.838490e+002	2.570000e+003		5.277990e+002	1.933333e+003		2.842990e+002	5.990000e+003		
8.264990e+002	2.587000e+004		6.837990e+002	2.583333e+003		5.277490e+002	1.913333e+003		2.842490e+002	5.706667e+003		
8.254990e+002	2.412000e+004		6.837490e+002	2.486667e+003		5.276990e+002	1.855556e+003		2.841990e+002	5.433333e+003		
8.244990e+002	2.268000e+004		6.836990e+002	2.406667e+003		5.276490e+002	1.911111e+003		2.841490e+002	5.200000e+003		
8.234990e+002	2.162000e+004		6.836490e+002	2.423333e+003		5.275990e+002	1.955556e+003		2.840990e+002	4.956667e+003		
8.224990e+002	2.065000e+004		6.835990e+002	2.593333e+003		5.275490e+002	1.815556e+003		2.840490e+002	4.706667e+003		
8.214990e+002	1.924000e+004		6.835490e+002	2.483333e+003		5.274990e+002	1.671111e+003		2.839990e+002	4.526667e+003		
8.204990e+002	1.897000e+004		6.834990e+002	2.483333e+003		5.274490e+002	1.944444e+003		2.839490e+002	4.250000e+003		
8.194990e+002	1.850000e+004		6.834490e+002	2.506667e+003		5.273990e+002	1.893333e+003		2.838990e+002	4.026667e+003		
8.184990e+002	1.828000e+004		6.833990e+002	2.473333e+003		5.273490e+002	1.820000e+003		2.838490e+002	3.623333e+003		
8.174990e+002	1.828000e+004		6.833490e+002	2.430000e+003		5.272990e+002	1.984444e+003		2.837990e+002	3.446667e+003		
8.164990e+002	1.799000e+004		6.832990e+002	2.353333e+003		5.272490e+002	1.997778e+003		2.837490e+002	3.210000e+003		
8.154990e+002	1.745000e+004		6.832490e+002	2.423333e+003		5.271990e+002	1.868889e+003		2.836990e+002	2.886667e+003		
8.144990e+002	1.716000e+004		6.831990e+002	2.416667e+003		5.271490e+002	1.817778e+003		2.836490e+002	2.593333e+003		
8.134990e+002	1.757000e+004		6.831490e+002	2.400000e+003		5.270990e+002	1.922222e+003		2.835990e+002	2.503333e+003		
8.124990e+002	1.717000e+004		6.830990e+002	2.336667e+003		5.270490e+002	1.931111e+003		2.835490e+002	2.460000e+003		
8.114990e+002	1.707000e+004		6.830490e+002	2.490000e+003		5.269990e+002	1.935556e+003		2.834990e+002	2.150000e+003		
8.104990e+002	1.759000e+004		6.829990e+002	2.426667e+003		5.269490e+002	1.886667e+003		2.834490e+002	2.083333e+003		
8.094990e+002	1.719000e+004		6.829490e+002	2.450000e+003		5.268990e+002	1.900000e+003		2.833990e+002	1.710000e+003		
8.084990e+002	1.725000e+004		6.828990e+002	2.533333e+003		5.268490e+002	1.844444e+003		2.833490e+002	1.603333e+003		
8.074990e+002	1.709000e+004		6.828490e+002	2.406667e+003		5.267990e+002	1.842222e+003		2.832990e+002	1.483333e+003		
8.064990e+002	1.734000e+004		6.827990e+002	2.466667e+003		5.267490e+002	1.826667e+003		2.832490e+002	1.336667e+003		
8.054990e+002	1.707000e+004		6.827490e+002	2.500000e+003		5.266990e+002	1.993333e+003		2.831990e+002	1.253333e+003		
8.044990e+002	1.751000e+004		6.826990e+002	2.453333e+003		5.266490e+002	1.968889e+003		2.831490e+002	1.163333e+003		
8.034990e+002	1.712000e+004		6.826490e+002	2.590000e+003		5.265990e+002	1.875556e+003		2.830990e+002	1.013333e+003		
8.024990e+002	1.671000e+004		6.825990e+002	2.503333e+003		5.265490e+002	1.882222e+003		2.830490e+002	8.466667e+002		
8.014990e+002	1.746000e+004		6.825490e+002	2.563333e+003		5.264990e+002	1.835556e+003		2.829990e+002	8.000000e+002		
8.004990e+002	1.741000e+004		6.824990e+002	2.463333e+003		5.264490e+002	1.880000e+003		2.829490e+002	7.833333e+002		
7.994990e+002	1.714000e+004		6.824490e+002	2.410000e+003		5.263990e+002	1.915556e+003		2.828990e+002	8.033333e+002		
7.984990e+002	1.707000e+004		6.823990e+002	2.420000e+003		5.263490e+002	1.875556e+003		2.828490e+002	6.900000e+002		
7.974990e+002	1.646000e+004		6.823490e+002	2.400000e+003		5.262990e+002	2.028889e+003		2.827990e+002	7.733333e+002		
7.964990e+002	1.728000e+004		6.822990e+002	2.386667e+003		5.262490e+002	1.820000e+003		2.827490e+002	5.666667e+002		
7.954990e+002	1.674000e+004		6.822490e+002	2.290000e+003		5.261990e+002	1.868889e+003		2.826990e+002	6.700000e+002		
7.944990e+002	1.689000e+004		6.821990e+002	2.443333e+003		5.261490e+002	1.800000e+003		2.826490e+002	5.800000e+002		
7.934990e+002	1.676000e+004		6.821490e+002	2.466667e+003		5.260990e+002	1.955556e+003		2.825990e+002	5.933333e+002		
7.924990e+002	1.743000e+004		6.820990e+002	2.390000e+003		5.260490e+002	1.891111e+003		2.825490e+002	5.500000e+002		
7.914990e+002	1.754000e+004		6.820490e+002	2.323333e+003		5.259990e+002	1.877778e+003		2.824990e+002	5.300000e+002		
7.904990e+002	1.710000e+004		6.819990e+002	2.390000e+003		5.259490e+002	1.893333e+003		2.824490e+002	5.300000e+002		
7.894990e+002	1.657000e+004		6.819490e+002	2.266667e+003		5.258990e+002	1.871111e+003		2.823990e+002	4.933333e+002		
7.884990e+002	1.676000e+004		6.818990e+002	2.303333e+003		5.258490e+002	1.888889e+003		2.823490e+002	5.466667e+002		
7.874990e+002	1.685000e+004		6.818490e+002	2.283333e+003		5.257990e+002	1.982222e+003		2.822990e+002	4.633333e+002		
7.864990e+002	1.722000e+004		6.817990e+002	2.166667e+003		5.257490e+002	1.880000e+003		2.822490e+002	4.766667e+002		
7.854990e+002	1.758000e+004		6.817490e+002	2.336667e+003		5.256990e+002	1.915556e+003		2.821990e+002	5.266667e+002		
7.844990e+002	1.763000e+004		6.816990e+002	2.456667e+003		5.256490e+002	1.902222e+003		2.821490e+002	5.600000e+002		
7.834990e+002	1.684000e+004		6.816490e+002	2.413333e+003		5.255990e+002	1.886667e+003		2.820990e+002	4.866667e+002		
7.824990e+002	1.739000e+004		6.815990e+002	2.403333e+003		5.255490e+002	1.960000e+003		2.820490e+002	5.100000e+002		
7.814990e+002	1.757000e+004		6.815490e+002	2.453333e+003		5.254990e+002	1.948889e+003		2.819990e+002	4.033333e+002		
7.804990e+002	1.687000e+004		6.814990e+002	2.413333e+003		5.254490e+002	1.928889e+003		2.819490e+002	4.600000e+002		
7.794990e+002	1.661000e+004		6.814490e+002	2.400000e+003		5.253990e+002	1.897778e+003		2.818990e+002	5.033333e+002		
7.784990e+002	1.738000e+004		6.813990e+002	2.316667e+003		5.253490e+002	1.971111e+003		2.818490e+002	4.700000e+002		
7.774990e+002	1.715000e+004		6.813490e+002	2.380000e+003		5.252990e+002	1.931111e+003		2.817990e+002	4.633333e+002		
7.764990e+002	1.717000e+004		6.812990e+002	2.513333e+003		5.252490e+002	1.924444e+003		2.817490e+002	4.166667e+002		
7.754990e+002	1.725000e+004		6.812490e+002	2.420000e+003		5.251990e+002	1.964444e+003		2.816990e+002	4.433333e+002		
7.744990e+002	1.735000e+004		6.811990e+002	2.313333e+003		5.251490e+002	1.964444e+003		2.816490e+002	4.566667e+002		
7.734990e+002	1.763000e+004		6.811490e+002	2.386667e+003		5.250990e+002	1.940000e+003		2.815990e+002	4.300000e+002		
7.724990e+002	1.703000e+004		6.810990e+002	2.443333e+003		5.250490e+002	1.893333e+003		2.815490e+002	3.866667e+002		
7.714990e+002	1.769000e+004		6.810490e+002	2.423333e+003		5.249990e+002	1.806667e+003		2.814990e+002	4.033333e+002		
7.704990e+002	1.692000e+004		6.809990e+002	2.320000e+003		5.249490e+002	1.946667e+003		2.814490e+002	4.500000e+002		
7.694990e+002	1.755000e+004		6.809490e+002	2.253333e+003		5.248990e+002	1.873333e+003		2.813990e+002	4.400000e+002		
7.684990e+002	1.684000e+004		6.808990e+002	2.446667e+003		5.248490e+002	1.855556e+003		2.813490e+002	3.933333e+002		
7.674990e+002	1.707000e+004		6.808490e+002	2.396667e+003		5.247990e+002	1.864444e+003		2.812990e+002	4.233333e+002		
7.664990e+002	1.698000e+004		6.807990e+002	2.376667e+003		5.247490e+002	1.760000e+003		2.812490e+002	3.300000e+002		
7.654990e+002	1.754000e+004		6.807490e+002	2.206667e+003		5.246990e+002	1.913333e+003		2.811990e+002	3.933333e+002		
7.644990e+002	1.686000e+004		6.806990e+002	2.400000e+003		5.246490e+002	1.864444e+003		2.811490e+002	3.833333e+002		
7.634990e+002	1.781000e+004		6.806490e+002	2.353333e+003		5.245990e+002	1.837778e+003		2.810990e+002	4.066667e+002		
7.624990e+002	1.709000e+004		6.805990e+002	2.416667e+003		5.245490e+002	1.891111e+003		2.810490e+002	4.566667e+002		
7.614990e+002	1.709000e+004		6.805490e+002	2.390000e+003		5.244990e+002	1.891111e+003		2.809990e+002	4.133333e+002		
7.604990e+002	1.680000e+004		6.804990e+002	2.513333e+003		5.244490e+002	1.864444e+003		2.809490e+002	4.166667e+002		
7.594990e+002	1.706000e+004		6.804490e+002	2.450000e+003		5.243990e+002	1.911111e+003		2.808990e+002	3.666667e+002		
7.584990e+002	1.753000e+004		6.803990e+002	2.380000e+003		5.243490e+002	1.911111e+003		2.808490e+002	3.933333e+002		
7.574990e+002	1.714000e+004		6.803490e+002	2.286667e+003		5.242990e+002	1.855556e+003		2.807990e+002	4.033333e+002		
7.564990e+002	1.725000e+004		6.802990e+002	2.240000e+003		5.242490e+002	1.908889e+003		2.807490e+002	3.800000e+002		
7.554990e+002	1.743000e+004		6.802490e+002	2.476667e+003		5.241990e+002	1.875556e+003		2.806990e+002	4.300000e+002		
7.544990e+002	1.768000e+004		6.801990e+002	2.370000e+003		5.241490e+002	1.875556e+003		2.806490e+002	4.000000e+002		
7.534990e+002	1.740000e+004		6.801490e+002	2.473333e+003		5.240990e+002	1.782222e+003		2.805990e+002	4.266667e+002		
7.524990e+002	1.723000e+004		6.800990e+002	2.506667e+003		5.240490e+002	1.888889e+003		2.805490e+002	4.033333e+002		
7.514990e+002	1.731000e+004		6.800490e+002	2.283333e+003		5.239990e+002	1.775556e+003		2.804990e+002	3.900000e+002		
7.504990e+002	1.728000e+004		6.799990e+002	2.493333e+003		5.239490e+002	1.860000e+003		2.804490e+002	3.566667e+002		
7.494990e+002	1.727000e+004		6.799490e+002	2.380000e+003		5.238990e+002	1.864444e+003		2.803990e+002	4.733333e+002		
7.484990e+002	1.735000e+004		6.798990e+002	2.426667e+003		5.238490e+002	1.786667e+003		2.803490e+002	4.666667e+002		
7.474990e+002	1.733000e+004		6.798490e+002	2.463333e+003		5.237990e+002	1.886667e+003		2.802990e+002	4.066667e+002		
7.464990e+002	1.789000e+004		6.797990e+002	2.366667e+003		5.237490e+002	1.966667e+003		2.802490e+002	3.600000e+002		
7.454990e+002	1.808000e+004		6.797490e+002	2.306667e+003		5.236990e+002	1.931111e+003		2.801990e+002	3.966667e+002		
7.444990e+002	1.760000e+004		6.796990e+002	2.280000e+003		5.236490e+002	1.811111e+003		2.801490e+002	4.133333e+002		
7.434990e+002	1.703000e+004		6.796490e+002	2.323333e+003		5.235990e+002	1.866667e+003		2.800990e+002	3.900000e+002		
7.424990e+002	1.750000e+004		6.795990e+002	2.310000e+003		5.235490e+002	1.853333e+003		2.800490e+002	3.933333e+002		
7.414990e+002	1.782000e+004		6.795490e+002	2.303333e+003		5.234990e+002	1.857778e+003		2.799990e+002	4.066667e+002		
7.404990e+002	1.699000e+004		6.794990e+002	2.293333e+003					2.799490e+002	3.733333e+002		
7.394990e+002	1.697000e+004		6.794490e+002	2.466667e+003					2.798990e+002	3.800000e+002		
7.384990e+002	1.718000e+004		6.793990e+002	2.393333e+003					2.798490e+002	3.833333e+002		
7.374990e+002	1.768000e+004		6.793490e+002	2.290000e+003					2.797990e+002	3.733333e+002		
7.364990e+002	1.841000e+004		6.792990e+002	2.366667e+003					2.797490e+002	4.300000e+002		
7.354990e+002	1.768000e+004		6.792490e+002	2.280000e+003					2.796990e+002	4.366667e+002		
7.344990e+002	1.775000e+004		6.791990e+002	2.263333e+003					2.796490e+002	4.300000e+002		
7.334990e+002	1.711000e+004		6.791490e+002	2.393333e+003					2.795990e+002	4.633333e+002		
7.324990e+002	1.652000e+004		6.790990e+002	2.273333e+003					2.795490e+002	3.600000e+002		
7.314990e+002	1.667000e+004		6.790490e+002	2.363333e+003					2.794990e+002	3.866667e+002		
7.304990e+002	1.648000e+004		6.789990e+002	2.243333e+003					2.794490e+002	3.933333e+002		
7.294990e+002	1.645000e+004		6.789490e+002	2.323333e+003					2.793990e+002	3.933333e+002		
7.284990e+002	1.697000e+004		6.788990e+002	2.413333e+003					2.793490e+002	4.833333e+002		
7.274990e+002	1.696000e+004		6.788490e+002	2.363333e+003					2.792990e+002	4.166667e+002		
7.264990e+002	1.704000e+004		6.787990e+002	2.340000e+003					2.792490e+002	3.666667e+002		
7.254990e+002	1.700000e+004		6.787490e+002	2.503333e+003					2.791990e+002	3.700000e+002		
7.244990e+002	1.718000e+004		6.786990e+002	2.430000e+003					2.791490e+002	3.300000e+002		
7.234990e+002	1.799000e+004		6.786490e+002	2.273333e+003					2.790990e+002	4.300000e+002		
7.224990e+002	1.844000e+004		6.785990e+002	2.256667e+003					2.790490e+002	4.400000e+002		
7.214990e+002	1.842000e+004		6.785490e+002	2.480000e+003					2.789990e+002	4.100000e+002		
7.204990e+002	1.888000e+004		6.784990e+002	2.356667e+003					2.789490e+002	3.800000e+002		
7.194990e+002	1.893000e+004		6.784490e+002	2.220000e+003					2.788990e+002	3.500000e+002		
7.184990e+002	1.840000e+004		6.783990e+002	2.266667e+003					2.788490e+002	4.133333e+002		
7.174990e+002	1.790000e+004		6.783490e+002	2.316667e+003					2.787990e+002	4.500000e+002		
7.164990e+002	1.813000e+004		6.782990e+002	2.333333e+003					2.787490e+002	3.766667e+002		
7.154990e+002	1.776000e+004		6.782490e+002	2.266667e+003					2.786990e+002	3.800000e+002		
7.144990e+002	1.735000e+004		6.781990e+002	2.373333e+003					2.786490e+002	3.800000e+002		
7.134990e+002	1.758000e+004		6.781490e+002	2.386667e+003					2.785990e+002	3.866667e+002		
7.124990e+002	1.820000e+004		6.780990e+002	2.263333e+003					2.785490e+002	4.000000e+002		
7.114990e+002	1.806000e+004		6.780490e+002	2.370000e+003					2.784990e+002	3.766667e+002		
7.104990e+002	1.769000e+004		6.779990e+002	2.303333e+003					2.784490e+002	3.866667e+002		
7.094990e+002	1.787000e+004		6.779490e+002	2.386667e+003					2.783990e+002	3.433333e+002		
7.084990e+002	1.749000e+004		6.778990e+002	2.240000e+003					2.783490e+002	3.166667e+002		
7.074990e+002	1.686000e+004		6.778490e+002	2.336667e+003					2.782990e+002	3.500000e+002		
7.064990e+002	1.585000e+004		6.777990e+002	2.283333e+003					2.782490e+002	4.200000e+002		
7.054990e+002	1.531000e+004		6.777490e+002	2.406667e+003					2.781990e+002	4.100000e+002		
7.044990e+002	1.421000e+004		6.776990e+002	2.350000e+003					2.781490e+002	3.800000e+002		
7.034990e+002	1.309000e+004		6.776490e+002	2.206667e+003					2.780990e+002	3.966667e+002		
7.024990e+002	1.276000e+004		6.775990e+002	2.263333e+003					2.780490e+002	4.200000e+002		
7.014990e+002	1.235000e+004		6.775490e+002	2.280000e+003					2.779990e+002	3.933333e+002		
7.004990e+002	1.171000e+004		6.774990e+002	2.396667e+003					2.779490e+002	3.366667e+002		
6.994990e+002	1.100000e+004		6.774490e+002	2.393333e+003					2.778990e+002	4.266667e+002		
6.984990e+002	9.920000e+003								2.778490e+002	3.933333e+002		
6.974990e+002	8.840000e+003								2.777990e+002	3.933333e+002		
6.964990e+002	8.300000e+003								2.777490e+002	4.100000e+002		
6.954990e+002	7.470000e+003								2.776990e+002	3.900000e+002		
6.944990e+002	7.770000e+003								2.776490e+002	4.300000e+002		
6.934990e+002	8.370000e+003								2.775990e+002	3.533333e+002		
6.924990e+002	1.004000e+004								2.775490e+002	4.066667e+002		
6.914990e+002	1.529000e+004								2.774990e+002	3.466667e+002		
6.904990e+002	3.011000e+004								2.774490e+002	4.500000e+002		
6.894990e+002	6.278000e+004								2.773990e+002	4.100000e+002		
6.884990e+002	9.817000e+004								2.773490e+002	3.433333e+002		
6.874990e+002	8.060000e+004								2.772990e+002	4.233333e+002		
6.864990e+002	3.105000e+004								2.772490e+002	3.933333e+002		
6.854990e+002	1.095000e+004								2.771990e+002	3.500000e+002		
6.844990e+002	6.950000e+003								2.771490e+002	4.000000e+002		
6.834990e+002	6.270000e+003								2.770990e+002	3.866667e+002		
6.824990e+002	6.190000e+003								2.770490e+002	3.966667e+002		
6.814990e+002	6.340000e+003								2.769990e+002	3.933333e+002		
6.804990e+002	6.100000e+003								2.769490e+002	3.766667e+002		
6.794990e+002	6.000000e+003								2.768990e+002	3.766667e+002		
6.784990e+002	5.900000e+003								2.768490e+002	3.466667e+002		
6.774990e+002	5.680000e+003								2.767990e+002	3.800000e+002		
6.764990e+002	5.550000e+003								2.767490e+002	4.400000e+002		
6.754990e+002	5.680000e+003								2.766990e+002	3.733333e+002		
6.744990e+002	5.910000e+003								2.766490e+002	4.300000e+002		
6.734990e+002	5.780000e+003								2.765990e+002	3.200000e+002		
6.724990e+002	6.060000e+003								2.765490e+002	4.100000e+002		
6.714990e+002	5.840000e+003								2.764990e+002	3.866667e+002		
6.704990e+002	6.150000e+003								2.764490e+002	3.933333e+002		
6.694990e+002	6.260000e+003								2.763990e+002	4.500000e+002		
6.684990e+002	6.270000e+003								2.763490e+002	4.433333e+002		
6.674990e+002	5.730000e+003								2.762990e+002	3.966667e+002		
6.664990e+002	6.020000e+003								2.762490e+002	4.066667e+002		
6.654990e+002	5.960000e+003								2.761990e+002	4.100000e+002		
6.644990e+002	6.070000e+003								2.761490e+002	4.466667e+002		
6.634990e+002	6.160000e+003								2.760990e+002	3.733333e+002		
6.624990e+002	5.850000e+003								2.760490e+002	4.566667e+002		
6.614990e+002	5.880000e+003								2.759990e+002	4.533333e+002		
6.604990e+002	5.910000e+003								2.759490e+002	3.833333e+002		
6.594990e+002	5.720000e+003								2.758990e+002	4.200000e+002		
6.584990e+002	5.840000e+003								2.758490e+002	4.233333e+002		
6.574990e+002	6.550000e+003								2.757990e+002	3.866667e+002		
6.564990e+002	5.990000e+003								2.757490e+002	3.600000e+002		
6.554990e+002	6.110000e+003								2.756990e+002	4.100000e+002		
6.544990e+002	5.960000e+003								2.756490e+002	3.566667e+002		
6.534990e+002	5.870000e+003								2.755990e+002	3.700000e+002		
6.524990e+002	6.190000e+003								2.755490e+002	4.000000e+002		
6.514990e+002	6.290000e+003								2.754990e+002	3.633333e+002		
6.504990e+002	6.220000e+003								2.754490e+002	3.933333e+002		
6.494990e+002	5.960000e+003								2.753990e+002	3.866667e+002		
6.484990e+002	5.830000e+003								2.753490e+002	4.533333e+002		
6.474990e+002	5.900000e+003								2.752990e+002	4.233333e+002		
6.464990e+002	6.060000e+003								2.752490e+002	4.466667e+002		
6.454990e+002	5.980000e+003								2.751990e+002	3.533333e+002		
6.444990e+002	6.390000e+003								2.751490e+002	3.900000e+002		
6.434990e+002	5.910000e+003								2.750990e+002	4.266667e+002		
6.424990e+002	6.290000e+003								2.750490e+002	3.766667e+002		
6.414990e+002	6.500000e+003								2.749990e+002	3.766667e+002		
6.404990e+002	6.370000e+003											
6.394990e+002	6.270000e+003											
6.384990e+002	5.950000e+003											
6.374990e+002	6.240000e+003											
6.364990e+002	5.890000e+003											
6.354990e+002	5.960000e+003											
6.344990e+002	6.300000e+003											
6.334990e+002	6.400000e+003											
6.324990e+002	6.270000e+003											
6.314990e+002	6.200000e+003											
6.304990e+002	6.390000e+003											
6.294990e+002	5.770000e+003											
6.284990e+002	5.670000e+003											
6.274990e+002	6.180000e+003											
6.264990e+002	5.950000e+003											
6.254990e+002	6.000000e+003											
6.244990e+002	5.890000e+003											
6.234990e+002	6.220000e+003											
6.224990e+002	6.430000e+003											
6.214990e+002	6.600000e+003											
6.204990e+002	6.090000e+003											
6.194990e+002	6.230000e+003											
6.184990e+002	6.290000e+003											
6.174990e+002	6.220000e+003											
6.164990e+002	6.380000e+003											
6.154990e+002	6.060000e+003											
6.144990e+002	6.170000e+003											
6.134990e+002	5.970000e+003											
6.124990e+002	6.350000e+003											
6.114990e+002	6.260000e+003											
6.104990e+002	6.320000e+003											
6.094990e+002	6.250000e+003											
6.084990e+002	6.620000e+003											
6.074990e+002	6.250000e+003											
6.064990e+002	6.470000e+003											
6.054990e+002	6.560000e+003											
6.044990e+002	6.110000e+003											
6.034990e+002	6.000000e+003											
6.024990e+002	5.880000e+003											
6.014990e+002	6.240000e+003											
6.004990e+002	6.410000e+003											
5.994990e+002	6.580000e+003											
5.984990e+002	6.290000e+003											
5.974990e+002	6.130000e+003											
5.964990e+002	6.560000e+003											
5.954990e+002	6.540000e+003											
5.944990e+002	6.570000e+003											
5.934990e+002	6.640000e+003											
5.924990e+002	6.050000e+003											
5.914990e+002	6.350000e+003											
5.904990e+002	6.150000e+003											
5.894990e+002	6.360000e+003											
5.884990e+002	6.590000e+003											
5.874990e+002	6.620000e+003											
5.864990e+002	6.510000e+003											
5.854990e+002	6.540000e+003											
5.844990e+002	6.330000e+003											
5.834990e+002	6.690000e+003											
5.824990e+002	6.350000e+003											
5.814990e+002	6.350000e+003											
5.804990e+002	6.460000e+003											
5.794990e+002	6.500000e+003											
5.784990e+002	6.860000e+003											
5.774990e+002	6.360000e+003											
5.764990e+002	6.450000e+003											
5.754990e+002	6.590000e+003											
5.744990e+002	5.860000e+003											
5.734990e+002	6.220000e+003											
5.724990e+002	6.290000e+003											
5.714990e+002	6.630000e+003											
5.704990e+002	6.580000e+003											
5.694990e+002	6.500000e+003											
5.684990e+002	6.280000e+003											
5.674990e+002	6.570000e+003											
5.664990e+002	6.590000e+003											
5.654990e+002	6.260000e+003											
5.644990e+002	6.320000e+003											
5.634990e+002	6.670000e+003											
5.624990e+002	6.390000e+003											
5.614990e+002	6.560000e+003											
5.604990e+002	6.730000e+003											
5.594990e+002	6.660000e+003											
5.584990e+002	6.600000e+003											
5.574990e+002	6.580000e+003											
5.564990e+002	6.460000e+003											
5.554990e+002	6.840000e+003											
5.544990e+002	6.610000e+003											
5.534990e+002	6.510000e+003											
5.524990e+002	6.760000e+003											
5.514990e+002	6.670000e+003											
5.504990e+002	6.110000e+003											
5.494990e+002	6.180000e+003											
5.484990e+002	6.340000e+003											
5.474990e+002	6.360000e+003											
5.464990e+002	6.160000e+003											
5.454990e+002	5.890000e+003											
5.444990e+002	5.900000e+003											
5.434990e+002	5.710000e+003											
5.424990e+002	5.870000e+003											
5.414990e+002	5.560000e+003											
5.404990e+002	5.510000e+003											
5.394990e+002	5.580000e+003											
5.384990e+002	5.830000e+003											
5.374990e+002	5.620000e+003											
5.364990e+002	6.010000e+003											
5.354990e+002	7.510000e+003											
5.344990e+002	1.033000e+004											
5.334990e+002	1.438000e+004											
5.324990e+002	1.478000e+004											
5.314990e+002	1.128000e+004											
5.304990e+002	6.910000e+003											
5.294990e+002	5.590000e+003											
5.284990e+002	5.120000e+003											
5.274990e+002	5.130000e+003											
5.264990e+002	4.730000e+003											
5.254990e+002	5.330000e+003											
5.244990e+002	5.240000e+003											
5.234990e+002	5.030000e+003											
5.224990e+002	5.280000e+003											
5.214990e+002	5.160000e+003											
5.204990e+002	5.090000e+003											
5.194990e+002	5.210000e+003											
5.184990e+002	4.960000e+003											
5.174990e+002	4.960000e+003											
5.164990e+002	5.170000e+003											
5.154990e+002	4.780000e+003											
5.144990e+002	4.720000e+003											
5.134990e+002	4.970000e+003											
5.124990e+002	5.020000e+003											
5.114990e+002	5.090000e+003											
5.104990e+002	4.870000e+003											
5.094990e+002	5.090000e+003											
5.084990e+002	5.140000e+003											
5.074990e+002	5.070000e+003											
5.064990e+002	4.990000e+003											
5.054990e+002	5.210000e+003											
5.044990e+002	5.230000e+003											
5.034990e+002	5.150000e+003											
5.024990e+002	4.860000e+003											
5.014990e+002	5.050000e+003											
5.004990e+002	4.950000e+003											
4.994990e+002	5.050000e+003											
4.984990e+002	4.990000e+003											
4.974990e+002	5.110000e+003											
4.964990e+002	4.950000e+003											
4.954990e+002	4.850000e+003											
4.944990e+002	4.960000e+003											
4.934990e+002	5.220000e+003											
4.924990e+002	5.690000e+003											
4.914990e+002	5.120000e+003											
4.904990e+002	5.230000e+003											
4.894990e+002	4.930000e+003											
4.884990e+002	4.960000e+003											
4.874990e+002	4.640000e+003											
4.864990e+002	5.050000e+003											
4.854990e+002	4.860000e+003											
4.844990e+002	5.140000e+003											
4.834990e+002	5.000000e+003											
4.824990e+002	4.940000e+003											
4.814990e+002	5.080000e+003											
4.804990e+002	5.170000e+003											
4.794990e+002	4.770000e+003											
4.784990e+002	5.170000e+003											
4.774990e+002	5.140000e+003											
4.764990e+002	5.230000e+003											
4.754990e+002	5.250000e+003											
4.744990e+002	5.250000e+003											
4.734990e+002	5.200000e+003											
4.724990e+002	5.170000e+003											
4.714990e+002	5.520000e+003											
4.704990e+002	5.210000e+003											
4.694990e+002	5.100000e+003											
4.684990e+002	5.250000e+003											
4.674990e+002	5.740000e+003											
4.664990e+002	5.230000e+003											
4.654990e+002	5.070000e+003											
4.644990e+002	5.180000e+003											
4.634990e+002	5.360000e+003											
4.624990e+002	5.290000e+003											
4.614990e+002	5.440000e+003											
4.604990e+002	5.460000e+003											
4.594990e+002	5.550000e+003											
4.584990e+002	5.630000e+003											
4.574990e+002	5.360000e+003											
4.564990e+002	5.290000e+003											
4.554990e+002	5.170000e+003											
4.544990e+002	5.240000e+003											
4.534990e+002	5.400000e+003											
4.524990e+002	5.460000e+003											
4.514990e+002	5.250000e+003											
4.504990e+002	5.580000e+003											
4.494990e+002	5.260000e+003											
4.484990e+002	5.170000e+003											
4.474990e+002	5.220000e+003											
4.464990e+002	5.180000e+003											
4.454990e+002	4.970000e+003											
4.444990e+002	5.540000e+003											
4.434990e+002	5.200000e+003											
4.424990e+002	5.230000e+003											
4.414990e+002	5.470000e+003											
4.404990e+002	5.700000e+003											
4.394990e+002	5.420000e+003											
4.384990e+002	5.220000e+003											
4.374990e+002	5.460000e+003											
4.364990e+002	5.420000e+003											
4.354990e+002	5.020000e+003											
4.344990e+002	5.280000e+003											
4.334990e+002	5.550000e+003											
4.324990e+002	5.290000e+003											
4.314990e+002	5.570000e+003											
4.304990e+002	5.780000e+003											
4.294990e+002	6.060000e+003											
4.284990e+002	5.510000e+003											
4.274990e+002	5.370000e+003											
4.264990e+002	5.260000e+003											
4.254990e+002	5.760000e+003											
4.244990e+002	5.600000e+003											
4.234990e+002	5.420000e+003											
4.224990e+002	5.390000e+003											
4.214990e+002	5.130000e+003											
4.204990e+002	5.230000e+003											
4.194990e+002	5.230000e+003											
4.184990e+002	5.170000e+003											
4.174990e+002	5.140000e+003											
4.164990e+002	5.430000e+003											
4.154990e+002	5.470000e+003											
4.144990e+002	5.600000e+003											
4.134990e+002	5.070000e+003											
4.124990e+002	5.030000e+003											
4.114990e+002	5.290000e+003											
4.104990e+002	5.310000e+003											
4.094990e+002	5.370000e+003											
4.084990e+002	5.660000e+003											
4.074990e+002	5.860000e+003											
4.064990e+002	5.560000e+003											
4.054990e+002	5.500000e+003											
4.044990e+002	5.560000e+003											
4.034990e+002	5.810000e+003											
4.024990e+002	5.870000e+003											
4.014990e+002	5.800000e+003											
4.004990e+002	5.560000e+003											
3.994990e+002	5.700000e+003											
3.984990e+002	6.020000e+003											
3.974990e+002	5.740000e+003											
3.964990e+002	5.690000e+003											
3.954990e+002	5.290000e+003											
3.944990e+002	5.390000e+003											
3.934990e+002	5.650000e+003											
3.924990e+002	5.430000e+003											
3.914990e+002	5.640000e+003											
3.904990e+002	5.840000e+003											
3.894990e+002	5.450000e+003											
3.884990e+002	6.050000e+003											
3.874990e+002	5.430000e+003											
3.864990e+002	5.600000e+003											
3.854990e+002	5.420000e+003											
3.844990e+002	5.400000e+003											
3.834990e+002	5.400000e+003											
3.824990e+002	5.390000e+003											
3.814990e+002	5.650000e+003											
3.804990e+002	5.760000e+003											
3.794990e+002	5.880000e+003											
3.784990e+002	5.730000e+003											
3.774990e+002	5.790000e+003											
3.764990e+002	5.850000e+003											
3.754990e+002	5.660000e+003											
3.744990e+002	5.960000e+003											
3.734990e+002	5.720000e+003											
3.724990e+002	6.010000e+003											
3.714990e+002	5.730000e+003											
3.704990e+002	5.910000e+003											
3.694990e+002	5.430000e+003											
3.684990e+002	5.360000e+003											
3.674990e+002	5.440000e+003											
3.664990e+002	5.820000e+003											
3.654990e+002	5.910000e+003											
3.644990e+002	5.800000e+003											
3.634990e+002	5.930000e+003											
3.624990e+002	5.670000e+003											
3.614990e+002	6.090000e+003											
3.604990e+002	6.250000e+003											
3.594990e+002	5.910000e+003											
3.584990e+002	5.600000e+003											
3.574990e+002	5.940000e+003											
3.564990e+002	5.680000e+003											
3.554990e+002	5.840000e+003											
3.544990e+002	5.900000e+003											
3.534990e+002	6.150000e+003											
3.524990e+002	5.850000e+003											
3.514990e+002	5.860000e+003											
3.504990e+002	5.830000e+003											
3.494990e+002	6.230000e+003											
3.484990e+002	6.250000e+003											
3.474990e+002	6.060000e+003											
3.464990e+002	6.310000e+003											
3.454990e+002	5.840000e+003											
3.444990e+002	6.180000e+003											
3.434990e+002	6.300000e+003											
3.424990e+002	6.730000e+003											
3.414990e+002	6.170000e+003											
3.404990e+002	5.990000e+003											
3.394990e+002	6.180000e+003											
3.384990e+002	5.960000e+003											
3.374990e+002	6.020000e+003											
3.364990e+002	5.850000e+003											
3.354990e+002	6.360000e+003											
3.344990e+002	6.160000e+003											
3.334990e+002	6.560000e+003											
3.324990e+002	6.020000e+003											
3.314990e+002	6.320000e+003											
3.304990e+002	6.250000e+003											
3.294990e+002	6.160000e+003											
3.284990e+002	6.280000e+003											
3.274990e+002	6.390000e+003											
3.264990e+002	6.660000e+003											
3.254990e+002	6.680000e+003											
3.244990e+002	6.350000e+003											
3.234990e+002	6.510000e+003											
3.224990e+002	7.000000e+003											
3.214990e+002	6.900000e+003											
3.204990e+002	6.780000e+003											
3.194990e+002	6.790000e+003											
3.184990e+002	6.650000e+003											
3.174990e+002	6.760000e+003											
3.164990e+002	6.430000e+003											
3.154990e+002	6.740000e+003											
3.144990e+002	6.430000e+003											
3.134990e+002	6.660000e+003											
3.124990e+002	6.580000e+003											
3.114990e+002	6.520000e+003											
3.104990e+002	6.760000e+003											
3.094990e+002	6.440000e+003											
3.084990e+002	6.170000e+003											
3.074990e+002	6.020000e+003											
3.064990e+002	5.480000e+003											
3.054990e+002	5.550000e+003											
3.044990e+002	5.340000e+003											
3.034990e+002	5.340000e+003											
3.024990e+002	5.020000e+003											
3.014990e+002	4.490000e+003											
3.004990e+002	4.270000e+003											
2.994990e+002	4.160000e+003											
2.984990e+002	3.640000e+003											
2.974990e+002	3.440000e+003											
2.964990e+002	2.670000e+003											
2.954990e+002	2.460000e+003											
2.944990e+002	2.600000e+003											
2.934990e+002	3.710000e+003											
2.924990e+002	6.150000e+003											
2.914990e+002	1.089000e+004											
2.904990e+002	1.981000e+004											
2.894990e+002	2.842000e+004											
2.884990e+002	1.953000e+004											
2.874990e+002	1.098000e+004											
2.864990e+002	1.051000e+004											
2.854990e+002	1.256000e+004											
2.844990e+002	1.529000e+004											
2.834990e+002	9.920000e+003											
2.824990e+002	2.940000e+003											
2.814990e+002	1.420000e+003											
2.804990e+002	1.240000e+003											
2.794990e+002	9.400000e+002											
2.784990e+002	1.070000e+003											
2.774990e+002	1.020000e+003											
2.764990e+002	1.050000e+003											
2.754990e+002	9.700000e+002											
2.744990e+002	9.700000e+002											
2.734990e+002	1.030000e+003											
2.724990e+002	1.150000e+003											
2.714990e+002	1.010000e+003											
2.704990e+002	1.260000e+003											
2.694990e+002	9.900000e+002											
2.684990e+002	1.070000e+003											
2.674990e+002	1.030000e+003											
2.664990e+002	9.700000e+002											
2.654990e+002	1.170000e+003											
2.644990e+002	1.140000e+003											
2.634990e+002	9.700000e+002											
2.624990e+002	1.020000e+003											
2.614990e+002	9.600000e+002											
2.604990e+002	1.060000e+003											
2.594990e+002	1.020000e+003											
2.584990e+002	9.700000e+002											
2.574990e+002	9.300000e+002											
2.564990e+002	9.900000e+002											
2.554990e+002	9.900000e+002											
2.544990e+002	9.100000e+002											
2.534990e+002	8.800000e+002											
2.524990e+002	1.050000e+003											
2.514990e+002	1.070000e+003											
2.504990e+002	1.080000e+003											
2.494990e+002	1.200000e+003											
2.484990e+002	1.120000e+003											
2.474990e+002	9.600000e+002											
2.464990e+002	1.110000e+003											
2.454990e+002	1.040000e+003											
2.444990e+002	9.300000e+002											
2.434990e+002	1.030000e+003											
2.424990e+002	1.150000e+003											
2.414990e+002	1.010000e+003											
2.404990e+002	1.130000e+003											
2.394990e+002	1.040000e+003											
2.384990e+002	9.000000e+002											
2.374990e+002	8.100000e+002											
2.364990e+002	1.000000e+003											
2.354990e+002	1.060000e+003											
2.344990e+002	1.130000e+003											
2.334990e+002	1.240000e+003											
2.324990e+002	1.300000e+003											
2.314990e+002	1.190000e+003											
2.304990e+002	1.080000e+003											
2.294990e+002	1.110000e+003											
2.284990e+002	1.110000e+003											
2.274990e+002	1.020000e+003											
2.264990e+002	1.080000e+003											
2.254990e+002	1.100000e+003											
2.244990e+002	9.400000e+002											
2.234990e+002	9.800000e+002											
2.224990e+002	1.160000e+003											
2.214990e+002	1.140000e+003											
2.204990e+002	9.200000e+002											
2.194990e+002	1.210000e+003											
2.184990e+002	1.070000e+003											
2.174990e+002	1.060000e+003											
2.164990e+002	9.700000e+002											
2.154990e+002	1.070000e+003											
2.144990e+002	9.700000e+002											
2.134990e+002	1.160000e+003											
2.124990e+002	1.010000e+003											
2.114990e+002	9.400000e+002											
2.104990e+002	1.040000e+003											
2.094990e+002	9.800000e+002											
2.084990e+002	1.080000e+003											
2.074990e+002	9.900000e+002											
2.064990e+002	1.140000e+003											
2.054990e+002	1.160000e+003											
2.044990e+002	1.090000e+003											
2.034990e+002	9.100000e+002											
2.024990e+002	1.070000e+003											
2.014990e+002	1.170000e+003											
2.004990e+002	1.180000e+003											
1.994990e+002	1.280000e+003											
1.984990e+002	1.070000e+003											
1.974990e+002	1.110000e+003											
1.964990e+002	9.700000e+002											
1.954990e+002	1.120000e+003											
1.944990e+002	9.700000e+002											
1.934990e+002	1.060000e+003											
1.924990e+002	1.040000e+003											
1.914990e+002	1.030000e+003											
1.904990e+002	1.060000e+003											
1.894990e+002	8.900000e+002											
1.884990e+002	9.100000e+002											
1.874990e+002	1.110000e+003											
1.864990e+002	1.060000e+003											
1.854990e+002	1.160000e+003											
1.844990e+002	1.060000e+003											
1.834990e+002	1.130000e+003											
1.824990e+002	1.110000e+003											
1.814990e+002	1.100000e+003											
1.804990e+002	1.160000e+003											
1.794990e+002	9.600000e+002											
1.784990e+002	9.400000e+002											
1.774990e+002	1.080000e+003											
1.764990e+002	1.070000e+003											
1.754990e+002	9.300000e+002											
1.744990e+002	9.700000e+002											
1.734990e+002	1.170000e+003											
1.724990e+002	1.030000e+003											
1.714990e+002	1.290000e+003											
1.704990e+002	1.320000e+003											
1.694990e+002	1.340000e+003											
1.684990e+002	1.420000e+003											
1.674990e+002	1.090000e+003											
1.664990e+002	1.060000e+003											
1.654990e+002	9.700000e+002											
1.644990e+002	1.060000e+003											
1.634990e+002	1.040000e+003											
1.624990e+002	1.080000e+003											
1.614990e+002	1.160000e+003											
1.604990e+002	1.070000e+003											
1.594990e+002	1.090000e+003											
1.584990e+002	9.900000e+002											
1.574990e+002	1.150000e+003											
1.564990e+002	1.070000e+003											
1.554990e+002	1.370000e+003											
1.544990e+002	1.360000e+003											
1.534990e+002	1.400000e+003											
1.524990e+002	1.200000e+003											
1.514990e+002	1.390000e+003											
1.504990e+002	1.150000e+003											
1.494990e+002	1.060000e+003											
1.484990e+002	9.500000e+002											
1.474990e+002	1.050000e+003											
1.464990e+002	1.140000e+003											
1.454990e+002	1.130000e+003											
1.444990e+002	1.090000e+003											
1.434990e+002	1.090000e+003											
1.424990e+002	1.180000e+003											
1.414990e+002	9.900000e+002											
1.404990e+002	1.030000e+003											
1.394990e+002	1.280000e+003											
1.384990e+002	1.100000e+003											
1.374990e+002	1.110000e+003											
1.364990e+002	9.800000e+002											
1.354990e+002	1.120000e+003											
1.344990e+002	1.150000e+003											
1.334990e+002	1.040000e+003											
1.324990e+002	9.500000e+002											
1.314990e+002	1.170000e+003											
1.304990e+002	1.090000e+003											
1.294990e+002	1.150000e+003											
1.284990e+002	1.150000e+003											
1.274990e+002	1.090000e+003											
1.264990e+002	1.080000e+003											
1.254990e+002	1.030000e+003											
1.244990e+002	1.070000e+003											
1.234990e+002	1.080000e+003											
1.224990e+002	1.300000e+003											
1.214990e+002	1.270000e+003											
1.204990e+002	1.040000e+003											
1.194990e+002	1.170000e+003											
1.184990e+002	1.250000e+003											
1.174990e+002	1.050000e+003											
1.164990e+002	1.200000e+003											
1.154990e+002	1.200000e+003											
1.144990e+002	1.120000e+003											
1.134990e+002	1.320000e+003											
1.124990e+002	1.220000e+003											
1.114990e+002	1.030000e+003											
1.104990e+002	1.060000e+003											
1.094990e+002	1.210000e+003											
1.084990e+002	1.250000e+003											
1.074990e+002	1.110000e+003											
1.064990e+002	1.060000e+003											
1.054990e+002	1.210000e+003											
1.044990e+002	1.260000e+003											
1.034990e+002	1.300000e+003											
1.024990e+002	1.160000e+003											
1.014990e+002	1.350000e+003											
1.004990e+002	1.350000e+003											
9.949900e+001	1.250000e+003											
9.849900e+001	1.250000e+003											
9.749900e+001	1.090000e+003											
9.649900e+001	1.210000e+003											
9.549900e+001	1.150000e+003											
9.449900e+001	1.270000e+003											
9.349900e+001	1.070000e+003											
9.249900e+001	1.160000e+003											
9.149900e+001	1.280000e+003											
9.049900e+001	1.120000e+003											
8.949900e+001	1.440000e+003											
8.849900e+001	1.180000e+003											
8.749900e+001	1.180000e+003											
8.649900e+001	1.290000e+003											
8.549900e+001	1.130000e+003											
8.449900e+001	1.160000e+003											
8.349900e+001	1.340000e+003											
8.249900e+001	1.320000e+003											
8.149900e+001	1.250000e+003											
8.049900e+001	1.200000e+003											
7.949900e+001	1.280000e+003											
7.849900e+001	1.220000e+003											
7.749900e+001	1.130000e+003											
7.649900e+001	1.190000e+003											
7.549900e+001	1.120000e+003											
7.449900e+001	1.380000e+003											
7.349900e+001	1.310000e+003											
7.249900e+001	1.100000e+003											
7.149900e+001	1.040000e+003											
7.049900e+001	1.110000e+003											
6.949900e+001	1.210000e+003											
6.849900e+001	1.140000e+003											
6.749900e+001	1.210000e+003											
6.649900e+001	1.430000e+003											
6.549900e+001	1.510000e+003											
6.449900e+001	1.510000e+003											
6.349900e+001	1.280000e+003											
6.249900e+001	1.300000e+003											
6.149900e+001	1.260000e+003											
6.049900e+001	1.270000e+003											
5.949900e+001	1.330000e+003											
5.849900e+001	1.410000e+003											
5.749900e+001	1.210000e+003											
5.649900e+001	1.250000e+003											
5.549900e+001	1.250000e+003											
5.449900e+001	1.380000e+003											
5.349900e+001	1.120000e+003											
5.249900e+001	1.200000e+003											
5.149900e+001	1.190000e+003											
5.049900e+001	1.200000e+003											
4.949900e+001	1.170000e+003											
4.849900e+001	1.210000e+003											
4.749900e+001	1.130000e+003											
4.649900e+001	1.060000e+003											
4.549900e+001	7.700000e+002											
4.449900e+001	9.600000e+002											
4.349900e+001	9.800000e+002											
4.249900e+001	8.800000e+002											
4.149900e+001	1.070000e+003											
4.049900e+001	9.700000e+002											
3.949900e+001	1.030000e+003											
3.849900e+001	1.230000e+003											
3.749900e+001	1.550000e+003											
3.649900e+001	2.230000e+003											
3.549900e+001	3.070000e+003											
3.449900e+001	3.850000e+003											
3.349900e+001	3.900000e+003											
3.249900e+001	2.830000e+003											
3.149900e+001	1.740000e+003											
3.049900e+001	1.320000e+003											
2.949900e+001	1.040000e+003											
2.849900e+001	7.200000e+002											
2.749900e+001	6.800000e+002											
2.649900e+001	6.600000e+002											
2.549900e+001	6.700000e+002											
2.449900e+001	6.800000e+002											
2.349900e+001	7.300000e+002											
2.249900e+001	8.300000e+002											
2.149900e+001	9.000000e+002											
2.049900e+001	7.800000e+002											
1.949900e+001	7.300000e+002											
1.849900e+001	8.000000e+002											
1.749900e+001	9.700000e+002											
1.649900e+001	8.800000e+002											
1.549900e+001	1.120000e+003											
1.449900e+001	1.140000e+003											
1.349900e+001	1.080000e+003											
1.249900e+001	1.100000e+003											
1.149900e+001	9.500000e+002											
1.049900e+001	1.100000e+003											
9.499000e+000	1.100000e+003											
8.499000e+000	7.600000e+002											
7.499000e+000	4.200000e+002											
6.499000e+000	4.400000e+002											
5.499000e+000	2.000000e+002											
4.499000e+000	1.300000e+002											
3.499000e+000	3.000000e+001											
2.499000e+000	5.000000e+001											
1.499000e+000	2.000000e+001											