B.E.	wide/2:CPS		B.E.	F 1s/5:CPS		B.E.	O 1s/6:CPS		B.E.	C 1s/7:CPS		
1.101580e+003	1.647000e+004		6.976300e+002	2.806667e+003		5.415800e+002	1.542222e+003		2.980800e+002	8.166667e+002		
1.100580e+003	1.638000e+004		6.975800e+002	2.763333e+003		5.415300e+002	1.642222e+003		2.980300e+002	8.000000e+002		
1.099580e+003	1.617000e+004		6.975300e+002	2.696667e+003		5.414800e+002	1.615556e+003		2.979800e+002	6.933333e+002		
1.098580e+003	1.614000e+004		6.974800e+002	2.593333e+003		5.414300e+002	1.633333e+003		2.979300e+002	7.600000e+002		
1.097580e+003	1.691000e+004		6.974300e+002	2.620000e+003		5.413800e+002	1.575556e+003		2.978800e+002	7.866667e+002		
1.096580e+003	1.644000e+004		6.973800e+002	2.640000e+003		5.413300e+002	1.553333e+003		2.978300e+002	8.433333e+002		
1.095580e+003	1.678000e+004		6.973300e+002	2.703333e+003		5.412800e+002	1.606667e+003		2.977800e+002	7.966667e+002		
1.094580e+003	1.622000e+004		6.972800e+002	2.630000e+003		5.412300e+002	1.595556e+003		2.977300e+002	7.800000e+002		
1.093580e+003	1.733000e+004		6.972300e+002	2.590000e+003		5.411800e+002	1.573333e+003		2.976800e+002	7.700000e+002		
1.092580e+003	1.707000e+004		6.971800e+002	2.866667e+003		5.411300e+002	1.593333e+003		2.976300e+002	8.066667e+002		
1.091580e+003	1.683000e+004		6.971300e+002	2.490000e+003		5.410800e+002	1.557778e+003		2.975800e+002	7.833333e+002		
1.090580e+003	1.633000e+004		6.970800e+002	2.506667e+003		5.410300e+002	1.544444e+003		2.975300e+002	7.666667e+002		
1.089580e+003	1.613000e+004		6.970300e+002	2.623333e+003		5.409800e+002	1.540000e+003		2.974800e+002	7.500000e+002		
1.088580e+003	1.640000e+004		6.969800e+002	2.560000e+003		5.409300e+002	1.568889e+003		2.974300e+002	7.366667e+002		
1.087580e+003	1.638000e+004		6.969300e+002	2.606667e+003		5.408800e+002	1.524444e+003		2.973800e+002	7.966667e+002		
1.086580e+003	1.673000e+004		6.968800e+002	2.600000e+003		5.408300e+002	1.573333e+003		2.973300e+002	7.200000e+002		
1.085580e+003	1.650000e+004		6.968300e+002	2.583333e+003		5.407800e+002	1.615556e+003		2.972800e+002	7.833333e+002		
1.084580e+003	1.605000e+004		6.967800e+002	2.470000e+003		5.407300e+002	1.573333e+003		2.972300e+002	8.200000e+002		
1.083580e+003	1.658000e+004		6.967300e+002	2.586667e+003		5.406800e+002	1.680000e+003		2.971800e+002	7.566667e+002		
1.082580e+003	1.620000e+004		6.966800e+002	2.486667e+003		5.406300e+002	1.620000e+003		2.971300e+002	7.433333e+002		
1.081580e+003	1.689000e+004		6.966300e+002	2.426667e+003		5.405800e+002	1.597778e+003		2.970800e+002	6.666667e+002		
1.080580e+003	1.611000e+004		6.965800e+002	2.670000e+003		5.405300e+002	1.595556e+003		2.970300e+002	7.700000e+002		
1.079580e+003	1.656000e+004		6.965300e+002	2.576667e+003		5.404800e+002	1.484444e+003		2.969800e+002	7.333333e+002		
1.078580e+003	1.636000e+004		6.964800e+002	2.653333e+003		5.404300e+002	1.633333e+003		2.969300e+002	7.233333e+002		
1.077580e+003	1.688000e+004		6.964300e+002	2.623333e+003		5.403800e+002	1.526667e+003		2.968800e+002	7.700000e+002		
1.076580e+003	1.646000e+004		6.963800e+002	2.516667e+003		5.403300e+002	1.504444e+003		2.968300e+002	7.533333e+002		
1.075580e+003	1.592000e+004		6.963300e+002	2.666667e+003		5.402800e+002	1.466667e+003		2.967800e+002	7.433333e+002		
1.074580e+003	1.643000e+004		6.962800e+002	2.470000e+003		5.402300e+002	1.551111e+003		2.967300e+002	8.366667e+002		
1.073580e+003	1.737000e+004		6.962300e+002	2.493333e+003		5.401800e+002	1.660000e+003		2.966800e+002	8.533333e+002		
1.072580e+003	1.660000e+004		6.961800e+002	2.333333e+003		5.401300e+002	1.522222e+003		2.966300e+002	7.100000e+002		
1.071580e+003	1.634000e+004		6.961300e+002	2.516667e+003		5.400800e+002	1.595556e+003		2.965800e+002	7.400000e+002		
1.070580e+003	1.654000e+004		6.960800e+002	2.623333e+003		5.400300e+002	1.575556e+003		2.965300e+002	7.666667e+002		
1.069580e+003	1.651000e+004		6.960300e+002	2.653333e+003		5.399800e+002	1.506667e+003		2.964800e+002	6.966667e+002		
1.068580e+003	1.686000e+004		6.959800e+002	2.560000e+003		5.399300e+002	1.508889e+003		2.964300e+002	7.400000e+002		
1.067580e+003	1.710000e+004		6.959300e+002	2.546667e+003		5.398800e+002	1.528889e+003		2.963800e+002	7.000000e+002		
1.066580e+003	1.781000e+004		6.958800e+002	2.516667e+003		5.398300e+002	1.528889e+003		2.963300e+002	7.233333e+002		
1.065580e+003	1.716000e+004		6.958300e+002	2.463333e+003		5.397800e+002	1.535556e+003		2.962800e+002	6.600000e+002		
1.064580e+003	1.648000e+004		6.957800e+002	2.563333e+003		5.397300e+002	1.566667e+003		2.962300e+002	7.900000e+002		
1.063580e+003	1.690000e+004		6.957300e+002	2.473333e+003		5.396800e+002	1.537778e+003		2.961800e+002	7.333333e+002		
1.062580e+003	1.690000e+004		6.956800e+002	2.356667e+003		5.396300e+002	1.546667e+003		2.961300e+002	7.166667e+002		
1.061580e+003	1.695000e+004		6.956300e+002	2.326667e+003		5.395800e+002	1.628889e+003		2.960800e+002	7.766667e+002		
1.060580e+003	1.686000e+004		6.955800e+002	2.363333e+003		5.395300e+002	1.555556e+003		2.960300e+002	7.266667e+002		
1.059580e+003	1.699000e+004		6.955300e+002	2.570000e+003		5.394800e+002	1.542222e+003		2.959800e+002	6.866667e+002		
1.058580e+003	1.706000e+004		6.954800e+002	2.406667e+003		5.394300e+002	1.564444e+003		2.959300e+002	6.233333e+002		
1.057580e+003	1.695000e+004		6.954300e+002	2.536667e+003		5.393800e+002	1.624444e+003		2.958800e+002	7.266667e+002		
1.056580e+003	1.781000e+004		6.953800e+002	2.550000e+003		5.393300e+002	1.535556e+003		2.958300e+002	8.100000e+002		
1.055580e+003	1.751000e+004		6.953300e+002	2.516667e+003		5.392800e+002	1.555556e+003		2.957800e+002	7.466667e+002		
1.054580e+003	1.731000e+004		6.952800e+002	2.590000e+003		5.392300e+002	1.502222e+003		2.957300e+002	7.166667e+002		
1.053580e+003	1.693000e+004		6.952300e+002	2.640000e+003		5.391800e+002	1.548889e+003		2.956800e+002	6.600000e+002		
1.052580e+003	1.695000e+004		6.951800e+002	2.400000e+003		5.391300e+002	1.526667e+003		2.956300e+002	7.400000e+002		
1.051580e+003	1.715000e+004		6.951300e+002	2.586667e+003		5.390800e+002	1.604444e+003		2.955800e+002	7.800000e+002		
1.050580e+003	1.742000e+004		6.950800e+002	2.596667e+003		5.390300e+002	1.542222e+003		2.955300e+002	7.600000e+002		
1.049580e+003	1.686000e+004		6.950300e+002	2.493333e+003		5.389800e+002	1.504444e+003		2.954800e+002	7.233333e+002		
1.048580e+003	1.714000e+004		6.949800e+002	2.500000e+003		5.389300e+002	1.544444e+003		2.954300e+002	7.700000e+002		
1.047580e+003	1.762000e+004		6.949300e+002	2.386667e+003		5.388800e+002	1.537778e+003		2.953800e+002	7.600000e+002		
1.046580e+003	1.717000e+004		6.948800e+002	2.453333e+003		5.388300e+002	1.600000e+003		2.953300e+002	6.766667e+002		
1.045580e+003	1.723000e+004		6.948300e+002	2.573333e+003		5.387800e+002	1.593333e+003		2.952800e+002	7.333333e+002		
1.044580e+003	1.721000e+004		6.947800e+002	2.546667e+003		5.387300e+002	1.688889e+003		2.952300e+002	7.633333e+002		
1.043580e+003	1.720000e+004		6.947300e+002	2.520000e+003		5.386800e+002	1.573333e+003		2.951800e+002	7.766667e+002		
1.042580e+003	1.705000e+004		6.946800e+002	2.606667e+003		5.386300e+002	1.668889e+003		2.951300e+002	8.033333e+002		
1.041580e+003	1.706000e+004		6.946300e+002	2.543333e+003		5.385800e+002	1.622222e+003		2.950800e+002	7.500000e+002		
1.040580e+003	1.697000e+004		6.945800e+002	2.673333e+003		5.385300e+002	1.593333e+003		2.950300e+002	7.333333e+002		
1.039580e+003	1.684000e+004		6.945300e+002	2.716667e+003		5.384800e+002	1.597778e+003		2.949800e+002	8.233333e+002		
1.038580e+003	1.682000e+004		6.944800e+002	2.603333e+003		5.384300e+002	1.580000e+003		2.949300e+002	8.300000e+002		
1.037580e+003	1.634000e+004		6.944300e+002	2.626667e+003		5.383800e+002	1.588889e+003		2.948800e+002	8.133333e+002		
1.036580e+003	1.704000e+004		6.943800e+002	2.673333e+003		5.383300e+002	1.660000e+003		2.948300e+002	7.666667e+002		
1.035580e+003	1.746000e+004		6.943300e+002	2.620000e+003		5.382800e+002	1.626667e+003		2.947800e+002	8.233333e+002		
1.034580e+003	1.754000e+004		6.942800e+002	2.793333e+003		5.382300e+002	1.591111e+003		2.947300e+002	6.866667e+002		
1.033580e+003	1.695000e+004		6.942300e+002	2.603333e+003		5.381800e+002	1.673333e+003		2.946800e+002	7.000000e+002		
1.032580e+003	1.782000e+004		6.941800e+002	2.556667e+003		5.381300e+002	1.666667e+003		2.946300e+002	7.800000e+002		
1.031580e+003	1.704000e+004		6.941300e+002	2.780000e+003		5.380800e+002	1.608889e+003		2.945800e+002	8.000000e+002		
1.030580e+003	1.763000e+004		6.940800e+002	2.810000e+003		5.380300e+002	1.500000e+003		2.945300e+002	9.200000e+002		
1.029580e+003	1.738000e+004		6.940300e+002	2.770000e+003		5.379800e+002	1.720000e+003		2.944800e+002	8.100000e+002		
1.028580e+003	1.763000e+004		6.939800e+002	2.660000e+003		5.379300e+002	1.593333e+003		2.944300e+002	8.366667e+002		
1.027580e+003	1.710000e+004		6.939300e+002	2.726667e+003		5.378800e+002	1.584444e+003		2.943800e+002	7.800000e+002		
1.026580e+003	1.707000e+004		6.938800e+002	2.766667e+003		5.378300e+002	1.620000e+003		2.943300e+002	8.666667e+002		
1.025580e+003	1.790000e+004		6.938300e+002	2.833333e+003		5.377800e+002	1.646667e+003		2.942800e+002	7.800000e+002		
1.024580e+003	1.726000e+004		6.937800e+002	2.766667e+003		5.377300e+002	1.657778e+003		2.942300e+002	7.366667e+002		
1.023580e+003	1.762000e+004		6.937300e+002	2.573333e+003		5.376800e+002	1.648889e+003		2.941800e+002	8.766667e+002		
1.022580e+003	1.778000e+004		6.936800e+002	2.783333e+003		5.376300e+002	1.700000e+003		2.941300e+002	8.400000e+002		
1.021580e+003	1.745000e+004		6.936300e+002	2.690000e+003		5.375800e+002	1.664444e+003		2.940800e+002	8.133333e+002		
1.020580e+003	1.700000e+004		6.935800e+002	2.726667e+003		5.375300e+002	1.722222e+003		2.940300e+002	8.533333e+002		
1.019580e+003	1.762000e+004		6.935300e+002	2.943333e+003		5.374800e+002	1.720000e+003		2.939800e+002	8.766667e+002		
1.018580e+003	1.709000e+004		6.934800e+002	2.870000e+003		5.374300e+002	1.717778e+003		2.939300e+002	8.466667e+002		
1.017580e+003	1.721000e+004		6.934300e+002	2.940000e+003		5.373800e+002	1.688889e+003		2.938800e+002	8.600000e+002		
1.016580e+003	1.765000e+004		6.933800e+002	3.006667e+003		5.373300e+002	1.684444e+003		2.938300e+002	9.300000e+002		
1.015580e+003	1.794000e+004		6.933300e+002	2.846667e+003		5.372800e+002	1.677778e+003		2.937800e+002	9.033333e+002		
1.014580e+003	1.764000e+004		6.932800e+002	2.886667e+003		5.372300e+002	1.540000e+003		2.937300e+002	8.900000e+002		
1.013580e+003	1.709000e+004		6.932300e+002	2.823333e+003		5.371800e+002	1.640000e+003		2.936800e+002	9.000000e+002		
1.012580e+003	1.797000e+004		6.931800e+002	3.070000e+003		5.371300e+002	1.666667e+003		2.936300e+002	9.800000e+002		
1.011580e+003	1.791000e+004		6.931300e+002	3.066667e+003		5.370800e+002	1.644444e+003		2.935800e+002	1.056667e+003		
1.010580e+003	1.760000e+004		6.930800e+002	3.123333e+003		5.370300e+002	1.731111e+003		2.935300e+002	1.063333e+003		
1.009580e+003	1.809000e+004		6.930300e+002	3.113333e+003		5.369800e+002	1.717778e+003		2.934800e+002	1.033333e+003		
1.008580e+003	1.851000e+004		6.929800e+002	3.020000e+003		5.369300e+002	1.728889e+003		2.934300e+002	1.016667e+003		
1.007580e+003	1.872000e+004		6.929300e+002	3.020000e+003		5.368800e+002	1.793333e+003		2.933800e+002	1.000000e+003		
1.006580e+003	1.811000e+004		6.928800e+002	3.096667e+003		5.368300e+002	1.735556e+003		2.933300e+002	1.093333e+003		
1.005580e+003	1.758000e+004		6.928300e+002	3.043333e+003		5.367800e+002	1.660000e+003		2.932800e+002	1.103333e+003		
1.004580e+003	1.834000e+004		6.927800e+002	3.306667e+003		5.367300e+002	1.822222e+003		2.932300e+002	1.103333e+003		
1.003580e+003	1.806000e+004		6.927300e+002	3.303333e+003		5.366800e+002	1.737778e+003		2.931800e+002	1.146667e+003		
1.002580e+003	1.812000e+004		6.926800e+002	3.260000e+003		5.366300e+002	1.791111e+003		2.931300e+002	1.180000e+003		
1.001580e+003	1.825000e+004		6.926300e+002	3.236667e+003		5.365800e+002	1.755556e+003		2.930800e+002	1.183333e+003		
1.000580e+003	1.799000e+004		6.925800e+002	3.413333e+003		5.365300e+002	1.666667e+003		2.930300e+002	1.133333e+003		
9.995800e+002	1.795000e+004		6.925300e+002	3.376667e+003		5.364800e+002	1.857778e+003		2.929800e+002	1.150000e+003		
9.985800e+002	1.899000e+004		6.924800e+002	3.373333e+003		5.364300e+002	1.837778e+003		2.929300e+002	1.116667e+003		
9.975800e+002	1.858000e+004		6.924300e+002	3.460000e+003		5.363800e+002	1.768889e+003		2.928800e+002	1.286667e+003		
9.965800e+002	1.822000e+004		6.923800e+002	3.833333e+003		5.363300e+002	1.844444e+003		2.928300e+002	1.240000e+003		
9.955800e+002	1.870000e+004		6.923300e+002	3.733333e+003		5.362800e+002	1.875556e+003		2.927800e+002	1.313333e+003		
9.945800e+002	1.850000e+004		6.922800e+002	3.813333e+003		5.362300e+002	1.855556e+003		2.927300e+002	1.403333e+003		
9.935800e+002	1.785000e+004		6.922300e+002	3.686667e+003		5.361800e+002	1.884444e+003		2.926800e+002	1.400000e+003		
9.925800e+002	1.792000e+004		6.921800e+002	3.850000e+003		5.361300e+002	1.944444e+003		2.926300e+002	1.450000e+003		
9.915800e+002	1.719000e+004		6.921300e+002	4.056667e+003		5.360800e+002	1.991111e+003		2.925800e+002	1.543333e+003		
9.905800e+002	1.732000e+004		6.920800e+002	4.003333e+003		5.360300e+002	2.037778e+003		2.925300e+002	1.630000e+003		
9.895800e+002	1.820000e+004		6.920300e+002	4.166667e+003		5.359800e+002	1.937778e+003		2.924800e+002	1.556667e+003		
9.885800e+002	1.826000e+004		6.919800e+002	4.186667e+003		5.359300e+002	1.955556e+003		2.924300e+002	1.610000e+003		
9.875800e+002	1.770000e+004		6.919300e+002	4.230000e+003		5.358800e+002	2.115556e+003		2.923800e+002	1.586667e+003		
9.865800e+002	1.731000e+004		6.918800e+002	4.196667e+003		5.358300e+002	2.228889e+003		2.923300e+002	1.596667e+003		
9.855800e+002	1.739000e+004		6.918300e+002	4.260000e+003		5.357800e+002	2.051111e+003		2.922800e+002	1.726667e+003		
9.845800e+002	1.745000e+004		6.917800e+002	4.433333e+003		5.357300e+002	2.051111e+003		2.922300e+002	1.730000e+003		
9.835800e+002	1.802000e+004		6.917300e+002	4.516667e+003		5.356800e+002	2.022222e+003		2.921800e+002	1.756667e+003		
9.825800e+002	1.809000e+004		6.916800e+002	4.540000e+003		5.356300e+002	2.082222e+003		2.921300e+002	2.023333e+003		
9.815800e+002	1.851000e+004		6.916300e+002	4.630000e+003		5.355800e+002	2.200000e+003		2.920800e+002	2.026667e+003		
9.805800e+002	1.885000e+004		6.915800e+002	4.800000e+003		5.355300e+002	2.148889e+003		2.920300e+002	1.956667e+003		
9.795800e+002	1.874000e+004		6.915300e+002	4.890000e+003		5.354800e+002	2.186667e+003		2.919800e+002	2.033333e+003		
9.785800e+002	1.924000e+004		6.914800e+002	4.963333e+003		5.354300e+002	2.251111e+003		2.919300e+002	2.116667e+003		
9.775800e+002	1.961000e+004		6.914300e+002	4.893333e+003		5.353800e+002	2.293333e+003		2.918800e+002	2.136667e+003		
9.765800e+002	1.960000e+004		6.913800e+002	5.383333e+003		5.353300e+002	2.328889e+003		2.918300e+002	2.100000e+003		
9.755800e+002	1.867000e+004		6.913300e+002	5.343333e+003		5.352800e+002	2.326667e+003		2.917800e+002	2.286667e+003		
9.745800e+002	1.871000e+004		6.912800e+002	5.776667e+003		5.352300e+002	2.480000e+003		2.917300e+002	2.286667e+003		
9.735800e+002	1.885000e+004		6.912300e+002	5.553333e+003		5.351800e+002	2.391111e+003		2.916800e+002	2.326667e+003		
9.725800e+002	1.871000e+004		6.911800e+002	5.690000e+003		5.351300e+002	2.471111e+003		2.916300e+002	2.426667e+003		
9.715800e+002	1.868000e+004		6.911300e+002	5.743333e+003		5.350800e+002	2.548889e+003		2.915800e+002	2.520000e+003		
9.705800e+002	1.807000e+004		6.910800e+002	5.963333e+003		5.350300e+002	2.580000e+003		2.915300e+002	2.480000e+003		
9.695800e+002	1.783000e+004		6.910300e+002	6.076667e+003		5.349800e+002	2.486667e+003		2.914800e+002	2.393333e+003		
9.685800e+002	1.690000e+004		6.909800e+002	6.246667e+003		5.349300e+002	2.600000e+003		2.914300e+002	2.510000e+003		
9.675800e+002	1.699000e+004		6.909300e+002	6.450000e+003		5.348800e+002	2.700000e+003		2.913800e+002	2.623333e+003		
9.665800e+002	1.669000e+004		6.908800e+002	6.736667e+003		5.348300e+002	2.671111e+003		2.913300e+002	2.436667e+003		
9.655800e+002	1.730000e+004		6.908300e+002	6.743333e+003		5.347800e+002	2.742222e+003		2.912800e+002	2.660000e+003		
9.645800e+002	1.724000e+004		6.907800e+002	6.830000e+003		5.347300e+002	2.773333e+003		2.912300e+002	2.650000e+003		
9.635800e+002	1.649000e+004		6.907300e+002	7.010000e+003		5.346800e+002	2.842222e+003		2.911800e+002	2.770000e+003		
9.625800e+002	1.638000e+004		6.906800e+002	7.003333e+003		5.346300e+002	2.904444e+003		2.911300e+002	2.810000e+003		
9.615800e+002	1.615000e+004		6.906300e+002	7.293333e+003		5.345800e+002	2.980000e+003		2.910800e+002	2.886667e+003		
9.605800e+002	1.546000e+004		6.905800e+002	7.566667e+003		5.345300e+002	2.964444e+003		2.910300e+002	2.733333e+003		
9.595800e+002	1.609000e+004		6.905300e+002	7.630000e+003		5.344800e+002	3.026667e+003		2.909800e+002	2.736667e+003		
9.585800e+002	1.684000e+004		6.904800e+002	7.973333e+003		5.344300e+002	3.048889e+003		2.909300e+002	2.780000e+003		
9.575800e+002	1.692000e+004		6.904300e+002	8.340000e+003		5.343800e+002	3.137778e+003		2.908800e+002	3.020000e+003		
9.565800e+002	1.648000e+004		6.903800e+002	8.053333e+003		5.343300e+002	3.313333e+003		2.908300e+002	3.123333e+003		
9.555800e+002	1.633000e+004		6.903300e+002	8.426667e+003		5.342800e+002	3.364444e+003		2.907800e+002	2.920000e+003		
9.545800e+002	1.662000e+004		6.902800e+002	8.706667e+003		5.342300e+002	3.593333e+003		2.907300e+002	2.893333e+003		
9.535800e+002	1.685000e+004		6.902300e+002	8.766667e+003		5.341800e+002	3.420000e+003		2.906800e+002	3.110000e+003		
9.525800e+002	1.625000e+004		6.901800e+002	9.110000e+003		5.341300e+002	3.606667e+003		2.906300e+002	3.316667e+003		
9.515800e+002	1.640000e+004		6.901300e+002	9.496667e+003		5.340800e+002	3.637778e+003		2.905800e+002	3.543333e+003		
9.505800e+002	1.669000e+004		6.900800e+002	9.636667e+003		5.340300e+002	3.828889e+003		2.905300e+002	3.550000e+003		
9.495800e+002	1.643000e+004		6.900300e+002	9.870000e+003		5.339800e+002	4.060000e+003		2.904800e+002	3.653333e+003		
9.485800e+002	1.559000e+004		6.899800e+002	1.050333e+004		5.339300e+002	4.060000e+003		2.904300e+002	3.876667e+003		
9.475800e+002	1.628000e+004		6.899300e+002	1.067333e+004		5.338800e+002	4.097778e+003		2.903800e+002	4.190000e+003		
9.465800e+002	1.710000e+004		6.898800e+002	1.118000e+004		5.338300e+002	4.211111e+003		2.903300e+002	4.220000e+003		
9.455800e+002	1.655000e+004		6.898300e+002	1.158667e+004		5.337800e+002	4.368889e+003		2.902800e+002	4.573333e+003		
9.445800e+002	1.695000e+004		6.897800e+002	1.202667e+004		5.337300e+002	4.553333e+003		2.902300e+002	4.580000e+003		
9.435800e+002	1.671000e+004		6.897300e+002	1.236000e+004		5.336800e+002	4.517778e+003		2.901800e+002	4.963333e+003		
9.425800e+002	1.670000e+004		6.896800e+002	1.283667e+004		5.336300e+002	4.608889e+003		2.901300e+002	5.366667e+003		
9.415800e+002	1.691000e+004		6.896300e+002	1.354333e+004		5.335800e+002	4.802222e+003		2.900800e+002	5.586667e+003		
9.405800e+002	1.673000e+004		6.895800e+002	1.413667e+004		5.335300e+002	5.166667e+003		2.900300e+002	5.673333e+003		
9.395800e+002	1.686000e+004		6.895300e+002	1.483667e+004		5.334800e+002	5.344444e+003		2.899800e+002	6.336667e+003		
9.385800e+002	1.681000e+004		6.894800e+002	1.547333e+004		5.334300e+002	5.271111e+003		2.899300e+002	6.526667e+003		
9.375800e+002	1.655000e+004		6.894300e+002	1.557000e+004		5.333800e+002	5.482222e+003		2.898800e+002	7.113333e+003		
9.365800e+002	1.697000e+004		6.893800e+002	1.625333e+004		5.333300e+002	5.684444e+003		2.898300e+002	7.320000e+003		
9.355800e+002	1.698000e+004		6.893300e+002	1.703333e+004		5.332800e+002	5.753333e+003		2.897800e+002	7.790000e+003		
9.345800e+002	1.648000e+004		6.892800e+002	1.800000e+004		5.332300e+002	5.973333e+003		2.897300e+002	8.103333e+003		
9.335800e+002	1.659000e+004		6.892300e+002	1.857667e+004		5.331800e+002	6.182222e+003		2.896800e+002	8.450000e+003		
9.325800e+002	1.733000e+004		6.891800e+002	1.985000e+004		5.331300e+002	6.360000e+003		2.896300e+002	8.870000e+003		
9.315800e+002	1.699000e+004		6.891300e+002	2.053667e+004		5.330800e+002	6.300000e+003		2.895800e+002	8.926667e+003		
9.305800e+002	1.683000e+004		6.890800e+002	2.169000e+004		5.330300e+002	6.435556e+003		2.895300e+002	9.393333e+003		
9.295800e+002	1.671000e+004		6.890300e+002	2.201000e+004		5.329800e+002	6.737778e+003		2.894800e+002	9.736667e+003		
9.285800e+002	1.736000e+004		6.889800e+002	2.315000e+004		5.329300e+002	6.857778e+003		2.894300e+002	9.516667e+003		
9.275800e+002	1.640000e+004		6.889300e+002	2.420667e+004		5.328800e+002	7.017778e+003		2.893800e+002	9.303333e+003		
9.265800e+002	1.660000e+004		6.888800e+002	2.512667e+004		5.328300e+002	7.035556e+003		2.893300e+002	9.463333e+003		
9.255800e+002	1.711000e+004		6.888300e+002	2.646667e+004		5.327800e+002	7.171111e+003		2.892800e+002	9.633333e+003		
9.245800e+002	1.654000e+004		6.887800e+002	2.721333e+004		5.327300e+002	7.506667e+003		2.892300e+002	9.413333e+003		
9.235800e+002	1.643000e+004		6.887300e+002	2.769000e+004		5.326800e+002	7.340000e+003		2.891800e+002	9.290000e+003		
9.225800e+002	1.678000e+004		6.886800e+002	2.843333e+004		5.326300e+002	7.468889e+003		2.891300e+002	8.880000e+003		
9.215800e+002	1.706000e+004		6.886300e+002	2.909667e+004		5.325800e+002	7.420000e+003		2.890800e+002	8.433333e+003		
9.205800e+002	1.692000e+004		6.885800e+002	3.041333e+004		5.325300e+002	7.515556e+003		2.890300e+002	7.916667e+003		
9.195800e+002	1.698000e+004		6.885300e+002	3.114000e+004		5.324800e+002	7.313333e+003		2.889800e+002	7.500000e+003		
9.185800e+002	1.723000e+004		6.884800e+002	3.163000e+004		5.324300e+002	7.284444e+003		2.889300e+002	7.120000e+003		
9.175800e+002	1.642000e+004		6.884300e+002	3.231000e+004		5.323800e+002	7.340000e+003		2.888800e+002	6.606667e+003		
9.165800e+002	1.647000e+004		6.883800e+002	3.225667e+004		5.323300e+002	7.168889e+003		2.888300e+002	6.233333e+003		
9.155800e+002	1.747000e+004		6.883300e+002	3.295000e+004		5.322800e+002	7.151111e+003		2.887800e+002	5.710000e+003		
9.145800e+002	1.730000e+004		6.882800e+002	3.365000e+004		5.322300e+002	7.166667e+003		2.887300e+002	5.510000e+003		
9.135800e+002	1.739000e+004		6.882300e+002	3.352667e+004		5.321800e+002	7.222222e+003		2.886800e+002	5.003333e+003		
9.125800e+002	1.718000e+004		6.881800e+002	3.392333e+004		5.321300e+002	7.062222e+003		2.886300e+002	4.613333e+003		
9.115800e+002	1.758000e+004		6.881300e+002	3.259333e+004		5.320800e+002	7.011111e+003		2.885800e+002	4.406667e+003		
9.105800e+002	1.770000e+004		6.880800e+002	3.286667e+004		5.320300e+002	6.786667e+003		2.885300e+002	4.033333e+003		
9.095800e+002	1.688000e+004		6.880300e+002	3.228333e+004		5.319800e+002	6.737778e+003		2.884800e+002	3.676667e+003		
9.085800e+002	1.679000e+004		6.879800e+002	3.226333e+004		5.319300e+002	6.513333e+003		2.884300e+002	3.566667e+003		
9.075800e+002	1.715000e+004		6.879300e+002	3.076000e+004		5.318800e+002	6.426667e+003		2.883800e+002	3.286667e+003		
9.065800e+002	1.748000e+004		6.878800e+002	3.033000e+004		5.318300e+002	6.266667e+003		2.883300e+002	3.303333e+003		
9.055800e+002	1.763000e+004		6.878300e+002	2.911000e+004		5.317800e+002	6.195556e+003		2.882800e+002	3.023333e+003		
9.045800e+002	1.722000e+004		6.877800e+002	2.872667e+004		5.317300e+002	5.835556e+003		2.882300e+002	3.016667e+003		
9.035800e+002	1.688000e+004		6.877300e+002	2.765000e+004		5.316800e+002	5.795556e+003		2.881800e+002	2.743333e+003		
9.025800e+002	1.725000e+004		6.876800e+002	2.609000e+004		5.316300e+002	5.737778e+003		2.881300e+002	2.730000e+003		
9.015800e+002	1.735000e+004		6.876300e+002	2.511000e+004		5.315800e+002	5.473333e+003		2.880800e+002	2.646667e+003		
9.005800e+002	1.696000e+004		6.875800e+002	2.358667e+004		5.315300e+002	5.402222e+003		2.880300e+002	2.666667e+003		
8.995800e+002	1.710000e+004		6.875300e+002	2.211333e+004		5.314800e+002	5.295556e+003		2.879800e+002	2.680000e+003		
8.985800e+002	1.730000e+004		6.874800e+002	2.092667e+004		5.314300e+002	4.984444e+003		2.879300e+002	2.660000e+003		
8.975800e+002	1.693000e+004		6.874300e+002	2.016000e+004		5.313800e+002	4.824444e+003		2.878800e+002	2.523333e+003		
8.965800e+002	1.764000e+004		6.873800e+002	1.867333e+004		5.313300e+002	4.802222e+003		2.878300e+002	2.583333e+003		
8.955800e+002	1.736000e+004		6.873300e+002	1.735667e+004		5.312800e+002	4.511111e+003		2.877800e+002	2.543333e+003		
8.945800e+002	1.759000e+004		6.872800e+002	1.598000e+004		5.312300e+002	4.315556e+003		2.877300e+002	2.770000e+003		
8.935800e+002	1.778000e+004		6.872300e+002	1.498667e+004		5.311800e+002	4.404444e+003		2.876800e+002	2.630000e+003		
8.925800e+002	1.773000e+004		6.871800e+002	1.465333e+004		5.311300e+002	4.124444e+003		2.876300e+002	2.560000e+003		
8.915800e+002	1.771000e+004		6.871300e+002	1.339333e+004		5.310800e+002	3.975556e+003		2.875800e+002	2.653333e+003		
8.905800e+002	1.738000e+004		6.870800e+002	1.202333e+004		5.310300e+002	3.920000e+003		2.875300e+002	2.773333e+003		
8.895800e+002	1.748000e+004		6.870300e+002	1.106000e+004		5.309800e+002	3.837778e+003		2.874800e+002	2.740000e+003		
8.885800e+002	1.788000e+004		6.869800e+002	9.890000e+003		5.309300e+002	3.680000e+003		2.874300e+002	2.886667e+003		
8.875800e+002	1.731000e+004		6.869300e+002	9.360000e+003		5.308800e+002	3.371111e+003		2.873800e+002	3.013333e+003		
8.865800e+002	1.817000e+004		6.868800e+002	8.540000e+003		5.308300e+002	3.335556e+003		2.873300e+002	3.003333e+003		
8.855800e+002	1.828000e+004		6.868300e+002	8.156667e+003		5.307800e+002	3.211111e+003		2.872800e+002	3.233333e+003		
8.845800e+002	1.771000e+004		6.867800e+002	7.650000e+003		5.307300e+002	3.088889e+003		2.872300e+002	3.196667e+003		
8.835800e+002	1.834000e+004		6.867300e+002	7.136667e+003		5.306800e+002	2.886667e+003		2.871800e+002	3.446667e+003		
8.825800e+002	1.842000e+004		6.866800e+002	6.536667e+003		5.306300e+002	2.862222e+003		2.871300e+002	3.536667e+003		
8.815800e+002	1.840000e+004		6.866300e+002	6.213333e+003		5.305800e+002	2.635556e+003		2.870800e+002	3.300000e+003		
8.805800e+002	1.897000e+004		6.865800e+002	5.693333e+003		5.305300e+002	2.551111e+003		2.870300e+002	3.543333e+003		
8.795800e+002	1.866000e+004		6.865300e+002	5.423333e+003		5.304800e+002	2.446667e+003		2.869800e+002	3.663333e+003		
8.785800e+002	1.871000e+004		6.864800e+002	5.213333e+003		5.304300e+002	2.277778e+003		2.869300e+002	3.696667e+003		
8.775800e+002	1.827000e+004		6.864300e+002	4.843333e+003		5.303800e+002	2.277778e+003		2.868800e+002	3.670000e+003		
8.765800e+002	1.860000e+004		6.863800e+002	4.610000e+003		5.303300e+002	2.086667e+003		2.868300e+002	3.903333e+003		
8.755800e+002	1.798000e+004		6.863300e+002	4.260000e+003		5.302800e+002	2.042222e+003		2.867800e+002	3.900000e+003		
8.745800e+002	1.781000e+004		6.862800e+002	4.260000e+003		5.302300e+002	1.988889e+003		2.867300e+002	3.973333e+003		
8.735800e+002	1.815000e+004		6.862300e+002	3.946667e+003		5.301800e+002	1.915556e+003		2.866800e+002	4.040000e+003		
8.725800e+002	1.820000e+004		6.861800e+002	3.870000e+003		5.301300e+002	1.917778e+003		2.866300e+002	3.926667e+003		
8.715800e+002	1.737000e+004		6.861300e+002	3.736667e+003		5.300800e+002	1.837778e+003		2.865800e+002	4.003333e+003		
8.705800e+002	1.798000e+004		6.860800e+002	3.623333e+003		5.300300e+002	1.871111e+003		2.865300e+002	3.840000e+003		
8.695800e+002	1.832000e+004		6.860300e+002	3.493333e+003		5.299800e+002	1.726667e+003		2.864800e+002	3.836667e+003		
8.685800e+002	1.819000e+004		6.859800e+002	3.370000e+003		5.299300e+002	1.717778e+003		2.864300e+002	3.746667e+003		
8.675800e+002	1.830000e+004		6.859300e+002	3.446667e+003		5.298800e+002	1.631111e+003		2.863800e+002	3.573333e+003		
8.665800e+002	1.796000e+004		6.858800e+002	3.183333e+003		5.298300e+002	1.620000e+003		2.863300e+002	3.590000e+003		
8.655800e+002	1.853000e+004		6.858300e+002	3.093333e+003		5.297800e+002	1.542222e+003		2.862800e+002	3.563333e+003		
8.645800e+002	1.934000e+004		6.857800e+002	3.060000e+003		5.297300e+002	1.635556e+003		2.862300e+002	3.550000e+003		
8.635800e+002	1.971000e+004		6.857300e+002	2.950000e+003		5.296800e+002	1.557778e+003		2.861800e+002	3.420000e+003		
8.625800e+002	2.008000e+004		6.856800e+002	2.990000e+003		5.296300e+002	1.475556e+003		2.861300e+002	3.190000e+003		
8.615800e+002	2.069000e+004		6.856300e+002	2.816667e+003		5.295800e+002	1.515556e+003		2.860800e+002	3.163333e+003		
8.605800e+002	2.120000e+004		6.855800e+002	2.810000e+003		5.295300e+002	1.484444e+003		2.860300e+002	3.020000e+003		
8.595800e+002	2.098000e+004		6.855300e+002	2.823333e+003		5.294800e+002	1.442222e+003		2.859800e+002	3.140000e+003		
8.585800e+002	2.086000e+004		6.854800e+002	2.816667e+003		5.294300e+002	1.424444e+003		2.859300e+002	3.076667e+003		
8.575800e+002	2.019000e+004		6.854300e+002	2.746667e+003		5.293800e+002	1.442222e+003		2.858800e+002	3.053333e+003		
8.565800e+002	1.962000e+004		6.853800e+002	2.676667e+003		5.293300e+002	1.380000e+003		2.858300e+002	2.943333e+003		
8.555800e+002	1.872000e+004		6.853300e+002	2.676667e+003		5.292800e+002	1.440000e+003		2.857800e+002	2.826667e+003		
8.545800e+002	1.835000e+004		6.852800e+002	2.723333e+003		5.292300e+002	1.462222e+003		2.857300e+002	2.603333e+003		
8.535800e+002	1.867000e+004		6.852300e+002	2.520000e+003		5.291800e+002	1.426667e+003		2.856800e+002	2.820000e+003		
8.525800e+002	1.866000e+004		6.851800e+002	2.460000e+003		5.291300e+002	1.411111e+003		2.856300e+002	2.783333e+003		
8.515800e+002	1.794000e+004		6.851300e+002	2.466667e+003		5.290800e+002	1.315556e+003		2.855800e+002	2.646667e+003		
8.505800e+002	1.723000e+004		6.850800e+002	2.460000e+003		5.290300e+002	1.404444e+003		2.855300e+002	2.726667e+003		
8.495800e+002	1.741000e+004		6.850300e+002	2.446667e+003		5.289800e+002	1.402222e+003		2.854800e+002	2.916667e+003		
8.485800e+002	1.712000e+004		6.849800e+002	2.496667e+003		5.289300e+002	1.380000e+003		2.854300e+002	2.633333e+003		
8.475800e+002	1.627000e+004		6.849300e+002	2.503333e+003		5.288800e+002	1.397778e+003		2.853800e+002	2.743333e+003		
8.465800e+002	1.624000e+004		6.848800e+002	2.436667e+003		5.288300e+002	1.362222e+003		2.853300e+002	2.756667e+003		
8.455800e+002	1.602000e+004		6.848300e+002	2.466667e+003		5.287800e+002	1.377778e+003		2.852800e+002	2.843333e+003		
8.445800e+002	1.614000e+004		6.847800e+002	2.433333e+003		5.287300e+002	1.360000e+003		2.852300e+002	2.886667e+003		
8.435800e+002	1.633000e+004		6.847300e+002	2.473333e+003		5.286800e+002	1.395556e+003		2.851800e+002	2.953333e+003		
8.425800e+002	1.615000e+004		6.846800e+002	2.480000e+003		5.286300e+002	1.342222e+003		2.851300e+002	2.906667e+003		
8.415800e+002	1.661000e+004		6.846300e+002	2.473333e+003		5.285800e+002	1.317778e+003		2.850800e+002	2.950000e+003		
8.405800e+002	1.630000e+004		6.845800e+002	2.446667e+003		5.285300e+002	1.388889e+003		2.850300e+002	3.086667e+003		
8.395800e+002	1.793000e+004		6.845300e+002	2.343333e+003		5.284800e+002	1.304444e+003		2.849800e+002	3.086667e+003		
8.385800e+002	1.877000e+004		6.844800e+002	2.350000e+003		5.284300e+002	1.417778e+003		2.849300e+002	2.956667e+003		
8.375800e+002	2.058000e+004		6.844300e+002	2.406667e+003		5.283800e+002	1.393333e+003		2.848800e+002	3.210000e+003		
8.365800e+002	2.260000e+004		6.843800e+002	2.403333e+003		5.283300e+002	1.366667e+003		2.848300e+002	3.186667e+003		
8.355800e+002	2.513000e+004		6.843300e+002	2.233333e+003		5.282800e+002	1.346667e+003		2.847800e+002	3.156667e+003		
8.345800e+002	2.610000e+004		6.842800e+002	2.390000e+003		5.282300e+002	1.415556e+003		2.847300e+002	3.276667e+003		
8.335800e+002	2.788000e+004		6.842300e+002	2.266667e+003		5.281800e+002	1.342222e+003		2.846800e+002	3.393333e+003		
8.325800e+002	2.725000e+004		6.841800e+002	2.203333e+003		5.281300e+002	1.288889e+003		2.846300e+002	3.310000e+003		
8.315800e+002	2.625000e+004		6.841300e+002	2.256667e+003		5.280800e+002	1.402222e+003		2.845800e+002	3.220000e+003		
8.305800e+002	2.442000e+004		6.840800e+002	2.230000e+003		5.280300e+002	1.411111e+003		2.845300e+002	3.206667e+003		
8.295800e+002	2.247000e+004		6.840300e+002	2.213333e+003		5.279800e+002	1.413333e+003		2.844800e+002	3.170000e+003		
8.285800e+002	2.054000e+004		6.839800e+002	2.316667e+003		5.279300e+002	1.364444e+003		2.844300e+002	3.136667e+003		
8.275800e+002	1.975000e+004		6.839300e+002	2.236667e+003		5.278800e+002	1.360000e+003		2.843800e+002	3.220000e+003		
8.265800e+002	1.745000e+004		6.838800e+002	2.290000e+003		5.278300e+002	1.380000e+003		2.843300e+002	2.936667e+003		
8.255800e+002	1.660000e+004		6.838300e+002	2.100000e+003		5.277800e+002	1.351111e+003		2.842800e+002	2.980000e+003		
8.245800e+002	1.523000e+004		6.837800e+002	2.203333e+003		5.277300e+002	1.360000e+003		2.842300e+002	3.103333e+003		
8.235800e+002	1.487000e+004		6.837300e+002	2.170000e+003		5.276800e+002	1.335556e+003		2.841800e+002	2.800000e+003		
8.225800e+002	1.424000e+004		6.836800e+002	2.080000e+003		5.276300e+002	1.275556e+003		2.841300e+002	2.720000e+003		
8.215800e+002	1.349000e+004		6.836300e+002	2.276667e+003		5.275800e+002	1.260000e+003		2.840800e+002	2.716667e+003		
8.205800e+002	1.287000e+004		6.835800e+002	2.260000e+003		5.275300e+002	1.262222e+003		2.840300e+002	2.480000e+003		
8.195800e+002	1.273000e+004		6.835300e+002	2.223333e+003		5.274800e+002	1.320000e+003		2.839800e+002	2.626667e+003		
8.185800e+002	1.215000e+004		6.834800e+002	2.236667e+003		5.274300e+002	1.380000e+003		2.839300e+002	2.323333e+003		
8.175800e+002	1.183000e+004		6.834300e+002	2.070000e+003		5.273800e+002	1.355556e+003		2.838800e+002	2.200000e+003		
8.165800e+002	1.176000e+004		6.833800e+002	2.066667e+003		5.273300e+002	1.304444e+003		2.838300e+002	2.136667e+003		
8.155800e+002	1.166000e+004		6.833300e+002	2.163333e+003		5.272800e+002	1.266667e+003		2.837800e+002	1.946667e+003		
8.145800e+002	1.195000e+004		6.832800e+002	2.273333e+003		5.272300e+002	1.311111e+003		2.837300e+002	1.866667e+003		
8.135800e+002	1.141000e+004		6.832300e+002	2.210000e+003		5.271800e+002	1.311111e+003		2.836800e+002	1.836667e+003		
8.125800e+002	1.112000e+004		6.831800e+002	2.230000e+003		5.271300e+002	1.308889e+003		2.836300e+002	1.623333e+003		
8.115800e+002	1.107000e+004		6.831300e+002	2.133333e+003		5.270800e+002	1.264444e+003		2.835800e+002	1.503333e+003		
8.105800e+002	1.099000e+004		6.830800e+002	2.216667e+003		5.270300e+002	1.320000e+003		2.835300e+002	1.486667e+003		
8.095800e+002	1.113000e+004		6.830300e+002	2.196667e+003		5.269800e+002	1.317778e+003		2.834800e+002	1.256667e+003		
8.085800e+002	1.116000e+004		6.829800e+002	2.113333e+003		5.269300e+002	1.226667e+003		2.834300e+002	1.110000e+003		
8.075800e+002	1.172000e+004		6.829300e+002	2.113333e+003		5.268800e+002	1.342222e+003		2.833800e+002	1.120000e+003		
8.065800e+002	1.179000e+004		6.828800e+002	2.116667e+003		5.268300e+002	1.380000e+003		2.833300e+002	1.110000e+003		
8.055800e+002	1.108000e+004		6.828300e+002	2.180000e+003		5.267800e+002	1.351111e+003		2.832800e+002	9.300000e+002		
8.045800e+002	1.133000e+004		6.827800e+002	2.256667e+003		5.267300e+002	1.333333e+003		2.832300e+002	8.000000e+002		
8.035800e+002	1.111000e+004		6.827300e+002	2.130000e+003		5.266800e+002	1.326667e+003		2.831800e+002	7.833333e+002		
8.025800e+002	1.094000e+004		6.826800e+002	2.113333e+003		5.266300e+002	1.337778e+003		2.831300e+002	7.400000e+002		
8.015800e+002	1.119000e+004		6.826300e+002	2.270000e+003		5.265800e+002	1.331111e+003		2.830800e+002	6.566667e+002		
8.005800e+002	1.150000e+004		6.825800e+002	2.200000e+003		5.265300e+002	1.382222e+003		2.830300e+002	6.333333e+002		
7.995800e+002	1.154000e+004		6.825300e+002	2.113333e+003		5.264800e+002	1.302222e+003		2.829800e+002	6.166667e+002		
7.985800e+002	1.108000e+004		6.824800e+002	2.136667e+003		5.264300e+002	1.355556e+003		2.829300e+002	5.333333e+002		
7.975800e+002	1.134000e+004		6.824300e+002	2.103333e+003		5.263800e+002	1.300000e+003		2.828800e+002	5.900000e+002		
7.965800e+002	1.113000e+004		6.823800e+002	1.993333e+003		5.263300e+002	1.337778e+003		2.828300e+002	4.300000e+002		
7.955800e+002	1.178000e+004		6.823300e+002	2.003333e+003		5.262800e+002	1.217778e+003		2.827800e+002	4.700000e+002		
7.945800e+002	1.135000e+004		6.822800e+002	2.180000e+003		5.262300e+002	1.268889e+003		2.827300e+002	4.433333e+002		
7.935800e+002	1.138000e+004		6.822300e+002	2.253333e+003		5.261800e+002	1.326667e+003		2.826800e+002	4.200000e+002		
7.925800e+002	1.205000e+004		6.821800e+002	2.193333e+003		5.261300e+002	1.375556e+003		2.826300e+002	4.200000e+002		
7.915800e+002	1.138000e+004		6.821300e+002	2.026667e+003		5.260800e+002	1.324444e+003		2.825800e+002	4.066667e+002		
7.905800e+002	1.124000e+004		6.820800e+002	2.120000e+003		5.260300e+002	1.384444e+003		2.825300e+002	4.166667e+002		
7.895800e+002	1.156000e+004		6.820300e+002	2.166667e+003		5.259800e+002	1.415556e+003		2.824800e+002	3.700000e+002		
7.885800e+002	1.132000e+004		6.819800e+002	2.173333e+003		5.259300e+002	1.302222e+003		2.824300e+002	3.966667e+002		
7.875800e+002	1.139000e+004		6.819300e+002	2.066667e+003		5.258800e+002	1.337778e+003		2.823800e+002	3.433333e+002		
7.865800e+002	1.149000e+004		6.818800e+002	2.030000e+003		5.258300e+002	1.346667e+003		2.823300e+002	3.866667e+002		
7.855800e+002	1.160000e+004		6.818300e+002	2.053333e+003		5.257800e+002	1.382222e+003		2.822800e+002	3.733333e+002		
7.845800e+002	1.177000e+004		6.817800e+002	2.010000e+003		5.257300e+002	1.322222e+003		2.822300e+002	3.766667e+002		
7.835800e+002	1.114000e+004		6.817300e+002	2.073333e+003		5.256800e+002	1.313333e+003		2.821800e+002	3.466667e+002		
7.825800e+002	1.129000e+004		6.816800e+002	2.186667e+003		5.256300e+002	1.271111e+003		2.821300e+002	3.533333e+002		
7.815800e+002	1.147000e+004		6.816300e+002	1.950000e+003		5.255800e+002	1.277778e+003		2.820800e+002	3.700000e+002		
7.805800e+002	1.137000e+004		6.815800e+002	2.113333e+003		5.255300e+002	1.322222e+003		2.820300e+002	4.333333e+002		
7.795800e+002	1.125000e+004		6.815300e+002	2.120000e+003		5.254800e+002	1.291111e+003		2.819800e+002	3.400000e+002		
7.785800e+002	1.176000e+004		6.814800e+002	2.066667e+003		5.254300e+002	1.344444e+003		2.819300e+002	3.366667e+002		
7.775800e+002	1.174000e+004		6.814300e+002	2.106667e+003		5.253800e+002	1.306667e+003		2.818800e+002	3.666667e+002		
7.765800e+002	1.187000e+004		6.813800e+002	2.173333e+003		5.253300e+002	1.335556e+003		2.818300e+002	3.500000e+002		
7.755800e+002	1.180000e+004		6.813300e+002	2.146667e+003		5.252800e+002	1.280000e+003		2.817800e+002	2.900000e+002		
7.745800e+002	1.157000e+004		6.812800e+002	2.200000e+003		5.252300e+002	1.268889e+003		2.817300e+002	3.300000e+002		
7.735800e+002	1.119000e+004		6.812300e+002	2.076667e+003		5.251800e+002	1.293333e+003		2.816800e+002	3.766667e+002		
7.725800e+002	1.189000e+004		6.811800e+002	2.146667e+003		5.251300e+002	1.311111e+003		2.816300e+002	3.366667e+002		
7.715800e+002	1.136000e+004		6.811300e+002	2.103333e+003		5.250800e+002	1.277778e+003		2.815800e+002	3.633333e+002		
7.705800e+002	1.147000e+004		6.810800e+002	2.126667e+003		5.250300e+002	1.360000e+003		2.815300e+002	4.066667e+002		
7.695800e+002	1.174000e+004		6.810300e+002	2.126667e+003		5.249800e+002	1.331111e+003		2.814800e+002	3.600000e+002		
7.685800e+002	1.185000e+004		6.809800e+002	2.070000e+003		5.249300e+002	1.335556e+003		2.814300e+002	3.033333e+002		
7.675800e+002	1.116000e+004		6.809300e+002	1.996667e+003		5.248800e+002	1.331111e+003		2.813800e+002	2.800000e+002		
7.665800e+002	1.115000e+004		6.808800e+002	2.006667e+003		5.248300e+002	1.353333e+003		2.813300e+002	2.833333e+002		
7.655800e+002	1.090000e+004		6.808300e+002	1.946667e+003		5.247800e+002	1.266667e+003		2.812800e+002	3.500000e+002		
7.645800e+002	1.168000e+004		6.807800e+002	2.060000e+003		5.247300e+002	1.286667e+003		2.812300e+002	2.866667e+002		
7.635800e+002	1.172000e+004		6.807300e+002	2.080000e+003		5.246800e+002	1.231111e+003		2.811800e+002	3.300000e+002		
7.625800e+002	1.177000e+004		6.806800e+002	1.866667e+003		5.246300e+002	1.308889e+003		2.811300e+002	3.166667e+002		
7.615800e+002	1.179000e+004		6.806300e+002	2.013333e+003		5.245800e+002	1.362222e+003		2.810800e+002	3.266667e+002		
7.605800e+002	1.127000e+004		6.805800e+002	1.923333e+003		5.245300e+002	1.331111e+003		2.810300e+002	2.900000e+002		
7.595800e+002	1.186000e+004		6.805300e+002	2.133333e+003		5.244800e+002	1.293333e+003		2.809800e+002	2.466667e+002		
7.585800e+002	1.205000e+004		6.804800e+002	2.096667e+003		5.244300e+002	1.391111e+003		2.809300e+002	2.766667e+002		
7.575800e+002	1.153000e+004		6.804300e+002	2.010000e+003		5.243800e+002	1.200000e+003		2.808800e+002	3.000000e+002		
7.565800e+002	1.143000e+004		6.803800e+002	1.963333e+003		5.243300e+002	1.282222e+003		2.808300e+002	2.600000e+002		
7.555800e+002	1.157000e+004		6.803300e+002	2.106667e+003		5.242800e+002	1.260000e+003		2.807800e+002	3.400000e+002		
7.545800e+002	1.176000e+004		6.802800e+002	2.130000e+003		5.242300e+002	1.213333e+003		2.807300e+002	3.533333e+002		
7.535800e+002	1.189000e+004		6.802300e+002	1.910000e+003		5.241800e+002	1.244444e+003		2.806800e+002	2.933333e+002		
7.525800e+002	1.160000e+004		6.801800e+002	1.990000e+003		5.241300e+002	1.333333e+003		2.806300e+002	3.033333e+002		
7.515800e+002	1.149000e+004		6.801300e+002	2.103333e+003		5.240800e+002	1.391111e+003		2.805800e+002	2.966667e+002		
7.505800e+002	1.179000e+004		6.800800e+002	2.080000e+003		5.240300e+002	1.353333e+003		2.805300e+002	3.033333e+002		
7.495800e+002	1.171000e+004		6.800300e+002	2.006667e+003		5.239800e+002	1.280000e+003		2.804800e+002	3.333333e+002		
7.485800e+002	1.212000e+004		6.799800e+002	1.976667e+003		5.239300e+002	1.282222e+003		2.804300e+002	3.000000e+002		
7.475800e+002	1.193000e+004		6.799300e+002	1.996667e+003		5.238800e+002	1.342222e+003		2.803800e+002	2.900000e+002		
7.465800e+002	1.168000e+004		6.798800e+002	2.026667e+003		5.238300e+002	1.362222e+003		2.803300e+002	2.666667e+002		
7.455800e+002	1.177000e+004		6.798300e+002	2.103333e+003		5.237800e+002	1.257778e+003		2.802800e+002	2.666667e+002		
7.445800e+002	1.157000e+004		6.797800e+002	2.260000e+003		5.237300e+002	1.357778e+003		2.802300e+002	3.000000e+002		
7.435800e+002	1.135000e+004		6.797300e+002	2.066667e+003		5.236800e+002	1.353333e+003		2.801800e+002	3.066667e+002		
7.425800e+002	1.152000e+004		6.796800e+002	2.026667e+003		5.236300e+002	1.357778e+003		2.801300e+002	3.200000e+002		
7.415800e+002	1.193000e+004		6.796300e+002	2.133333e+003		5.235800e+002	1.282222e+003		2.800800e+002	3.300000e+002		
7.405800e+002	1.206000e+004		6.795800e+002	2.146667e+003					2.800300e+002	2.766667e+002		
7.395800e+002	1.176000e+004		6.795300e+002	2.050000e+003					2.799800e+002	3.066667e+002		
7.385800e+002	1.196000e+004		6.794800e+002	2.106667e+003					2.799300e+002	3.033333e+002		
7.375800e+002	1.150000e+004		6.794300e+002	2.106667e+003					2.798800e+002	3.666667e+002		
7.365800e+002	1.160000e+004		6.793800e+002	2.156667e+003					2.798300e+002	2.966667e+002		
7.355800e+002	1.155000e+004		6.793300e+002	2.100000e+003					2.797800e+002	2.666667e+002		
7.345800e+002	1.126000e+004		6.792800e+002	2.090000e+003					2.797300e+002	3.200000e+002		
7.335800e+002	1.122000e+004		6.792300e+002	2.033333e+003					2.796800e+002	3.366667e+002		
7.325800e+002	1.117000e+004		6.791800e+002	2.060000e+003					2.796300e+002	3.166667e+002		
7.315800e+002	1.132000e+004		6.791300e+002	2.163333e+003					2.795800e+002	3.200000e+002		
7.305800e+002	1.151000e+004		6.790800e+002	2.283333e+003					2.795300e+002	2.833333e+002		
7.295800e+002	1.181000e+004		6.790300e+002	2.156667e+003					2.794800e+002	3.333333e+002		
7.285800e+002	1.141000e+004		6.789800e+002	2.073333e+003					2.794300e+002	2.633333e+002		
7.275800e+002	1.147000e+004		6.789300e+002	1.963333e+003					2.793800e+002	2.866667e+002		
7.265800e+002	1.153000e+004		6.788800e+002	1.980000e+003					2.793300e+002	3.033333e+002		
7.255800e+002	1.212000e+004		6.788300e+002	2.060000e+003					2.792800e+002	2.933333e+002		
7.245800e+002	1.216000e+004		6.787800e+002	2.106667e+003					2.792300e+002	3.666667e+002		
7.235800e+002	1.235000e+004		6.787300e+002	1.960000e+003					2.791800e+002	3.600000e+002		
7.225800e+002	1.295000e+004		6.786800e+002	2.230000e+003					2.791300e+002	3.300000e+002		
7.215800e+002	1.265000e+004		6.786300e+002	2.120000e+003					2.790800e+002	2.666667e+002		
7.205800e+002	1.304000e+004		6.785800e+002	2.040000e+003					2.790300e+002	2.633333e+002		
7.195800e+002	1.267000e+004		6.785300e+002	2.133333e+003					2.789800e+002	2.933333e+002		
7.185800e+002	1.275000e+004		6.784800e+002	2.013333e+003					2.789300e+002	3.233333e+002		
7.175800e+002	1.269000e+004		6.784300e+002	2.086667e+003					2.788800e+002	2.833333e+002		
7.165800e+002	1.257000e+004		6.783800e+002	1.996667e+003					2.788300e+002	2.866667e+002		
7.155800e+002	1.206000e+004		6.783300e+002	2.050000e+003					2.787800e+002	2.766667e+002		
7.145800e+002	1.204000e+004		6.782800e+002	1.986667e+003					2.787300e+002	2.533333e+002		
7.135800e+002	1.204000e+004		6.782300e+002	2.000000e+003					2.786800e+002	3.166667e+002		
7.125800e+002	1.238000e+004		6.781800e+002	2.043333e+003					2.786300e+002	2.733333e+002		
7.115800e+002	1.235000e+004		6.781300e+002	2.046667e+003					2.785800e+002	2.666667e+002		
7.105800e+002	1.187000e+004		6.780800e+002	2.010000e+003					2.785300e+002	3.600000e+002		
7.095800e+002	1.213000e+004		6.780300e+002	2.026667e+003					2.784800e+002	3.466667e+002		
7.085800e+002	1.191000e+004		6.779800e+002	2.120000e+003					2.784300e+002	2.833333e+002		
7.075800e+002	1.073000e+004		6.779300e+002	2.070000e+003					2.783800e+002	2.966667e+002		
7.065800e+002	1.035000e+004		6.778800e+002	1.990000e+003					2.783300e+002	3.133333e+002		
7.055800e+002	1.028000e+004		6.778300e+002	2.070000e+003					2.782800e+002	2.533333e+002		
7.045800e+002	9.920000e+003		6.777800e+002	2.093333e+003					2.782300e+002	2.800000e+002		
7.035800e+002	9.640000e+003		6.777300e+002	2.110000e+003					2.781800e+002	2.866667e+002		
7.025800e+002	9.000000e+003		6.776800e+002	2.060000e+003					2.781300e+002	2.866667e+002		
7.015800e+002	8.450000e+003		6.776300e+002	2.066667e+003					2.780800e+002	2.533333e+002		
7.005800e+002	8.650000e+003		6.775800e+002	2.053333e+003					2.780300e+002	3.400000e+002		
6.995800e+002	8.120000e+003		6.775300e+002	2.050000e+003					2.779800e+002	2.866667e+002		
6.985800e+002	7.450000e+003								2.779300e+002	2.466667e+002		
6.975800e+002	7.240000e+003								2.778800e+002	2.433333e+002		
6.965800e+002	6.690000e+003								2.778300e+002	3.000000e+002		
6.955800e+002	6.500000e+003								2.777800e+002	3.566667e+002		
6.945800e+002	6.920000e+003								2.777300e+002	2.766667e+002		
6.935800e+002	7.750000e+003								2.776800e+002	2.633333e+002		
6.925800e+002	9.530000e+003								2.776300e+002	2.500000e+002		
6.915800e+002	1.300000e+004								2.775800e+002	2.466667e+002		
6.905800e+002	1.993000e+004								2.775300e+002	2.866667e+002		
6.895800e+002	3.405000e+004								2.774800e+002	3.433333e+002		
6.885800e+002	6.038000e+004								2.774300e+002	2.733333e+002		
6.875800e+002	6.179000e+004								2.773800e+002	2.900000e+002		
6.865800e+002	2.846000e+004								2.773300e+002	3.033333e+002		
6.855800e+002	1.024000e+004								2.772800e+002	2.666667e+002		
6.845800e+002	6.470000e+003								2.772300e+002	3.366667e+002		
6.835800e+002	5.710000e+003								2.771800e+002	2.700000e+002		
6.825800e+002	5.480000e+003								2.771300e+002	2.800000e+002		
6.815800e+002	5.380000e+003								2.770800e+002	3.133333e+002		
6.805800e+002	5.380000e+003								2.770300e+002	3.066667e+002		
6.795800e+002	5.250000e+003								2.769800e+002	2.866667e+002		
6.785800e+002	5.040000e+003								2.769300e+002	2.900000e+002		
6.775800e+002	5.470000e+003								2.768800e+002	3.000000e+002		
6.765800e+002	5.550000e+003								2.768300e+002	3.333333e+002		
6.755800e+002	5.360000e+003								2.767800e+002	3.133333e+002		
6.745800e+002	5.300000e+003								2.767300e+002	2.466667e+002		
6.735800e+002	5.530000e+003								2.766800e+002	2.433333e+002		
6.725800e+002	5.720000e+003								2.766300e+002	3.400000e+002		
6.715800e+002	5.240000e+003								2.765800e+002	3.633333e+002		
6.705800e+002	5.340000e+003								2.765300e+002	3.100000e+002		
6.695800e+002	5.300000e+003								2.764800e+002	2.800000e+002		
6.685800e+002	5.480000e+003								2.764300e+002	3.533333e+002		
6.675800e+002	5.170000e+003								2.763800e+002	3.100000e+002		
6.665800e+002	5.290000e+003								2.763300e+002	3.033333e+002		
6.655800e+002	5.080000e+003								2.762800e+002	2.666667e+002		
6.645800e+002	5.000000e+003								2.762300e+002	3.133333e+002		
6.635800e+002	5.120000e+003								2.761800e+002	2.900000e+002		
6.625800e+002	5.090000e+003								2.761300e+002	3.033333e+002		
6.615800e+002	5.120000e+003								2.760800e+002	2.933333e+002		
6.605800e+002	5.010000e+003								2.760300e+002	2.600000e+002		
6.595800e+002	5.390000e+003								2.759800e+002	3.100000e+002		
6.585800e+002	5.450000e+003								2.759300e+002	2.733333e+002		
6.575800e+002	5.640000e+003								2.758800e+002	2.800000e+002		
6.565800e+002	5.040000e+003								2.758300e+002	3.066667e+002		
6.555800e+002	5.430000e+003								2.757800e+002	2.533333e+002		
6.545800e+002	5.420000e+003								2.757300e+002	2.166667e+002		
6.535800e+002	5.530000e+003								2.756800e+002	3.200000e+002		
6.525800e+002	5.650000e+003								2.756300e+002	3.266667e+002		
6.515800e+002	5.440000e+003								2.755800e+002	3.033333e+002		
6.505800e+002	5.450000e+003								2.755300e+002	3.100000e+002		
6.495800e+002	5.260000e+003								2.754800e+002	3.400000e+002		
6.485800e+002	5.350000e+003								2.754300e+002	2.733333e+002		
6.475800e+002	5.470000e+003								2.753800e+002	3.366667e+002		
6.465800e+002	5.500000e+003								2.753300e+002	3.000000e+002		
6.455800e+002	5.860000e+003								2.752800e+002	2.966667e+002		
6.445800e+002	5.750000e+003								2.752300e+002	3.066667e+002		
6.435800e+002	5.590000e+003								2.751800e+002	3.066667e+002		
6.425800e+002	5.360000e+003								2.751300e+002	2.866667e+002		
6.415800e+002	5.080000e+003								2.750800e+002	3.300000e+002		
6.405800e+002	5.780000e+003											
6.395800e+002	5.400000e+003											
6.385800e+002	5.470000e+003											
6.375800e+002	5.210000e+003											
6.365800e+002	5.340000e+003											
6.355800e+002	5.360000e+003											
6.345800e+002	5.550000e+003											
6.335800e+002	5.430000e+003											
6.325800e+002	5.200000e+003											
6.315800e+002	5.440000e+003											
6.305800e+002	5.410000e+003											
6.295800e+002	5.440000e+003											
6.285800e+002	5.240000e+003											
6.275800e+002	5.610000e+003											
6.265800e+002	5.540000e+003											
6.255800e+002	5.830000e+003											
6.245800e+002	5.390000e+003											
6.235800e+002	5.420000e+003											
6.225800e+002	5.600000e+003											
6.215800e+002	5.430000e+003											
6.205800e+002	5.730000e+003											
6.195800e+002	5.640000e+003											
6.185800e+002	5.620000e+003											
6.175800e+002	5.520000e+003											
6.165800e+002	5.850000e+003											
6.155800e+002	6.070000e+003											
6.145800e+002	5.550000e+003											
6.135800e+002	5.620000e+003											
6.125800e+002	5.300000e+003											
6.115800e+002	5.400000e+003											
6.105800e+002	5.540000e+003											
6.095800e+002	5.570000e+003											
6.085800e+002	5.770000e+003											
6.075800e+002	5.820000e+003											
6.065800e+002	5.700000e+003											
6.055800e+002	5.490000e+003											
6.045800e+002	5.500000e+003											
6.035800e+002	5.620000e+003											
6.025800e+002	5.660000e+003											
6.015800e+002	5.720000e+003											
6.005800e+002	5.470000e+003											
5.995800e+002	5.510000e+003											
5.985800e+002	5.790000e+003											
5.975800e+002	5.480000e+003											
5.965800e+002	5.190000e+003											
5.955800e+002	5.510000e+003											
5.945800e+002	5.780000e+003											
5.935800e+002	6.210000e+003											
5.925800e+002	5.760000e+003											
5.915800e+002	5.880000e+003											
5.905800e+002	5.340000e+003											
5.895800e+002	5.630000e+003											
5.885800e+002	5.340000e+003											
5.875800e+002	5.530000e+003											
5.865800e+002	5.470000e+003											
5.855800e+002	5.700000e+003											
5.845800e+002	5.730000e+003											
5.835800e+002	5.780000e+003											
5.825800e+002	5.890000e+003											
5.815800e+002	5.640000e+003											
5.805800e+002	5.530000e+003											
5.795800e+002	5.650000e+003											
5.785800e+002	5.800000e+003											
5.775800e+002	5.920000e+003											
5.765800e+002	5.390000e+003											
5.755800e+002	5.560000e+003											
5.745800e+002	5.770000e+003											
5.735800e+002	5.680000e+003											
5.725800e+002	5.500000e+003											
5.715800e+002	5.570000e+003											
5.705800e+002	5.300000e+003											
5.695800e+002	5.560000e+003											
5.685800e+002	5.470000e+003											
5.675800e+002	5.470000e+003											
5.665800e+002	5.700000e+003											
5.655800e+002	5.420000e+003											
5.645800e+002	5.480000e+003											
5.635800e+002	5.970000e+003											
5.625800e+002	5.860000e+003											
5.615800e+002	5.920000e+003											
5.605800e+002	6.260000e+003											
5.595800e+002	5.720000e+003											
5.585800e+002	6.410000e+003											
5.575800e+002	6.110000e+003											
5.565800e+002	6.220000e+003											
5.555800e+002	5.700000e+003											
5.545800e+002	5.960000e+003											
5.535800e+002	5.800000e+003											
5.525800e+002	5.940000e+003											
5.515800e+002	5.760000e+003											
5.505800e+002	5.600000e+003											
5.495800e+002	5.730000e+003											
5.485800e+002	5.510000e+003											
5.475800e+002	5.250000e+003											
5.465800e+002	4.790000e+003											
5.455800e+002	4.980000e+003											
5.445800e+002	4.720000e+003											
5.435800e+002	4.530000e+003											
5.425800e+002	4.450000e+003											
5.415800e+002	4.330000e+003											
5.405800e+002	4.190000e+003											
5.395800e+002	4.320000e+003											
5.385800e+002	4.320000e+003											
5.375800e+002	4.230000e+003											
5.365800e+002	5.070000e+003											
5.355800e+002	6.350000e+003											
5.345800e+002	7.790000e+003											
5.335800e+002	1.233000e+004											
5.325800e+002	1.636000e+004											
5.315800e+002	1.472000e+004											
5.305800e+002	9.070000e+003											
5.295800e+002	5.160000e+003											
5.285800e+002	3.720000e+003											
5.275800e+002	3.730000e+003											
5.265800e+002	3.590000e+003											
5.255800e+002	3.930000e+003											
5.245800e+002	3.560000e+003											
5.235800e+002	3.650000e+003											
5.225800e+002	3.470000e+003											
5.215800e+002	3.660000e+003											
5.205800e+002	3.580000e+003											
5.195800e+002	3.370000e+003											
5.185800e+002	3.530000e+003											
5.175800e+002	3.700000e+003											
5.165800e+002	3.700000e+003											
5.155800e+002	3.350000e+003											
5.145800e+002	3.390000e+003											
5.135800e+002	3.530000e+003											
5.125800e+002	3.260000e+003											
5.115800e+002	3.280000e+003											
5.105800e+002	3.450000e+003											
5.095800e+002	3.710000e+003											
5.085800e+002	3.550000e+003											
5.075800e+002	3.490000e+003											
5.065800e+002	3.530000e+003											
5.055800e+002	3.650000e+003											
5.045800e+002	3.510000e+003											
5.035800e+002	3.730000e+003											
5.025800e+002	3.670000e+003											
5.015800e+002	3.680000e+003											
5.005800e+002	3.690000e+003											
4.995800e+002	3.540000e+003											
4.985800e+002	3.720000e+003											
4.975800e+002	3.670000e+003											
4.965800e+002	3.630000e+003											
4.955800e+002	3.850000e+003											
4.945800e+002	3.490000e+003											
4.935800e+002	3.690000e+003											
4.925800e+002	3.620000e+003											
4.915800e+002	3.820000e+003											
4.905800e+002	3.520000e+003											
4.895800e+002	3.570000e+003											
4.885800e+002	3.740000e+003											
4.875800e+002	3.560000e+003											
4.865800e+002	3.570000e+003											
4.855800e+002	3.540000e+003											
4.845800e+002	3.480000e+003											
4.835800e+002	3.760000e+003											
4.825800e+002	3.570000e+003											
4.815800e+002	3.370000e+003											
4.805800e+002	3.610000e+003											
4.795800e+002	3.630000e+003											
4.785800e+002	3.720000e+003											
4.775800e+002	4.010000e+003											
4.765800e+002	3.910000e+003											
4.755800e+002	3.500000e+003											
4.745800e+002	3.360000e+003											
4.735800e+002	3.580000e+003											
4.725800e+002	3.640000e+003											
4.715800e+002	3.520000e+003											
4.705800e+002	3.540000e+003											
4.695800e+002	3.610000e+003											
4.685800e+002	3.780000e+003											
4.675800e+002	3.800000e+003											
4.665800e+002	3.760000e+003											
4.655800e+002	3.450000e+003											
4.645800e+002	3.690000e+003											
4.635800e+002	3.550000e+003											
4.625800e+002	3.790000e+003											
4.615800e+002	3.560000e+003											
4.605800e+002	3.290000e+003											
4.595800e+002	3.490000e+003											
4.585800e+002	3.640000e+003											
4.575800e+002	3.610000e+003											
4.565800e+002	3.920000e+003											
4.555800e+002	3.880000e+003											
4.545800e+002	3.520000e+003											
4.535800e+002	3.710000e+003											
4.525800e+002	3.550000e+003											
4.515800e+002	3.670000e+003											
4.505800e+002	3.470000e+003											
4.495800e+002	3.770000e+003											
4.485800e+002	3.540000e+003											
4.475800e+002	3.650000e+003											
4.465800e+002	3.890000e+003											
4.455800e+002	3.990000e+003											
4.445800e+002	3.970000e+003											
4.435800e+002	3.420000e+003											
4.425800e+002	3.710000e+003											
4.415800e+002	4.050000e+003											
4.405800e+002	3.680000e+003											
4.395800e+002	3.780000e+003											
4.385800e+002	3.700000e+003											
4.375800e+002	3.660000e+003											
4.365800e+002	3.470000e+003											
4.355800e+002	3.720000e+003											
4.345800e+002	4.020000e+003											
4.335800e+002	3.460000e+003											
4.325800e+002	3.520000e+003											
4.315800e+002	3.620000e+003											
4.305800e+002	3.630000e+003											
4.295800e+002	3.660000e+003											
4.285800e+002	3.700000e+003											
4.275800e+002	3.920000e+003											
4.265800e+002	3.890000e+003											
4.255800e+002	3.610000e+003											
4.245800e+002	4.080000e+003											
4.235800e+002	3.900000e+003											
4.225800e+002	3.990000e+003											
4.215800e+002	4.010000e+003											
4.205800e+002	3.970000e+003											
4.195800e+002	4.060000e+003											
4.185800e+002	3.590000e+003											
4.175800e+002	3.780000e+003											
4.165800e+002	4.010000e+003											
4.155800e+002	3.810000e+003											
4.145800e+002	3.810000e+003											
4.135800e+002	3.710000e+003											
4.125800e+002	3.760000e+003											
4.115800e+002	3.480000e+003											
4.105800e+002	3.460000e+003											
4.095800e+002	3.920000e+003											
4.085800e+002	3.480000e+003											
4.075800e+002	3.750000e+003											
4.065800e+002	3.700000e+003											
4.055800e+002	4.000000e+003											
4.045800e+002	4.080000e+003											
4.035800e+002	4.210000e+003											
4.025800e+002	4.170000e+003											
4.015800e+002	4.690000e+003											
4.005800e+002	4.230000e+003											
3.995800e+002	4.130000e+003											
3.985800e+002	3.950000e+003											
3.975800e+002	3.950000e+003											
3.965800e+002	3.610000e+003											
3.955800e+002	3.700000e+003											
3.945800e+002	3.910000e+003											
3.935800e+002	4.070000e+003											
3.925800e+002	3.830000e+003											
3.915800e+002	3.740000e+003											
3.905800e+002	3.860000e+003											
3.895800e+002	3.720000e+003											
3.885800e+002	3.680000e+003											
3.875800e+002	3.900000e+003											
3.865800e+002	3.840000e+003											
3.855800e+002	3.980000e+003											
3.845800e+002	4.350000e+003											
3.835800e+002	3.810000e+003											
3.825800e+002	3.830000e+003											
3.815800e+002	4.180000e+003											
3.805800e+002	3.960000e+003											
3.795800e+002	3.830000e+003											
3.785800e+002	4.430000e+003											
3.775800e+002	3.980000e+003											
3.765800e+002	3.970000e+003											
3.755800e+002	3.750000e+003											
3.745800e+002	3.900000e+003											
3.735800e+002	3.640000e+003											
3.725800e+002	3.730000e+003											
3.715800e+002	3.940000e+003											
3.705800e+002	3.830000e+003											
3.695800e+002	4.200000e+003											
3.685800e+002	4.090000e+003											
3.675800e+002	3.770000e+003											
3.665800e+002	3.820000e+003											
3.655800e+002	3.850000e+003											
3.645800e+002	3.730000e+003											
3.635800e+002	3.970000e+003											
3.625800e+002	4.040000e+003											
3.615800e+002	4.110000e+003											
3.605800e+002	3.950000e+003											
3.595800e+002	4.290000e+003											
3.585800e+002	4.100000e+003											
3.575800e+002	3.810000e+003											
3.565800e+002	4.210000e+003											
3.555800e+002	4.240000e+003											
3.545800e+002	4.140000e+003											
3.535800e+002	4.050000e+003											
3.525800e+002	3.990000e+003											
3.515800e+002	4.060000e+003											
3.505800e+002	4.450000e+003											
3.495800e+002	4.120000e+003											
3.485800e+002	4.060000e+003											
3.475800e+002	4.100000e+003											
3.465800e+002	4.120000e+003											
3.455800e+002	4.360000e+003											
3.445800e+002	4.150000e+003											
3.435800e+002	3.980000e+003											
3.425800e+002	4.030000e+003											
3.415800e+002	4.160000e+003											
3.405800e+002	4.400000e+003											
3.395800e+002	4.360000e+003											
3.385800e+002	4.380000e+003											
3.375800e+002	4.040000e+003											
3.365800e+002	4.360000e+003											
3.355800e+002	4.020000e+003											
3.345800e+002	4.270000e+003											
3.335800e+002	4.310000e+003											
3.325800e+002	4.200000e+003											
3.315800e+002	4.350000e+003											
3.305800e+002	4.530000e+003											
3.295800e+002	4.240000e+003											
3.285800e+002	4.100000e+003											
3.275800e+002	3.980000e+003											
3.265800e+002	4.120000e+003											
3.255800e+002	4.330000e+003											
3.245800e+002	4.190000e+003											
3.235800e+002	4.510000e+003											
3.225800e+002	5.050000e+003											
3.215800e+002	4.670000e+003											
3.205800e+002	4.580000e+003											
3.195800e+002	4.480000e+003											
3.185800e+002	4.750000e+003											
3.175800e+002	4.670000e+003											
3.165800e+002	4.600000e+003											
3.155800e+002	4.590000e+003											
3.145800e+002	4.520000e+003											
3.135800e+002	4.500000e+003											
3.125800e+002	4.710000e+003											
3.115800e+002	4.390000e+003											
3.105800e+002	4.610000e+003											
3.095800e+002	4.460000e+003											
3.085800e+002	3.950000e+003											
3.075800e+002	3.990000e+003											
3.065800e+002	3.870000e+003											
3.055800e+002	3.670000e+003											
3.045800e+002	3.790000e+003											
3.035800e+002	3.750000e+003											
3.025800e+002	3.490000e+003											
3.015800e+002	3.040000e+003											
3.005800e+002	3.020000e+003											
2.995800e+002	3.200000e+003											
2.985800e+002	2.770000e+003											
2.975800e+002	2.620000e+003											
2.965800e+002	2.310000e+003											
2.955800e+002	2.330000e+003											
2.945800e+002	2.190000e+003											
2.935800e+002	2.720000e+003											
2.925800e+002	4.270000e+003											
2.915800e+002	6.830000e+003											
2.905800e+002	1.055000e+004											
2.895800e+002	1.798000e+004											
2.885800e+002	1.576000e+004											
2.875800e+002	9.420000e+003											
2.865800e+002	9.390000e+003											
2.855800e+002	8.640000e+003											
2.845800e+002	8.050000e+003											
2.835800e+002	5.580000e+003											
2.825800e+002	2.140000e+003											
2.815800e+002	9.800000e+002											
2.805800e+002	9.700000e+002											
2.795800e+002	7.700000e+002											
2.785800e+002	7.800000e+002											
2.775800e+002	7.200000e+002											
2.765800e+002	7.700000e+002											
2.755800e+002	8.800000e+002											
2.745800e+002	1.030000e+003											
2.735800e+002	9.400000e+002											
2.725800e+002	8.000000e+002											
2.715800e+002	9.200000e+002											
2.705800e+002	8.000000e+002											
2.695800e+002	7.600000e+002											
2.685800e+002	7.300000e+002											
2.675800e+002	7.100000e+002											
2.665800e+002	7.800000e+002											
2.655800e+002	9.700000e+002											
2.645800e+002	9.700000e+002											
2.635800e+002	8.400000e+002											
2.625800e+002	9.800000e+002											
2.615800e+002	8.500000e+002											
2.605800e+002	9.700000e+002											
2.595800e+002	9.000000e+002											
2.585800e+002	1.000000e+003											
2.575800e+002	9.500000e+002											
2.565800e+002	7.000000e+002											
2.555800e+002	7.700000e+002											
2.545800e+002	1.020000e+003											
2.535800e+002	9.400000e+002											
2.525800e+002	9.800000e+002											
2.515800e+002	7.700000e+002											
2.505800e+002	8.100000e+002											
2.495800e+002	8.400000e+002											
2.485800e+002	7.800000e+002											
2.475800e+002	8.200000e+002											
2.465800e+002	8.300000e+002											
2.455800e+002	8.100000e+002											
2.445800e+002	8.300000e+002											
2.435800e+002	8.600000e+002											
2.425800e+002	8.500000e+002											
2.415800e+002	7.800000e+002											
2.405800e+002	6.500000e+002											
2.395800e+002	8.100000e+002											
2.385800e+002	8.500000e+002											
2.375800e+002	8.500000e+002											
2.365800e+002	8.300000e+002											
2.355800e+002	6.800000e+002											
2.345800e+002	9.000000e+002											
2.335800e+002	1.220000e+003											
2.325800e+002	1.170000e+003											
2.315800e+002	1.050000e+003											
2.305800e+002	1.130000e+003											
2.295800e+002	1.070000e+003											
2.285800e+002	8.600000e+002											
2.275800e+002	8.200000e+002											
2.265800e+002	7.800000e+002											
2.255800e+002	8.800000e+002											
2.245800e+002	7.900000e+002											
2.235800e+002	8.400000e+002											
2.225800e+002	8.800000e+002											
2.215800e+002	8.500000e+002											
2.205800e+002	9.600000e+002											
2.195800e+002	7.300000e+002											
2.185800e+002	7.200000e+002											
2.175800e+002	8.800000e+002											
2.165800e+002	7.700000e+002											
2.155800e+002	6.900000e+002											
2.145800e+002	8.200000e+002											
2.135800e+002	7.100000e+002											
2.125800e+002	7.400000e+002											
2.115800e+002	8.300000e+002											
2.105800e+002	7.300000e+002											
2.095800e+002	6.900000e+002											
2.085800e+002	7.600000e+002											
2.075800e+002	7.300000e+002											
2.065800e+002	6.200000e+002											
2.055800e+002	8.000000e+002											
2.045800e+002	8.200000e+002											
2.035800e+002	7.300000e+002											
2.025800e+002	8.100000e+002											
2.015800e+002	9.000000e+002											
2.005800e+002	9.500000e+002											
1.995800e+002	9.600000e+002											
1.985800e+002	9.600000e+002											
1.975800e+002	7.500000e+002											
1.965800e+002	7.200000e+002											
1.955800e+002	7.300000e+002											
1.945800e+002	8.200000e+002											
1.935800e+002	1.000000e+003											
1.925800e+002	7.700000e+002											
1.915800e+002	5.500000e+002											
1.905800e+002	7.800000e+002											
1.895800e+002	7.800000e+002											
1.885800e+002	8.000000e+002											
1.875800e+002	8.500000e+002											
1.865800e+002	8.300000e+002											
1.855800e+002	7.600000e+002											
1.845800e+002	7.500000e+002											
1.835800e+002	6.200000e+002											
1.825800e+002	6.900000e+002											
1.815800e+002	7.300000e+002											
1.805800e+002	7.200000e+002											
1.795800e+002	8.000000e+002											
1.785800e+002	6.200000e+002											
1.775800e+002	7.300000e+002											
1.765800e+002	7.300000e+002											
1.755800e+002	6.500000e+002											
1.745800e+002	7.400000e+002											
1.735800e+002	6.500000e+002											
1.725800e+002	7.300000e+002											
1.715800e+002	7.700000e+002											
1.705800e+002	8.000000e+002											
1.695800e+002	1.280000e+003											
1.685800e+002	1.290000e+003											
1.675800e+002	1.180000e+003											
1.665800e+002	1.060000e+003											
1.655800e+002	7.200000e+002											
1.645800e+002	5.700000e+002											
1.635800e+002	5.700000e+002											
1.625800e+002	6.300000e+002											
1.615800e+002	5.700000e+002											
1.605800e+002	6.800000e+002											
1.595800e+002	7.800000e+002											
1.585800e+002	8.000000e+002											
1.575800e+002	7.500000e+002											
1.565800e+002	6.200000e+002											
1.555800e+002	7.000000e+002											
1.545800e+002	6.900000e+002											
1.535800e+002	6.900000e+002											
1.525800e+002	6.800000e+002											
1.515800e+002	6.400000e+002											
1.505800e+002	7.000000e+002											
1.495800e+002	6.900000e+002											
1.485800e+002	7.200000e+002											
1.475800e+002	7.200000e+002											
1.465800e+002	6.500000e+002											
1.455800e+002	7.300000e+002											
1.445800e+002	6.600000e+002											
1.435800e+002	7.100000e+002											
1.425800e+002	8.500000e+002											
1.415800e+002	6.900000e+002											
1.405800e+002	6.400000e+002											
1.395800e+002	8.100000e+002											
1.385800e+002	7.100000e+002											
1.375800e+002	6.600000e+002											
1.365800e+002	6.800000e+002											
1.355800e+002	9.100000e+002											
1.345800e+002	7.000000e+002											
1.335800e+002	7.600000e+002											
1.325800e+002	7.100000e+002											
1.315800e+002	9.200000e+002											
1.305800e+002	6.500000e+002											
1.295800e+002	7.300000e+002											
1.285800e+002	7.000000e+002											
1.275800e+002	7.600000e+002											
1.265800e+002	7.800000e+002											
1.255800e+002	8.300000e+002											
1.245800e+002	8.100000e+002											
1.235800e+002	6.700000e+002											
1.225800e+002	8.400000e+002											
1.215800e+002	8.600000e+002											
1.205800e+002	6.700000e+002											
1.195800e+002	6.700000e+002											
1.185800e+002	6.100000e+002											
1.175800e+002	6.400000e+002											
1.165800e+002	8.100000e+002											
1.155800e+002	7.200000e+002											
1.145800e+002	7.600000e+002											
1.135800e+002	6.800000e+002											
1.125800e+002	7.000000e+002											
1.115800e+002	7.100000e+002											
1.105800e+002	8.400000e+002											
1.095800e+002	7.600000e+002											
1.085800e+002	6.700000e+002											
1.075800e+002	8.100000e+002											
1.065800e+002	6.700000e+002											
1.055800e+002	8.400000e+002											
1.045800e+002	7.200000e+002											
1.035800e+002	6.700000e+002											
1.025800e+002	6.500000e+002											
1.015800e+002	7.900000e+002											
1.005800e+002	8.000000e+002											
9.958000e+001	8.300000e+002											
9.858000e+001	1.050000e+003											
9.758000e+001	7.800000e+002											
9.658000e+001	6.900000e+002											
9.558000e+001	6.600000e+002											
9.458000e+001	7.900000e+002											
9.358000e+001	9.000000e+002											
9.258000e+001	9.300000e+002											
9.158000e+001	8.100000e+002											
9.058000e+001	7.000000e+002											
8.958000e+001	7.200000e+002											
8.858000e+001	8.200000e+002											
8.758000e+001	6.900000e+002											
8.658000e+001	7.600000e+002											
8.558000e+001	9.400000e+002											
8.458000e+001	7.600000e+002											
8.358000e+001	7.200000e+002											
8.258000e+001	8.500000e+002											
8.158000e+001	9.300000e+002											
8.058000e+001	7.400000e+002											
7.958000e+001	8.200000e+002											
7.858000e+001	7.600000e+002											
7.758000e+001	6.700000e+002											
7.658000e+001	7.700000e+002											
7.558000e+001	7.300000e+002											
7.458000e+001	9.100000e+002											
7.358000e+001	8.000000e+002											
7.258000e+001	6.100000e+002											
7.158000e+001	7.900000e+002											
7.058000e+001	8.200000e+002											
6.958000e+001	1.030000e+003											
6.858000e+001	8.100000e+002											
6.758000e+001	7.200000e+002											
6.658000e+001	8.500000e+002											
6.558000e+001	9.600000e+002											
6.458000e+001	8.700000e+002											
6.358000e+001	8.100000e+002											
6.258000e+001	8.000000e+002											
6.158000e+001	8.200000e+002											
6.058000e+001	8.300000e+002											
5.958000e+001	8.600000e+002											
5.858000e+001	9.500000e+002											
5.758000e+001	8.000000e+002											
5.658000e+001	9.700000e+002											
5.558000e+001	9.300000e+002											
5.458000e+001	9.500000e+002											
5.358000e+001	7.800000e+002											
5.258000e+001	8.900000e+002											
5.158000e+001	8.200000e+002											
5.058000e+001	8.900000e+002											
4.958000e+001	9.000000e+002											
4.858000e+001	7.400000e+002											
4.758000e+001	7.400000e+002											
4.658000e+001	5.900000e+002											
4.558000e+001	7.200000e+002											
4.458000e+001	6.700000e+002											
4.358000e+001	5.600000e+002											
4.258000e+001	7.000000e+002											
4.158000e+001	6.800000e+002											
4.058000e+001	6.400000e+002											
3.958000e+001	6.500000e+002											
3.858000e+001	7.700000e+002											
3.758000e+001	9.200000e+002											
3.658000e+001	1.370000e+003											
3.558000e+001	1.870000e+003											
3.458000e+001	2.330000e+003											
3.358000e+001	2.730000e+003											
3.258000e+001	2.410000e+003											
3.158000e+001	1.550000e+003											
3.058000e+001	9.700000e+002											
2.958000e+001	8.200000e+002											
2.858000e+001	6.300000e+002											
2.758000e+001	7.400000e+002											
2.658000e+001	7.300000e+002											
2.558000e+001	8.200000e+002											
2.458000e+001	6.300000e+002											
2.358000e+001	5.800000e+002											
2.258000e+001	5.500000e+002											
2.158000e+001	6.100000e+002											
2.058000e+001	6.600000e+002											
1.958000e+001	5.900000e+002											
1.858000e+001	5.500000e+002											
1.758000e+001	5.800000e+002											
1.658000e+001	7.000000e+002											
1.558000e+001	7.000000e+002											
1.458000e+001	8.800000e+002											
1.358000e+001	6.800000e+002											
1.258000e+001	7.300000e+002											
1.158000e+001	7.900000e+002											
1.058000e+001	8.300000e+002											
9.580000e+000	9.200000e+002											
8.580000e+000	6.700000e+002											
7.580000e+000	5.500000e+002											
6.580000e+000	4.000000e+002											
5.580000e+000	3.000000e+002											
4.580000e+000	1.200000e+002											
3.580000e+000	8.000000e+001											
2.580000e+000	5.000000e+001											
1.580000e+000	3.000000e+001											