B.E.	wide/2:CPS		B.E.	F 1s/5:CPS		B.E.	O 1s/6:CPS		B.E.	C 1s/7:CPS		
1.101878e+003	2.536000e+004		6.979280e+002	4.510000e+003		5.418780e+002	2.715556e+003		2.983780e+002	1.650000e+003		
1.100878e+003	2.581000e+004		6.978780e+002	4.613333e+003		5.418280e+002	2.762222e+003		2.983280e+002	1.556667e+003		
1.099878e+003	2.592000e+004		6.978280e+002	4.526667e+003		5.417780e+002	2.668889e+003		2.982780e+002	1.706667e+003		
1.098878e+003	2.596000e+004		6.977780e+002	4.456667e+003		5.417280e+002	2.668889e+003		2.982280e+002	1.583333e+003		
1.097878e+003	2.486000e+004		6.977280e+002	4.403333e+003		5.416780e+002	2.666667e+003		2.981780e+002	1.606667e+003		
1.096878e+003	2.588000e+004		6.976780e+002	4.076667e+003		5.416280e+002	2.748889e+003		2.981280e+002	1.546667e+003		
1.095878e+003	2.541000e+004		6.976280e+002	4.276667e+003		5.415780e+002	2.706667e+003		2.980780e+002	1.596667e+003		
1.094878e+003	2.564000e+004		6.975780e+002	4.233333e+003		5.415280e+002	2.682222e+003		2.980280e+002	1.486667e+003		
1.093878e+003	2.559000e+004		6.975280e+002	4.280000e+003		5.414780e+002	2.708889e+003		2.979780e+002	1.500000e+003		
1.092878e+003	2.644000e+004		6.974780e+002	4.160000e+003		5.414280e+002	2.722222e+003		2.979280e+002	1.596667e+003		
1.091878e+003	2.627000e+004		6.974280e+002	4.176667e+003		5.413780e+002	2.848889e+003		2.978780e+002	1.543333e+003		
1.090878e+003	2.590000e+004		6.973780e+002	4.066667e+003		5.413280e+002	2.586667e+003		2.978280e+002	1.490000e+003		
1.089878e+003	2.564000e+004		6.973280e+002	4.123333e+003		5.412780e+002	2.688889e+003		2.977780e+002	1.493333e+003		
1.088878e+003	2.601000e+004		6.972780e+002	4.050000e+003		5.412280e+002	2.802222e+003		2.977280e+002	1.603333e+003		
1.087878e+003	2.554000e+004		6.972280e+002	4.143333e+003		5.411780e+002	2.704444e+003		2.976780e+002	1.496667e+003		
1.086878e+003	2.623000e+004		6.971780e+002	4.076667e+003		5.411280e+002	2.777778e+003		2.976280e+002	1.520000e+003		
1.085878e+003	2.539000e+004		6.971280e+002	4.066667e+003		5.410780e+002	2.757778e+003		2.975780e+002	1.490000e+003		
1.084878e+003	2.567000e+004		6.970780e+002	4.163333e+003		5.410280e+002	2.733333e+003		2.975280e+002	1.596667e+003		
1.083878e+003	2.500000e+004		6.970280e+002	3.946667e+003		5.409780e+002	2.617778e+003		2.974780e+002	1.380000e+003		
1.082878e+003	2.482000e+004		6.969780e+002	4.033333e+003		5.409280e+002	2.660000e+003		2.974280e+002	1.446667e+003		
1.081878e+003	2.558000e+004		6.969280e+002	4.060000e+003		5.408780e+002	2.608889e+003		2.973780e+002	1.456667e+003		
1.080878e+003	2.487000e+004		6.968780e+002	4.036667e+003		5.408280e+002	2.786667e+003		2.973280e+002	1.443333e+003		
1.079878e+003	2.504000e+004		6.968280e+002	4.076667e+003		5.407780e+002	2.700000e+003		2.972780e+002	1.430000e+003		
1.078878e+003	2.467000e+004		6.967780e+002	3.940000e+003		5.407280e+002	2.728889e+003		2.972280e+002	1.393333e+003		
1.077878e+003	2.538000e+004		6.967280e+002	3.893333e+003		5.406780e+002	2.644444e+003		2.971780e+002	1.510000e+003		
1.076878e+003	2.583000e+004		6.966780e+002	3.993333e+003		5.406280e+002	2.751111e+003		2.971280e+002	1.406667e+003		
1.075878e+003	2.556000e+004		6.966280e+002	4.040000e+003		5.405780e+002	2.700000e+003		2.970780e+002	1.276667e+003		
1.074878e+003	2.505000e+004		6.965780e+002	4.033333e+003		5.405280e+002	2.711111e+003		2.970280e+002	1.490000e+003		
1.073878e+003	2.504000e+004		6.965280e+002	3.906667e+003		5.404780e+002	2.666667e+003		2.969780e+002	1.426667e+003		
1.072878e+003	2.636000e+004		6.964780e+002	3.860000e+003		5.404280e+002	2.620000e+003		2.969280e+002	1.370000e+003		
1.071878e+003	2.570000e+004		6.964280e+002	3.873333e+003		5.403780e+002	2.720000e+003		2.968780e+002	1.336667e+003		
1.070878e+003	2.605000e+004		6.963780e+002	3.836667e+003		5.403280e+002	2.851111e+003		2.968280e+002	1.413333e+003		
1.069878e+003	2.610000e+004		6.963280e+002	3.966667e+003		5.402780e+002	2.808889e+003		2.967780e+002	1.366667e+003		
1.068878e+003	2.490000e+004		6.962780e+002	3.870000e+003		5.402280e+002	2.624444e+003		2.967280e+002	1.313333e+003		
1.067878e+003	2.509000e+004		6.962280e+002	3.763333e+003		5.401780e+002	2.588889e+003		2.966780e+002	1.260000e+003		
1.066878e+003	2.553000e+004		6.961780e+002	3.970000e+003		5.401280e+002	2.551111e+003		2.966280e+002	1.336667e+003		
1.065878e+003	2.615000e+004		6.961280e+002	3.826667e+003		5.400780e+002	2.593333e+003		2.965780e+002	1.346667e+003		
1.064878e+003	2.646000e+004		6.960780e+002	3.816667e+003		5.400280e+002	2.520000e+003		2.965280e+002	1.440000e+003		
1.063878e+003	2.685000e+004		6.960280e+002	3.886667e+003		5.399780e+002	2.582222e+003		2.964780e+002	1.456667e+003		
1.062878e+003	2.626000e+004		6.959780e+002	3.950000e+003		5.399280e+002	2.600000e+003		2.964280e+002	1.370000e+003		
1.061878e+003	2.615000e+004		6.959280e+002	3.956667e+003		5.398780e+002	2.720000e+003		2.963780e+002	1.350000e+003		
1.060878e+003	2.605000e+004		6.958780e+002	3.786667e+003		5.398280e+002	2.655556e+003		2.963280e+002	1.313333e+003		
1.059878e+003	2.687000e+004		6.958280e+002	3.876667e+003		5.397780e+002	2.544444e+003		2.962780e+002	1.310000e+003		
1.058878e+003	2.638000e+004		6.957780e+002	3.866667e+003		5.397280e+002	2.617778e+003		2.962280e+002	1.293333e+003		
1.057878e+003	2.700000e+004		6.957280e+002	3.956667e+003		5.396780e+002	2.637778e+003		2.961780e+002	1.236667e+003		
1.056878e+003	2.623000e+004		6.956780e+002	3.966667e+003		5.396280e+002	2.595556e+003		2.961280e+002	1.280000e+003		
1.055878e+003	2.611000e+004		6.956280e+002	3.773333e+003		5.395780e+002	2.597778e+003		2.960780e+002	1.486667e+003		
1.054878e+003	2.598000e+004		6.955780e+002	3.856667e+003		5.395280e+002	2.711111e+003		2.960280e+002	1.393333e+003		
1.053878e+003	2.709000e+004		6.955280e+002	3.896667e+003		5.394780e+002	2.604444e+003		2.959780e+002	1.233333e+003		
1.052878e+003	2.568000e+004		6.954780e+002	3.860000e+003		5.394280e+002	2.702222e+003		2.959280e+002	1.336667e+003		
1.051878e+003	2.574000e+004		6.954280e+002	3.933333e+003		5.393780e+002	2.684444e+003		2.958780e+002	1.303333e+003		
1.050878e+003	2.621000e+004		6.953780e+002	4.023333e+003		5.393280e+002	2.586667e+003		2.958280e+002	1.353333e+003		
1.049878e+003	2.596000e+004		6.953280e+002	3.723333e+003		5.392780e+002	2.680000e+003		2.957780e+002	1.246667e+003		
1.048878e+003	2.600000e+004		6.952780e+002	3.800000e+003		5.392280e+002	2.526667e+003		2.957280e+002	1.300000e+003		
1.047878e+003	2.593000e+004		6.952280e+002	3.930000e+003		5.391780e+002	2.646667e+003		2.956780e+002	1.293333e+003		
1.046878e+003	2.640000e+004		6.951780e+002	3.740000e+003		5.391280e+002	2.720000e+003		2.956280e+002	1.186667e+003		
1.045878e+003	2.707000e+004		6.951280e+002	3.880000e+003		5.390780e+002	2.644444e+003		2.955780e+002	1.236667e+003		
1.044878e+003	2.727000e+004		6.950780e+002	3.913333e+003		5.390280e+002	2.544444e+003		2.955280e+002	1.230000e+003		
1.043878e+003	2.616000e+004		6.950280e+002	3.703333e+003		5.389780e+002	2.568889e+003		2.954780e+002	1.200000e+003		
1.042878e+003	2.633000e+004		6.949780e+002	3.876667e+003		5.389280e+002	2.620000e+003		2.954280e+002	1.186667e+003		
1.041878e+003	2.696000e+004		6.949280e+002	3.926667e+003		5.388780e+002	2.577778e+003		2.953780e+002	1.190000e+003		
1.040878e+003	2.654000e+004		6.948780e+002	3.716667e+003		5.388280e+002	2.653333e+003		2.953280e+002	1.160000e+003		
1.039878e+003	2.617000e+004		6.948280e+002	3.783333e+003		5.387780e+002	2.524444e+003		2.952780e+002	1.270000e+003		
1.038878e+003	2.648000e+004		6.947780e+002	3.683333e+003		5.387280e+002	2.637778e+003		2.952280e+002	1.230000e+003		
1.037878e+003	2.760000e+004		6.947280e+002	3.623333e+003		5.386780e+002	2.755556e+003		2.951780e+002	1.180000e+003		
1.036878e+003	2.673000e+004		6.946780e+002	3.920000e+003		5.386280e+002	2.591111e+003		2.951280e+002	1.276667e+003		
1.035878e+003	2.675000e+004		6.946280e+002	4.006667e+003		5.385780e+002	2.622222e+003		2.950780e+002	1.183333e+003		
1.034878e+003	2.645000e+004		6.945780e+002	3.700000e+003		5.385280e+002	2.613333e+003		2.950280e+002	1.183333e+003		
1.033878e+003	2.638000e+004		6.945280e+002	3.890000e+003		5.384780e+002	2.528889e+003		2.949780e+002	1.136667e+003		
1.032878e+003	2.632000e+004		6.944780e+002	3.976667e+003		5.384280e+002	2.660000e+003		2.949280e+002	1.166667e+003		
1.031878e+003	2.697000e+004		6.944280e+002	3.996667e+003		5.383780e+002	2.606667e+003		2.948780e+002	1.186667e+003		
1.030878e+003	2.725000e+004		6.943780e+002	3.876667e+003		5.383280e+002	2.513333e+003		2.948280e+002	1.136667e+003		
1.029878e+003	2.700000e+004		6.943280e+002	3.930000e+003		5.382780e+002	2.797778e+003		2.947780e+002	1.110000e+003		
1.028878e+003	2.658000e+004		6.942780e+002	3.890000e+003		5.382280e+002	2.680000e+003		2.947280e+002	1.166667e+003		
1.027878e+003	2.718000e+004		6.942280e+002	3.753333e+003		5.381780e+002	2.673333e+003		2.946780e+002	1.056667e+003		
1.026878e+003	2.721000e+004		6.941780e+002	3.820000e+003		5.381280e+002	2.491111e+003		2.946280e+002	1.090000e+003		
1.025878e+003	2.683000e+004		6.941280e+002	3.843333e+003		5.380780e+002	2.635556e+003		2.945780e+002	1.196667e+003		
1.024878e+003	2.745000e+004		6.940780e+002	3.813333e+003		5.380280e+002	2.675556e+003		2.945280e+002	1.133333e+003		
1.023878e+003	2.831000e+004		6.940280e+002	3.906667e+003		5.379780e+002	2.631111e+003		2.944780e+002	1.146667e+003		
1.022878e+003	2.760000e+004		6.939780e+002	3.940000e+003		5.379280e+002	2.622222e+003		2.944280e+002	1.186667e+003		
1.021878e+003	2.746000e+004		6.939280e+002	3.860000e+003		5.378780e+002	2.675556e+003		2.943780e+002	1.086667e+003		
1.020878e+003	2.736000e+004		6.938780e+002	3.886667e+003		5.378280e+002	2.686667e+003		2.943280e+002	1.233333e+003		
1.019878e+003	2.761000e+004		6.938280e+002	3.913333e+003		5.377780e+002	2.568889e+003		2.942780e+002	1.046667e+003		
1.018878e+003	2.709000e+004		6.937780e+002	3.996667e+003		5.377280e+002	2.644444e+003		2.942280e+002	1.173333e+003		
1.017878e+003	2.728000e+004		6.937280e+002	3.930000e+003		5.376780e+002	2.711111e+003		2.941780e+002	1.106667e+003		
1.016878e+003	2.713000e+004		6.936780e+002	3.910000e+003		5.376280e+002	2.586667e+003		2.941280e+002	1.133333e+003		
1.015878e+003	2.723000e+004		6.936280e+002	3.853333e+003		5.375780e+002	2.484444e+003		2.940780e+002	1.190000e+003		
1.014878e+003	2.770000e+004		6.935780e+002	3.720000e+003		5.375280e+002	2.584444e+003		2.940280e+002	1.190000e+003		
1.013878e+003	2.760000e+004		6.935280e+002	3.850000e+003		5.374780e+002	2.564444e+003		2.939780e+002	1.196667e+003		
1.012878e+003	2.747000e+004		6.934780e+002	4.070000e+003		5.374280e+002	2.586667e+003		2.939280e+002	1.086667e+003		
1.011878e+003	2.733000e+004		6.934280e+002	4.116667e+003		5.373780e+002	2.733333e+003		2.938780e+002	1.220000e+003		
1.010878e+003	2.718000e+004		6.933780e+002	3.983333e+003		5.373280e+002	2.555556e+003		2.938280e+002	1.330000e+003		
1.009878e+003	2.832000e+004		6.933280e+002	3.903333e+003		5.372780e+002	2.780000e+003		2.937780e+002	1.300000e+003		
1.008878e+003	2.733000e+004		6.932780e+002	3.950000e+003		5.372280e+002	2.733333e+003		2.937280e+002	1.136667e+003		
1.007878e+003	2.685000e+004		6.932280e+002	3.986667e+003		5.371780e+002	2.600000e+003		2.936780e+002	1.223333e+003		
1.006878e+003	2.755000e+004		6.931780e+002	4.080000e+003		5.371280e+002	2.528889e+003		2.936280e+002	1.233333e+003		
1.005878e+003	2.711000e+004		6.931280e+002	4.020000e+003		5.370780e+002	2.626667e+003		2.935780e+002	1.156667e+003		
1.004878e+003	2.776000e+004		6.930780e+002	4.046667e+003		5.370280e+002	2.660000e+003		2.935280e+002	1.233333e+003		
1.003878e+003	2.777000e+004		6.930280e+002	3.953333e+003		5.369780e+002	2.640000e+003		2.934780e+002	1.270000e+003		
1.002878e+003	2.771000e+004		6.929780e+002	4.076667e+003		5.369280e+002	2.664444e+003		2.934280e+002	1.273333e+003		
1.001878e+003	2.822000e+004		6.929280e+002	3.796667e+003		5.368780e+002	2.715556e+003		2.933780e+002	1.220000e+003		
1.000878e+003	2.778000e+004		6.928780e+002	4.030000e+003		5.368280e+002	2.604444e+003		2.933280e+002	1.336667e+003		
9.998780e+002	2.843000e+004		6.928280e+002	3.963333e+003		5.367780e+002	2.820000e+003		2.932780e+002	1.370000e+003		
9.988780e+002	2.747000e+004		6.927780e+002	3.896667e+003		5.367280e+002	2.691111e+003		2.932280e+002	1.433333e+003		
9.978780e+002	2.761000e+004		6.927280e+002	4.190000e+003		5.366780e+002	2.617778e+003		2.931780e+002	1.323333e+003		
9.968780e+002	2.853000e+004		6.926780e+002	4.213333e+003		5.366280e+002	2.628889e+003		2.931280e+002	1.363333e+003		
9.958780e+002	2.784000e+004		6.926280e+002	4.103333e+003		5.365780e+002	2.655556e+003		2.930780e+002	1.286667e+003		
9.948780e+002	2.761000e+004		6.925780e+002	4.026667e+003		5.365280e+002	2.708889e+003		2.930280e+002	1.376667e+003		
9.938780e+002	2.803000e+004		6.925280e+002	4.063333e+003		5.364780e+002	2.746667e+003		2.929780e+002	1.500000e+003		
9.928780e+002	2.756000e+004		6.924780e+002	4.190000e+003		5.364280e+002	2.671111e+003		2.929280e+002	1.330000e+003		
9.918780e+002	2.762000e+004		6.924280e+002	4.236667e+003		5.363780e+002	2.695556e+003		2.928780e+002	1.336667e+003		
9.908780e+002	2.782000e+004		6.923780e+002	4.213333e+003		5.363280e+002	2.742222e+003		2.928280e+002	1.520000e+003		
9.898780e+002	2.748000e+004		6.923280e+002	4.313333e+003		5.362780e+002	2.828889e+003		2.927780e+002	1.520000e+003		
9.888780e+002	2.685000e+004		6.922780e+002	4.173333e+003		5.362280e+002	2.828889e+003		2.927280e+002	1.606667e+003		
9.878780e+002	2.736000e+004		6.922280e+002	4.276667e+003		5.361780e+002	2.802222e+003		2.926780e+002	1.696667e+003		
9.868780e+002	2.688000e+004		6.921780e+002	4.280000e+003		5.361280e+002	2.826667e+003		2.926280e+002	1.670000e+003		
9.858780e+002	2.715000e+004		6.921280e+002	4.480000e+003		5.360780e+002	2.886667e+003		2.925780e+002	1.663333e+003		
9.848780e+002	2.766000e+004		6.920780e+002	4.363333e+003		5.360280e+002	2.888889e+003		2.925280e+002	1.716667e+003		
9.838780e+002	2.768000e+004		6.920280e+002	4.583333e+003		5.359780e+002	2.813333e+003		2.924780e+002	1.700000e+003		
9.828780e+002	2.785000e+004		6.919780e+002	4.213333e+003		5.359280e+002	2.828889e+003		2.924280e+002	1.786667e+003		
9.818780e+002	2.773000e+004		6.919280e+002	4.256667e+003		5.358780e+002	2.762222e+003		2.923780e+002	1.886667e+003		
9.808780e+002	2.829000e+004		6.918780e+002	4.413333e+003		5.358280e+002	2.842222e+003		2.923280e+002	2.126667e+003		
9.798780e+002	2.896000e+004		6.918280e+002	4.293333e+003		5.357780e+002	2.802222e+003		2.922780e+002	2.060000e+003		
9.788780e+002	2.847000e+004		6.917780e+002	4.333333e+003		5.357280e+002	2.897778e+003		2.922280e+002	2.130000e+003		
9.778780e+002	2.927000e+004		6.917280e+002	4.340000e+003		5.356780e+002	2.951111e+003		2.921780e+002	2.210000e+003		
9.768780e+002	2.887000e+004		6.916780e+002	4.443333e+003		5.356280e+002	3.015556e+003		2.921280e+002	2.320000e+003		
9.758780e+002	2.813000e+004		6.916280e+002	4.633333e+003		5.355780e+002	2.977778e+003		2.920780e+002	2.343333e+003		
9.748780e+002	2.825000e+004		6.915780e+002	4.773333e+003		5.355280e+002	3.091111e+003		2.920280e+002	2.470000e+003		
9.738780e+002	2.857000e+004		6.915280e+002	4.733333e+003		5.354780e+002	3.053333e+003		2.919780e+002	2.456667e+003		
9.728780e+002	2.767000e+004		6.914780e+002	4.886667e+003		5.354280e+002	3.115556e+003		2.919280e+002	2.633333e+003		
9.718780e+002	2.841000e+004		6.914280e+002	4.863333e+003		5.353780e+002	3.091111e+003		2.918780e+002	2.753333e+003		
9.708780e+002	2.787000e+004		6.913780e+002	4.860000e+003		5.353280e+002	3.135556e+003		2.918280e+002	2.830000e+003		
9.698780e+002	2.777000e+004		6.913280e+002	4.970000e+003		5.352780e+002	3.142222e+003		2.917780e+002	2.823333e+003		
9.688780e+002	2.729000e+004		6.912780e+002	4.960000e+003		5.352280e+002	3.271111e+003		2.917280e+002	2.980000e+003		
9.678780e+002	2.600000e+004		6.912280e+002	5.123333e+003		5.351780e+002	3.302222e+003		2.916780e+002	3.060000e+003		
9.668780e+002	2.608000e+004		6.911780e+002	5.420000e+003		5.351280e+002	3.237778e+003		2.916280e+002	3.100000e+003		
9.658780e+002	2.678000e+004		6.911280e+002	5.456667e+003		5.350780e+002	3.411111e+003		2.915780e+002	3.080000e+003		
9.648780e+002	2.642000e+004		6.910780e+002	5.543333e+003		5.350280e+002	3.577778e+003		2.915280e+002	3.223333e+003		
9.638780e+002	2.628000e+004		6.910280e+002	5.776667e+003		5.349780e+002	3.722222e+003		2.914780e+002	3.266667e+003		
9.628780e+002	2.572000e+004		6.909780e+002	5.873333e+003		5.349280e+002	3.631111e+003		2.914280e+002	3.260000e+003		
9.618780e+002	2.592000e+004		6.909280e+002	6.180000e+003		5.348780e+002	3.844444e+003		2.913780e+002	3.463333e+003		
9.608780e+002	2.600000e+004		6.908780e+002	6.350000e+003		5.348280e+002	3.855556e+003		2.913280e+002	3.470000e+003		
9.598780e+002	2.604000e+004		6.908280e+002	6.810000e+003		5.347780e+002	3.993333e+003		2.912780e+002	3.483333e+003		
9.588780e+002	2.531000e+004		6.907780e+002	6.996667e+003		5.347280e+002	4.102222e+003		2.912280e+002	3.646667e+003		
9.578780e+002	2.504000e+004		6.907280e+002	6.970000e+003		5.346780e+002	4.260000e+003		2.911780e+002	3.946667e+003		
9.568780e+002	2.625000e+004		6.906780e+002	7.470000e+003		5.346280e+002	4.251111e+003		2.911280e+002	4.050000e+003		
9.558780e+002	2.599000e+004		6.906280e+002	7.803333e+003		5.345780e+002	4.562222e+003		2.910780e+002	4.063333e+003		
9.548780e+002	2.643000e+004		6.905780e+002	8.240000e+003		5.345280e+002	4.613333e+003		2.910280e+002	4.320000e+003		
9.538780e+002	2.576000e+004		6.905280e+002	8.863333e+003		5.344780e+002	4.757778e+003		2.909780e+002	4.546667e+003		
9.528780e+002	2.524000e+004		6.904780e+002	9.080000e+003		5.344280e+002	5.026667e+003		2.909280e+002	4.740000e+003		
9.518780e+002	2.593000e+004		6.904280e+002	9.436667e+003		5.343780e+002	5.060000e+003		2.908780e+002	5.173333e+003		
9.508780e+002	2.626000e+004		6.903780e+002	1.006667e+004		5.343280e+002	5.160000e+003		2.908280e+002	5.610000e+003		
9.498780e+002	2.559000e+004		6.903280e+002	1.066333e+004		5.342780e+002	5.471111e+003		2.907780e+002	5.803333e+003		
9.488780e+002	2.548000e+004		6.902780e+002	1.169333e+004		5.342280e+002	5.788889e+003		2.907280e+002	6.600000e+003		
9.478780e+002	2.584000e+004		6.902280e+002	1.226333e+004		5.341780e+002	6.022222e+003		2.906780e+002	6.863333e+003		
9.468780e+002	2.561000e+004		6.901780e+002	1.272333e+004		5.341280e+002	6.113333e+003		2.906280e+002	7.493333e+003		
9.458780e+002	2.502000e+004		6.901280e+002	1.332000e+004		5.340780e+002	6.666667e+003		2.905780e+002	7.753333e+003		
9.448780e+002	2.550000e+004		6.900780e+002	1.453667e+004		5.340280e+002	6.764444e+003		2.905280e+002	8.313333e+003		
9.438780e+002	2.581000e+004		6.900280e+002	1.552000e+004		5.339780e+002	6.826667e+003		2.904780e+002	8.980000e+003		
9.428780e+002	2.539000e+004		6.899780e+002	1.631333e+004		5.339280e+002	7.122222e+003		2.904280e+002	9.966667e+003		
9.418780e+002	2.520000e+004		6.899280e+002	1.716000e+004		5.338780e+002	7.511111e+003		2.903780e+002	1.032000e+004		
9.408780e+002	2.620000e+004		6.898780e+002	1.834333e+004		5.338280e+002	7.904444e+003		2.903280e+002	1.113333e+004		
9.398780e+002	2.646000e+004		6.898280e+002	1.954000e+004		5.337780e+002	7.997778e+003		2.902780e+002	1.197667e+004		
9.388780e+002	2.556000e+004		6.897780e+002	2.058000e+004		5.337280e+002	8.275556e+003		2.902280e+002	1.272333e+004		
9.378780e+002	2.565000e+004		6.897280e+002	2.271000e+004		5.336780e+002	8.542222e+003		2.901780e+002	1.358333e+004		
9.368780e+002	2.638000e+004		6.896780e+002	2.383000e+004		5.336280e+002	9.104444e+003		2.901280e+002	1.431667e+004		
9.358780e+002	2.606000e+004		6.896280e+002	2.493333e+004		5.335780e+002	9.277778e+003		2.900780e+002	1.473333e+004		
9.348780e+002	2.680000e+004		6.895780e+002	2.647667e+004		5.335280e+002	9.406667e+003		2.900280e+002	1.570333e+004		
9.338780e+002	2.644000e+004		6.895280e+002	2.810333e+004		5.334780e+002	9.851111e+003		2.899780e+002	1.601000e+004		
9.328780e+002	2.590000e+004		6.894780e+002	2.988667e+004		5.334280e+002	1.023333e+004		2.899280e+002	1.647333e+004		
9.318780e+002	2.631000e+004		6.894280e+002	3.183000e+004		5.333780e+002	1.035333e+004		2.898780e+002	1.700667e+004		
9.308780e+002	2.616000e+004		6.893780e+002	3.315667e+004		5.333280e+002	1.045333e+004		2.898280e+002	1.731000e+004		
9.298780e+002	2.566000e+004		6.893280e+002	3.515667e+004		5.332780e+002	1.094667e+004		2.897780e+002	1.731333e+004		
9.288780e+002	2.602000e+004		6.892780e+002	3.682333e+004		5.332280e+002	1.077778e+004		2.897280e+002	1.759000e+004		
9.278780e+002	2.618000e+004		6.892280e+002	3.847333e+004		5.331780e+002	1.121333e+004		2.896780e+002	1.740000e+004		
9.268780e+002	2.616000e+004		6.891780e+002	4.133667e+004		5.331280e+002	1.142889e+004		2.896280e+002	1.672000e+004		
9.258780e+002	2.564000e+004		6.891280e+002	4.276333e+004		5.330780e+002	1.148667e+004		2.895780e+002	1.622000e+004		
9.248780e+002	2.622000e+004		6.890780e+002	4.446333e+004		5.330280e+002	1.156444e+004		2.895280e+002	1.593333e+004		
9.238780e+002	2.604000e+004		6.890280e+002	4.666000e+004		5.329780e+002	1.183778e+004		2.894780e+002	1.527000e+004		
9.228780e+002	2.634000e+004		6.889780e+002	4.783333e+004		5.329280e+002	1.197556e+004		2.894280e+002	1.443000e+004		
9.218780e+002	2.591000e+004		6.889280e+002	4.923000e+004		5.328780e+002	1.183556e+004		2.893780e+002	1.370667e+004		
9.208780e+002	2.618000e+004		6.888780e+002	5.120667e+004		5.328280e+002	1.160444e+004		2.893280e+002	1.286333e+004		
9.198780e+002	2.635000e+004		6.888280e+002	5.275000e+004		5.327780e+002	1.156222e+004		2.892780e+002	1.184333e+004		
9.188780e+002	2.673000e+004		6.887780e+002	5.399333e+004		5.327280e+002	1.170444e+004		2.892280e+002	1.109333e+004		
9.178780e+002	2.674000e+004		6.887280e+002	5.448333e+004		5.326780e+002	1.154444e+004		2.891780e+002	1.049667e+004		
9.168780e+002	2.745000e+004		6.886780e+002	5.559000e+004		5.326280e+002	1.141111e+004		2.891280e+002	9.586667e+003		
9.158780e+002	2.675000e+004		6.886280e+002	5.582333e+004		5.325780e+002	1.115778e+004		2.890780e+002	8.706667e+003		
9.148780e+002	2.731000e+004		6.885780e+002	5.653000e+004		5.325280e+002	1.130444e+004		2.890280e+002	8.156667e+003		
9.138780e+002	2.648000e+004		6.885280e+002	5.595667e+004		5.324780e+002	1.132222e+004		2.889780e+002	7.490000e+003		
9.128780e+002	2.735000e+004		6.884780e+002	5.628667e+004		5.324280e+002	1.089556e+004		2.889280e+002	7.223333e+003		
9.118780e+002	2.691000e+004		6.884280e+002	5.543667e+004		5.323780e+002	1.078889e+004		2.888780e+002	6.506667e+003		
9.108780e+002	2.646000e+004		6.883780e+002	5.501333e+004		5.323280e+002	1.045778e+004		2.888280e+002	5.843333e+003		
9.098780e+002	2.693000e+004		6.883280e+002	5.450333e+004		5.322780e+002	1.031556e+004		2.887780e+002	5.833333e+003		
9.088780e+002	2.671000e+004		6.882780e+002	5.325667e+004		5.322280e+002	1.006000e+004		2.887280e+002	5.263333e+003		
9.078780e+002	2.706000e+004		6.882280e+002	5.187000e+004		5.321780e+002	1.001333e+004		2.886780e+002	4.986667e+003		
9.068780e+002	2.675000e+004		6.881780e+002	5.064667e+004		5.321280e+002	1.002444e+004		2.886280e+002	4.943333e+003		
9.058780e+002	2.703000e+004		6.881280e+002	4.906000e+004		5.320780e+002	9.580000e+003		2.885780e+002	4.626667e+003		
9.048780e+002	2.640000e+004		6.880780e+002	4.685667e+004		5.320280e+002	9.277778e+003		2.885280e+002	4.443333e+003		
9.038780e+002	2.630000e+004		6.880280e+002	4.415333e+004		5.319780e+002	9.008889e+003		2.884780e+002	4.270000e+003		
9.028780e+002	2.659000e+004		6.879780e+002	4.233667e+004		5.319280e+002	8.824444e+003		2.884280e+002	4.110000e+003		
9.018780e+002	2.713000e+004		6.879280e+002	4.049000e+004		5.318780e+002	8.655556e+003		2.883780e+002	4.116667e+003		
9.008780e+002	2.691000e+004		6.878780e+002	3.818333e+004		5.318280e+002	8.126667e+003		2.883280e+002	4.006667e+003		
8.998780e+002	2.692000e+004		6.878280e+002	3.586333e+004		5.317780e+002	8.000000e+003		2.882780e+002	3.930000e+003		
8.988780e+002	2.744000e+004		6.877780e+002	3.338333e+004		5.317280e+002	7.711111e+003		2.882280e+002	3.863333e+003		
8.978780e+002	2.719000e+004		6.877280e+002	3.119000e+004		5.316780e+002	7.577778e+003		2.881780e+002	3.873333e+003		
8.968780e+002	2.732000e+004		6.876780e+002	2.912667e+004		5.316280e+002	7.404444e+003		2.881280e+002	4.030000e+003		
8.958780e+002	2.649000e+004		6.876280e+002	2.754667e+004		5.315780e+002	7.106667e+003		2.880780e+002	4.056667e+003		
8.948780e+002	2.777000e+004		6.875780e+002	2.508333e+004		5.315280e+002	6.782222e+003		2.880280e+002	3.976667e+003		
8.938780e+002	2.785000e+004		6.875280e+002	2.324333e+004		5.314780e+002	6.680000e+003		2.879780e+002	3.863333e+003		
8.928780e+002	2.687000e+004		6.874780e+002	2.127000e+004		5.314280e+002	6.471111e+003		2.879280e+002	4.050000e+003		
8.918780e+002	2.741000e+004		6.874280e+002	1.960667e+004		5.313780e+002	6.366667e+003		2.878780e+002	4.003333e+003		
8.908780e+002	2.739000e+004		6.873780e+002	1.836667e+004		5.313280e+002	6.111111e+003		2.878280e+002	4.210000e+003		
8.898780e+002	2.706000e+004		6.873280e+002	1.672333e+004		5.312780e+002	5.795556e+003		2.877780e+002	4.380000e+003		
8.888780e+002	2.709000e+004		6.872780e+002	1.539333e+004		5.312280e+002	5.471111e+003		2.877280e+002	4.620000e+003		
8.878780e+002	2.791000e+004		6.872280e+002	1.423667e+004		5.311780e+002	5.271111e+003		2.876780e+002	4.586667e+003		
8.868780e+002	2.809000e+004		6.871780e+002	1.363667e+004		5.311280e+002	5.104444e+003		2.876280e+002	4.786667e+003		
8.858780e+002	2.866000e+004		6.871280e+002	1.254667e+004		5.310780e+002	4.631111e+003		2.875780e+002	4.940000e+003		
8.848780e+002	2.836000e+004		6.870780e+002	1.155000e+004		5.310280e+002	4.500000e+003		2.875280e+002	5.036667e+003		
8.838780e+002	2.754000e+004		6.870280e+002	1.086333e+004		5.309780e+002	4.300000e+003		2.874780e+002	5.093333e+003		
8.828780e+002	2.846000e+004		6.869780e+002	9.860000e+003		5.309280e+002	4.446667e+003		2.874280e+002	5.296667e+003		
8.818780e+002	2.882000e+004		6.869280e+002	9.300000e+003		5.308780e+002	4.171111e+003		2.873780e+002	5.436667e+003		
8.808780e+002	2.872000e+004		6.868780e+002	8.780000e+003		5.308280e+002	3.904444e+003		2.873280e+002	5.300000e+003		
8.798780e+002	2.981000e+004		6.868280e+002	8.193333e+003		5.307780e+002	3.677778e+003		2.872780e+002	5.536667e+003		
8.788780e+002	2.976000e+004		6.867780e+002	7.600000e+003		5.307280e+002	3.560000e+003		2.872280e+002	5.940000e+003		
8.778780e+002	2.938000e+004		6.867280e+002	7.536667e+003		5.306780e+002	3.608889e+003		2.871780e+002	5.810000e+003		
8.768780e+002	2.882000e+004		6.866780e+002	7.010000e+003		5.306280e+002	3.342222e+003		2.871280e+002	5.963333e+003		
8.758780e+002	2.804000e+004		6.866280e+002	6.466667e+003		5.305780e+002	3.371111e+003		2.870780e+002	6.046667e+003		
8.748780e+002	2.727000e+004		6.865780e+002	6.390000e+003		5.305280e+002	3.268889e+003		2.870280e+002	5.956667e+003		
8.738780e+002	2.819000e+004		6.865280e+002	6.216667e+003		5.304780e+002	3.264444e+003		2.869780e+002	5.683333e+003		
8.728780e+002	2.706000e+004		6.864780e+002	6.100000e+003		5.304280e+002	3.133333e+003		2.869280e+002	5.646667e+003		
8.718780e+002	2.665000e+004		6.864280e+002	5.770000e+003		5.303780e+002	2.973333e+003		2.868780e+002	5.793333e+003		
8.708780e+002	2.717000e+004		6.863780e+002	5.560000e+003		5.303280e+002	2.886667e+003		2.868280e+002	5.630000e+003		
8.698780e+002	2.794000e+004		6.863280e+002	5.276667e+003		5.302780e+002	2.884444e+003		2.867780e+002	5.563333e+003		
8.688780e+002	2.709000e+004		6.862780e+002	5.316667e+003		5.302280e+002	2.828889e+003		2.867280e+002	5.530000e+003		
8.678780e+002	2.698000e+004		6.862280e+002	4.936667e+003		5.301780e+002	2.822222e+003		2.866780e+002	5.450000e+003		
8.668780e+002	2.877000e+004		6.861780e+002	4.916667e+003		5.301280e+002	2.675556e+003		2.866280e+002	5.520000e+003		
8.658780e+002	2.891000e+004		6.861280e+002	4.840000e+003		5.300780e+002	2.697778e+003		2.865780e+002	5.480000e+003		
8.648780e+002	2.892000e+004		6.860780e+002	4.833333e+003		5.300280e+002	2.657778e+003		2.865280e+002	5.416667e+003		
8.638780e+002	3.016000e+004		6.860280e+002	4.683333e+003		5.299780e+002	2.593333e+003		2.864780e+002	5.240000e+003		
8.628780e+002	3.091000e+004		6.859780e+002	4.500000e+003		5.299280e+002	2.528889e+003		2.864280e+002	5.103333e+003		
8.618780e+002	3.100000e+004		6.859280e+002	4.566667e+003		5.298780e+002	2.551111e+003		2.863780e+002	5.146667e+003		
8.608780e+002	3.191000e+004		6.858780e+002	4.436667e+003		5.298280e+002	2.486667e+003		2.863280e+002	5.216667e+003		
8.598780e+002	3.118000e+004		6.858280e+002	4.186667e+003		5.297780e+002	2.466667e+003		2.862780e+002	5.390000e+003		
8.588780e+002	3.158000e+004		6.857780e+002	4.456667e+003		5.297280e+002	2.420000e+003		2.862280e+002	5.250000e+003		
8.578780e+002	3.093000e+004		6.857280e+002	4.136667e+003		5.296780e+002	2.386667e+003		2.861780e+002	5.066667e+003		
8.568780e+002	3.078000e+004		6.856780e+002	3.970000e+003		5.296280e+002	2.571111e+003		2.861280e+002	5.183333e+003		
8.558780e+002	2.999000e+004		6.856280e+002	4.160000e+003		5.295780e+002	2.551111e+003		2.860780e+002	5.286667e+003		
8.548780e+002	3.008000e+004		6.855780e+002	3.976667e+003		5.295280e+002	2.400000e+003		2.860280e+002	5.120000e+003		
8.538780e+002	2.994000e+004		6.855280e+002	3.916667e+003		5.294780e+002	2.300000e+003		2.859780e+002	5.616667e+003		
8.528780e+002	2.936000e+004		6.854780e+002	3.820000e+003		5.294280e+002	2.337778e+003		2.859280e+002	5.606667e+003		
8.518780e+002	2.809000e+004		6.854280e+002	3.910000e+003		5.293780e+002	2.473333e+003		2.858780e+002	5.633333e+003		
8.508780e+002	2.756000e+004		6.853780e+002	3.860000e+003		5.293280e+002	2.522222e+003		2.858280e+002	5.846667e+003		
8.498780e+002	2.676000e+004		6.853280e+002	3.910000e+003		5.292780e+002	2.462222e+003		2.857780e+002	6.070000e+003		
8.488780e+002	2.649000e+004		6.852780e+002	3.833333e+003		5.292280e+002	2.373333e+003		2.857280e+002	6.370000e+003		
8.478780e+002	2.641000e+004		6.852280e+002	3.910000e+003		5.291780e+002	2.322222e+003		2.856780e+002	6.413333e+003		
8.468780e+002	2.610000e+004		6.851780e+002	3.733333e+003		5.291280e+002	2.377778e+003		2.856280e+002	6.560000e+003		
8.458780e+002	2.555000e+004		6.851280e+002	3.700000e+003		5.290780e+002	2.382222e+003		2.855780e+002	7.056667e+003		
8.448780e+002	2.517000e+004		6.850780e+002	3.730000e+003		5.290280e+002	2.397778e+003		2.855280e+002	7.136667e+003		
8.438780e+002	2.443000e+004		6.850280e+002	3.740000e+003		5.289780e+002	2.344444e+003		2.854780e+002	7.663333e+003		
8.428780e+002	2.485000e+004		6.849780e+002	3.836667e+003		5.289280e+002	2.397778e+003		2.854280e+002	8.046667e+003		
8.418780e+002	2.426000e+004		6.849280e+002	3.636667e+003		5.288780e+002	2.366667e+003		2.853780e+002	8.403333e+003		
8.408780e+002	2.548000e+004		6.848780e+002	3.673333e+003		5.288280e+002	2.428889e+003		2.853280e+002	8.496667e+003		
8.398780e+002	2.613000e+004		6.848280e+002	3.586667e+003		5.287780e+002	2.277778e+003		2.852780e+002	8.933333e+003		
8.388780e+002	2.701000e+004		6.847780e+002	3.693333e+003		5.287280e+002	2.411111e+003		2.852280e+002	9.446667e+003		
8.378780e+002	2.883000e+004		6.847280e+002	3.510000e+003		5.286780e+002	2.404444e+003		2.851780e+002	9.500000e+003		
8.368780e+002	3.152000e+004		6.846780e+002	3.460000e+003		5.286280e+002	2.451111e+003		2.851280e+002	1.002667e+004		
8.358780e+002	3.443000e+004		6.846280e+002	3.700000e+003		5.285780e+002	2.446667e+003		2.850780e+002	1.057667e+004		
8.348780e+002	3.650000e+004		6.845780e+002	3.623333e+003		5.285280e+002	2.355556e+003		2.850280e+002	1.063333e+004		
8.338780e+002	4.021000e+004		6.845280e+002	3.493333e+003		5.284780e+002	2.391111e+003		2.849780e+002	1.087000e+004		
8.328780e+002	4.134000e+004		6.844780e+002	3.563333e+003		5.284280e+002	2.400000e+003		2.849280e+002	1.152000e+004		
8.318780e+002	3.886000e+004		6.844280e+002	3.730000e+003		5.283780e+002	2.304444e+003		2.848780e+002	1.159333e+004		
8.308780e+002	3.550000e+004		6.843780e+002	3.550000e+003		5.283280e+002	2.195556e+003		2.848280e+002	1.166667e+004		
8.298780e+002	3.354000e+004		6.843280e+002	3.713333e+003		5.282780e+002	2.328889e+003		2.847780e+002	1.219333e+004		
8.288780e+002	3.085000e+004		6.842780e+002	3.513333e+003		5.282280e+002	2.377778e+003		2.847280e+002	1.224333e+004		
8.278780e+002	2.848000e+004		6.842280e+002	3.536667e+003		5.281780e+002	2.315556e+003		2.846780e+002	1.232333e+004		
8.268780e+002	2.658000e+004		6.841780e+002	3.606667e+003		5.281280e+002	2.282222e+003		2.846280e+002	1.265000e+004		
8.258780e+002	2.595000e+004		6.841280e+002	3.476667e+003		5.280780e+002	2.328889e+003		2.845780e+002	1.268667e+004		
8.248780e+002	2.450000e+004		6.840780e+002	3.600000e+003		5.280280e+002	2.406667e+003		2.845280e+002	1.225667e+004		
8.238780e+002	2.242000e+004		6.840280e+002	3.503333e+003		5.279780e+002	2.293333e+003		2.844780e+002	1.236667e+004		
8.228780e+002	2.174000e+004		6.839780e+002	3.626667e+003		5.279280e+002	2.235556e+003		2.844280e+002	1.190000e+004		
8.218780e+002	2.175000e+004		6.839280e+002	3.743333e+003		5.278780e+002	2.275556e+003		2.843780e+002	1.154667e+004		
8.208780e+002	1.967000e+004		6.838780e+002	3.326667e+003		5.278280e+002	2.340000e+003		2.843280e+002	1.107000e+004		
8.198780e+002	1.981000e+004		6.838280e+002	3.513333e+003		5.277780e+002	2.482222e+003		2.842780e+002	1.089000e+004		
8.188780e+002	1.883000e+004		6.837780e+002	3.513333e+003		5.277280e+002	2.386667e+003		2.842280e+002	1.026667e+004		
8.178780e+002	1.838000e+004		6.837280e+002	3.483333e+003		5.276780e+002	2.277778e+003		2.841780e+002	9.846667e+003		
8.168780e+002	1.889000e+004		6.836780e+002	3.280000e+003		5.276280e+002	2.297778e+003		2.841280e+002	8.996667e+003		
8.158780e+002	1.869000e+004		6.836280e+002	3.363333e+003		5.275780e+002	2.368889e+003		2.840780e+002	8.463333e+003		
8.148780e+002	1.848000e+004		6.835780e+002	3.450000e+003		5.275280e+002	2.342222e+003		2.840280e+002	7.680000e+003		
8.138780e+002	1.796000e+004		6.835280e+002	3.646667e+003		5.274780e+002	2.391111e+003		2.839780e+002	7.100000e+003		
8.128780e+002	1.886000e+004		6.834780e+002	3.516667e+003		5.274280e+002	2.291111e+003		2.839280e+002	6.243333e+003		
8.118780e+002	1.792000e+004		6.834280e+002	3.313333e+003		5.273780e+002	2.224444e+003		2.838780e+002	5.680000e+003		
8.108780e+002	1.819000e+004		6.833780e+002	3.203333e+003		5.273280e+002	2.280000e+003		2.838280e+002	5.233333e+003		
8.098780e+002	1.804000e+004		6.833280e+002	3.440000e+003		5.272780e+002	2.291111e+003		2.837780e+002	4.496667e+003		
8.088780e+002	1.767000e+004		6.832780e+002	3.420000e+003		5.272280e+002	2.240000e+003		2.837280e+002	4.270000e+003		
8.078780e+002	1.785000e+004		6.832280e+002	3.483333e+003		5.271780e+002	2.275556e+003		2.836780e+002	3.810000e+003		
8.068780e+002	1.812000e+004		6.831780e+002	3.333333e+003		5.271280e+002	2.335556e+003		2.836280e+002	3.420000e+003		
8.058780e+002	1.859000e+004		6.831280e+002	3.380000e+003		5.270780e+002	2.193333e+003		2.835780e+002	2.850000e+003		
8.048780e+002	1.820000e+004		6.830780e+002	3.390000e+003		5.270280e+002	2.240000e+003		2.835280e+002	2.470000e+003		
8.038780e+002	1.787000e+004		6.830280e+002	3.343333e+003		5.269780e+002	2.400000e+003		2.834780e+002	2.193333e+003		
8.028780e+002	1.756000e+004		6.829780e+002	3.490000e+003		5.269280e+002	2.457778e+003		2.834280e+002	1.950000e+003		
8.018780e+002	1.763000e+004		6.829280e+002	3.310000e+003		5.268780e+002	2.342222e+003		2.833780e+002	1.863333e+003		
8.008780e+002	1.848000e+004		6.828780e+002	3.560000e+003		5.268280e+002	2.295556e+003		2.833280e+002	1.670000e+003		
7.998780e+002	1.811000e+004		6.828280e+002	3.413333e+003		5.267780e+002	2.362222e+003		2.832780e+002	1.393333e+003		
7.988780e+002	1.830000e+004		6.827780e+002	3.310000e+003		5.267280e+002	2.333333e+003		2.832280e+002	1.236667e+003		
7.978780e+002	1.847000e+004		6.827280e+002	3.390000e+003		5.266780e+002	2.311111e+003		2.831780e+002	1.080000e+003		
7.968780e+002	1.813000e+004		6.826780e+002	3.523333e+003		5.266280e+002	2.444444e+003		2.831280e+002	1.156667e+003		
7.958780e+002	1.852000e+004		6.826280e+002	3.256667e+003		5.265780e+002	2.368889e+003		2.830780e+002	9.866667e+002		
7.948780e+002	1.862000e+004		6.825780e+002	3.470000e+003		5.265280e+002	2.362222e+003		2.830280e+002	9.533333e+002		
7.938780e+002	1.828000e+004		6.825280e+002	3.426667e+003		5.264780e+002	2.364444e+003		2.829780e+002	1.013333e+003		
7.928780e+002	1.811000e+004		6.824780e+002	3.403333e+003		5.264280e+002	2.406667e+003		2.829280e+002	8.866667e+002		
7.918780e+002	1.848000e+004		6.824280e+002	3.463333e+003		5.263780e+002	2.393333e+003		2.828780e+002	7.466667e+002		
7.908780e+002	1.836000e+004		6.823780e+002	3.353333e+003		5.263280e+002	2.251111e+003		2.828280e+002	7.533333e+002		
7.898780e+002	1.717000e+004		6.823280e+002	3.273333e+003		5.262780e+002	2.451111e+003		2.827780e+002	7.166667e+002		
7.888780e+002	1.791000e+004		6.822780e+002	3.460000e+003		5.262280e+002	2.400000e+003		2.827280e+002	7.266667e+002		
7.878780e+002	1.796000e+004		6.822280e+002	3.333333e+003		5.261780e+002	2.306667e+003		2.826780e+002	6.400000e+002		
7.868780e+002	1.841000e+004		6.821780e+002	3.256667e+003		5.261280e+002	2.266667e+003		2.826280e+002	5.900000e+002		
7.858780e+002	1.876000e+004		6.821280e+002	3.393333e+003		5.260780e+002	2.288889e+003		2.825780e+002	6.500000e+002		
7.848780e+002	1.834000e+004		6.820780e+002	3.493333e+003		5.260280e+002	2.317778e+003		2.825280e+002	6.300000e+002		
7.838780e+002	1.784000e+004		6.820280e+002	3.306667e+003		5.259780e+002	2.297778e+003		2.824780e+002	5.966667e+002		
7.828780e+002	1.851000e+004		6.819780e+002	3.290000e+003		5.259280e+002	2.302222e+003		2.824280e+002	5.833333e+002		
7.818780e+002	1.859000e+004		6.819280e+002	3.253333e+003		5.258780e+002	2.315556e+003		2.823780e+002	5.833333e+002		
7.808780e+002	1.810000e+004		6.818780e+002	3.520000e+003		5.258280e+002	2.315556e+003		2.823280e+002	5.733333e+002		
7.798780e+002	1.794000e+004		6.818280e+002	3.383333e+003		5.257780e+002	2.308889e+003		2.822780e+002	5.900000e+002		
7.788780e+002	1.822000e+004		6.817780e+002	3.483333e+003		5.257280e+002	2.275556e+003		2.822280e+002	5.300000e+002		
7.778780e+002	1.885000e+004		6.817280e+002	3.343333e+003		5.256780e+002	2.300000e+003		2.821780e+002	5.433333e+002		
7.768780e+002	1.897000e+004		6.816780e+002	3.210000e+003		5.256280e+002	2.400000e+003		2.821280e+002	5.266667e+002		
7.758780e+002	1.796000e+004		6.816280e+002	3.353333e+003		5.255780e+002	2.400000e+003		2.820780e+002	6.266667e+002		
7.748780e+002	1.817000e+004		6.815780e+002	3.246667e+003		5.255280e+002	2.342222e+003		2.820280e+002	5.500000e+002		
7.738780e+002	1.802000e+004		6.815280e+002	3.480000e+003		5.254780e+002	2.391111e+003		2.819780e+002	5.033333e+002		
7.728780e+002	1.823000e+004		6.814780e+002	3.390000e+003		5.254280e+002	2.333333e+003		2.819280e+002	4.900000e+002		
7.718780e+002	1.821000e+004		6.814280e+002	3.450000e+003		5.253780e+002	2.415556e+003		2.818780e+002	4.966667e+002		
7.708780e+002	1.860000e+004		6.813780e+002	3.420000e+003		5.253280e+002	2.375556e+003		2.818280e+002	5.000000e+002		
7.698780e+002	1.821000e+004		6.813280e+002	3.426667e+003		5.252780e+002	2.393333e+003		2.817780e+002	5.933333e+002		
7.688780e+002	1.811000e+004		6.812780e+002	3.390000e+003		5.252280e+002	2.302222e+003		2.817280e+002	4.900000e+002		
7.678780e+002	1.830000e+004		6.812280e+002	3.373333e+003		5.251780e+002	2.346667e+003		2.816780e+002	4.900000e+002		
7.668780e+002	1.912000e+004		6.811780e+002	3.190000e+003		5.251280e+002	2.382222e+003		2.816280e+002	5.700000e+002		
7.658780e+002	1.854000e+004		6.811280e+002	3.176667e+003		5.250780e+002	2.364444e+003		2.815780e+002	5.333333e+002		
7.648780e+002	1.808000e+004		6.810780e+002	3.313333e+003		5.250280e+002	2.302222e+003		2.815280e+002	4.833333e+002		
7.638780e+002	1.824000e+004		6.810280e+002	3.296667e+003		5.249780e+002	2.315556e+003		2.814780e+002	5.366667e+002		
7.628780e+002	1.786000e+004		6.809780e+002	3.290000e+003		5.249280e+002	2.315556e+003		2.814280e+002	5.166667e+002		
7.618780e+002	1.797000e+004		6.809280e+002	3.250000e+003		5.248780e+002	2.362222e+003		2.813780e+002	4.566667e+002		
7.608780e+002	1.861000e+004		6.808780e+002	3.143333e+003		5.248280e+002	2.506667e+003		2.813280e+002	4.633333e+002		
7.598780e+002	1.857000e+004		6.808280e+002	3.360000e+003		5.247780e+002	2.337778e+003		2.812780e+002	5.333333e+002		
7.588780e+002	1.857000e+004		6.807780e+002	3.413333e+003		5.247280e+002	2.375556e+003		2.812280e+002	5.066667e+002		
7.578780e+002	1.811000e+004		6.807280e+002	3.183333e+003		5.246780e+002	2.255556e+003		2.811780e+002	4.900000e+002		
7.568780e+002	1.864000e+004		6.806780e+002	3.203333e+003		5.246280e+002	2.173333e+003		2.811280e+002	5.066667e+002		
7.558780e+002	1.875000e+004		6.806280e+002	3.250000e+003		5.245780e+002	2.228889e+003		2.810780e+002	4.600000e+002		
7.548780e+002	1.886000e+004		6.805780e+002	3.273333e+003		5.245280e+002	2.324444e+003		2.810280e+002	5.000000e+002		
7.538780e+002	1.846000e+004		6.805280e+002	3.363333e+003		5.244780e+002	2.200000e+003		2.809780e+002	5.166667e+002		
7.528780e+002	1.899000e+004		6.804780e+002	3.380000e+003		5.244280e+002	2.282222e+003		2.809280e+002	4.466667e+002		
7.518780e+002	1.921000e+004		6.804280e+002	3.396667e+003		5.243780e+002	2.313333e+003		2.808780e+002	4.866667e+002		
7.508780e+002	1.878000e+004		6.803780e+002	3.296667e+003		5.243280e+002	2.280000e+003		2.808280e+002	5.466667e+002		
7.498780e+002	1.897000e+004		6.803280e+002	3.473333e+003		5.242780e+002	2.148889e+003		2.807780e+002	4.833333e+002		
7.488780e+002	1.837000e+004		6.802780e+002	3.460000e+003		5.242280e+002	2.266667e+003		2.807280e+002	5.266667e+002		
7.478780e+002	1.812000e+004		6.802280e+002	3.376667e+003		5.241780e+002	2.273333e+003		2.806780e+002	4.933333e+002		
7.468780e+002	1.839000e+004		6.801780e+002	3.426667e+003		5.241280e+002	2.217778e+003		2.806280e+002	4.833333e+002		
7.458780e+002	1.859000e+004		6.801280e+002	3.376667e+003		5.240780e+002	2.371111e+003		2.805780e+002	5.266667e+002		
7.448780e+002	1.883000e+004		6.800780e+002	3.360000e+003		5.240280e+002	2.386667e+003		2.805280e+002	5.266667e+002		
7.438780e+002	1.859000e+004		6.800280e+002	3.070000e+003		5.239780e+002	2.324444e+003		2.804780e+002	5.000000e+002		
7.428780e+002	1.815000e+004		6.799780e+002	3.316667e+003		5.239280e+002	2.328889e+003		2.804280e+002	5.166667e+002		
7.418780e+002	1.871000e+004		6.799280e+002	3.426667e+003		5.238780e+002	2.242222e+003		2.803780e+002	5.133333e+002		
7.408780e+002	1.907000e+004		6.798780e+002	3.260000e+003					2.803280e+002	5.700000e+002		
7.398780e+002	1.902000e+004		6.798280e+002	3.540000e+003					2.802780e+002	5.000000e+002		
7.388780e+002	1.911000e+004		6.797780e+002	3.440000e+003					2.802280e+002	4.300000e+002		
7.378780e+002	1.916000e+004		6.797280e+002	3.200000e+003					2.801780e+002	4.666667e+002		
7.368780e+002	1.936000e+004		6.796780e+002	3.353333e+003					2.801280e+002	4.333333e+002		
7.358780e+002	1.844000e+004		6.796280e+002	3.273333e+003					2.800780e+002	4.333333e+002		
7.348780e+002	1.858000e+004		6.795780e+002	3.333333e+003					2.800280e+002	5.100000e+002		
7.338780e+002	1.896000e+004		6.795280e+002	3.330000e+003					2.799780e+002	5.233333e+002		
7.328780e+002	1.839000e+004		6.794780e+002	3.340000e+003					2.799280e+002	4.733333e+002		
7.318780e+002	1.876000e+004		6.794280e+002	3.460000e+003					2.798780e+002	4.900000e+002		
7.308780e+002	1.848000e+004		6.793780e+002	3.220000e+003					2.798280e+002	4.733333e+002		
7.298780e+002	1.816000e+004		6.793280e+002	3.293333e+003					2.797780e+002	4.600000e+002		
7.288780e+002	1.769000e+004		6.792780e+002	3.253333e+003					2.797280e+002	5.300000e+002		
7.278780e+002	1.847000e+004		6.792280e+002	3.136667e+003					2.796780e+002	5.333333e+002		
7.268780e+002	1.874000e+004		6.791780e+002	3.190000e+003					2.796280e+002	4.466667e+002		
7.258780e+002	1.853000e+004		6.791280e+002	3.253333e+003					2.795780e+002	4.300000e+002		
7.248780e+002	1.943000e+004		6.790780e+002	3.406667e+003					2.795280e+002	4.400000e+002		
7.238780e+002	1.947000e+004		6.790280e+002	3.350000e+003					2.794780e+002	5.133333e+002		
7.228780e+002	1.993000e+004		6.789780e+002	3.260000e+003					2.794280e+002	5.166667e+002		
7.218780e+002	1.993000e+004		6.789280e+002	3.400000e+003					2.793780e+002	4.633333e+002		
7.208780e+002	1.958000e+004		6.788780e+002	3.240000e+003					2.793280e+002	4.233333e+002		
7.198780e+002	1.988000e+004		6.788280e+002	3.273333e+003					2.792780e+002	4.733333e+002		
7.188780e+002	1.967000e+004		6.787780e+002	3.396667e+003					2.792280e+002	5.466667e+002		
7.178780e+002	1.969000e+004		6.787280e+002	3.356667e+003					2.791780e+002	4.633333e+002		
7.168780e+002	1.924000e+004		6.786780e+002	3.470000e+003					2.791280e+002	4.833333e+002		
7.158780e+002	1.956000e+004		6.786280e+002	3.353333e+003					2.790780e+002	4.866667e+002		
7.148780e+002	1.915000e+004		6.785780e+002	3.320000e+003					2.790280e+002	5.033333e+002		
7.138780e+002	1.887000e+004		6.785280e+002	3.246667e+003					2.789780e+002	4.666667e+002		
7.128780e+002	1.930000e+004		6.784780e+002	3.433333e+003					2.789280e+002	4.733333e+002		
7.118780e+002	1.876000e+004		6.784280e+002	3.236667e+003					2.788780e+002	4.400000e+002		
7.108780e+002	1.897000e+004		6.783780e+002	3.376667e+003					2.788280e+002	4.700000e+002		
7.098780e+002	1.809000e+004		6.783280e+002	3.400000e+003					2.787780e+002	4.866667e+002		
7.088780e+002	1.850000e+004		6.782780e+002	3.356667e+003					2.787280e+002	4.666667e+002		
7.078780e+002	1.803000e+004		6.782280e+002	3.240000e+003					2.786780e+002	5.233333e+002		
7.068780e+002	1.768000e+004		6.781780e+002	3.276667e+003					2.786280e+002	5.066667e+002		
7.058780e+002	1.656000e+004		6.781280e+002	3.270000e+003					2.785780e+002	4.300000e+002		
7.048780e+002	1.603000e+004		6.780780e+002	3.316667e+003					2.785280e+002	4.700000e+002		
7.038780e+002	1.553000e+004		6.780280e+002	3.340000e+003					2.784780e+002	4.966667e+002		
7.028780e+002	1.551000e+004		6.779780e+002	3.216667e+003					2.784280e+002	4.466667e+002		
7.018780e+002	1.532000e+004		6.779280e+002	3.223333e+003					2.783780e+002	4.300000e+002		
7.008780e+002	1.420000e+004		6.778780e+002	3.403333e+003					2.783280e+002	4.666667e+002		
6.998780e+002	1.331000e+004		6.778280e+002	3.356667e+003					2.782780e+002	4.766667e+002		
6.988780e+002	1.237000e+004								2.782280e+002	5.000000e+002		
6.978780e+002	1.215000e+004								2.781780e+002	4.933333e+002		
6.968780e+002	1.140000e+004								2.781280e+002	4.266667e+002		
6.958780e+002	1.080000e+004								2.780780e+002	4.366667e+002		
6.948780e+002	1.021000e+004								2.780280e+002	5.033333e+002		
6.938780e+002	1.044000e+004								2.779780e+002	4.166667e+002		
6.928780e+002	1.091000e+004								2.779280e+002	5.133333e+002		
6.918780e+002	1.300000e+004								2.778780e+002	4.866667e+002		
6.908780e+002	2.002000e+004								2.778280e+002	4.600000e+002		
6.898780e+002	4.590000e+004								2.777780e+002	4.833333e+002		
6.888780e+002	9.589000e+004								2.777280e+002	5.066667e+002		
6.878780e+002	1.022400e+005								2.776780e+002	4.300000e+002		
6.868780e+002	4.419000e+004								2.776280e+002	4.566667e+002		
6.858780e+002	1.547000e+004								2.775780e+002	5.266667e+002		
6.848780e+002	1.026000e+004								2.775280e+002	4.433333e+002		
6.838780e+002	9.330000e+003								2.774780e+002	4.666667e+002		
6.828780e+002	8.970000e+003								2.774280e+002	4.833333e+002		
6.818780e+002	8.350000e+003								2.773780e+002	5.033333e+002		
6.808780e+002	8.710000e+003								2.773280e+002	5.833333e+002		
6.798780e+002	8.270000e+003								2.772780e+002	5.033333e+002		
6.788780e+002	8.670000e+003								2.772280e+002	4.566667e+002		
6.778780e+002	8.400000e+003								2.771780e+002	4.666667e+002		
6.768780e+002	8.750000e+003								2.771280e+002	5.166667e+002		
6.758780e+002	8.790000e+003								2.770780e+002	4.200000e+002		
6.748780e+002	8.470000e+003								2.770280e+002	4.500000e+002		
6.738780e+002	8.490000e+003								2.769780e+002	4.566667e+002		
6.728780e+002	8.680000e+003								2.769280e+002	4.700000e+002		
6.718780e+002	8.450000e+003								2.768780e+002	5.400000e+002		
6.708780e+002	8.910000e+003								2.768280e+002	5.066667e+002		
6.698780e+002	8.790000e+003								2.767780e+002	4.366667e+002		
6.688780e+002	8.440000e+003								2.767280e+002	5.133333e+002		
6.678780e+002	8.030000e+003								2.766780e+002	4.800000e+002		
6.668780e+002	8.760000e+003								2.766280e+002	4.266667e+002		
6.658780e+002	8.310000e+003								2.765780e+002	4.500000e+002		
6.648780e+002	8.520000e+003								2.765280e+002	4.900000e+002		
6.638780e+002	8.340000e+003								2.764780e+002	4.866667e+002		
6.628780e+002	8.250000e+003								2.764280e+002	4.766667e+002		
6.618780e+002	8.350000e+003								2.763780e+002	4.566667e+002		
6.608780e+002	8.290000e+003								2.763280e+002	4.666667e+002		
6.598780e+002	8.440000e+003								2.762780e+002	4.566667e+002		
6.588780e+002	8.720000e+003								2.762280e+002	4.866667e+002		
6.578780e+002	8.270000e+003								2.761780e+002	4.966667e+002		
6.568780e+002	8.340000e+003								2.761280e+002	4.466667e+002		
6.558780e+002	8.260000e+003								2.760780e+002	4.700000e+002		
6.548780e+002	8.400000e+003								2.760280e+002	4.366667e+002		
6.538780e+002	8.760000e+003								2.759780e+002	5.133333e+002		
6.528780e+002	8.860000e+003								2.759280e+002	4.666667e+002		
6.518780e+002	8.440000e+003								2.758780e+002	4.566667e+002		
6.508780e+002	8.910000e+003								2.758280e+002	4.133333e+002		
6.498780e+002	8.880000e+003								2.757780e+002	4.400000e+002		
6.488780e+002	8.780000e+003								2.757280e+002	4.533333e+002		
6.478780e+002	8.720000e+003								2.756780e+002	4.366667e+002		
6.468780e+002	8.450000e+003								2.756280e+002	4.900000e+002		
6.458780e+002	8.790000e+003								2.755780e+002	4.766667e+002		
6.448780e+002	8.810000e+003								2.755280e+002	4.066667e+002		
6.438780e+002	8.880000e+003								2.754780e+002	4.533333e+002		
6.428780e+002	8.740000e+003								2.754280e+002	4.566667e+002		
6.418780e+002	8.580000e+003								2.753780e+002	4.666667e+002		
6.408780e+002	8.800000e+003											
6.398780e+002	8.820000e+003											
6.388780e+002	8.970000e+003											
6.378780e+002	8.630000e+003											
6.368780e+002	8.860000e+003											
6.358780e+002	8.600000e+003											
6.348780e+002	8.810000e+003											
6.338780e+002	9.020000e+003											
6.328780e+002	8.560000e+003											
6.318780e+002	8.610000e+003											
6.308780e+002	8.820000e+003											
6.298780e+002	8.660000e+003											
6.288780e+002	9.230000e+003											
6.278780e+002	9.100000e+003											
6.268780e+002	8.860000e+003											
6.258780e+002	8.980000e+003											
6.248780e+002	9.160000e+003											
6.238780e+002	8.450000e+003											
6.228780e+002	8.850000e+003											
6.218780e+002	9.100000e+003											
6.208780e+002	8.650000e+003											
6.198780e+002	8.460000e+003											
6.188780e+002	9.020000e+003											
6.178780e+002	8.880000e+003											
6.168780e+002	9.700000e+003											
6.158780e+002	9.190000e+003											
6.148780e+002	8.820000e+003											
6.138780e+002	8.670000e+003											
6.128780e+002	9.230000e+003											
6.118780e+002	8.810000e+003											
6.108780e+002	8.970000e+003											
6.098780e+002	8.890000e+003											
6.088780e+002	8.690000e+003											
6.078780e+002	8.830000e+003											
6.068780e+002	8.470000e+003											
6.058780e+002	8.860000e+003											
6.048780e+002	9.020000e+003											
6.038780e+002	9.240000e+003											
6.028780e+002	8.830000e+003											
6.018780e+002	8.860000e+003											
6.008780e+002	8.610000e+003											
5.998780e+002	8.560000e+003											
5.988780e+002	8.830000e+003											
5.978780e+002	8.890000e+003											
5.968780e+002	8.680000e+003											
5.958780e+002	8.720000e+003											
5.948780e+002	8.900000e+003											
5.938780e+002	9.190000e+003											
5.928780e+002	9.150000e+003											
5.918780e+002	8.870000e+003											
5.908780e+002	9.040000e+003											
5.898780e+002	9.150000e+003											
5.888780e+002	9.100000e+003											
5.878780e+002	8.730000e+003											
5.868780e+002	8.690000e+003											
5.858780e+002	8.790000e+003											
5.848780e+002	9.070000e+003											
5.838780e+002	9.720000e+003											
5.828780e+002	9.190000e+003											
5.818780e+002	9.150000e+003											
5.808780e+002	9.050000e+003											
5.798780e+002	8.840000e+003											
5.788780e+002	8.580000e+003											
5.778780e+002	8.660000e+003											
5.768780e+002	8.590000e+003											
5.758780e+002	8.510000e+003											
5.748780e+002	9.370000e+003											
5.738780e+002	9.650000e+003											
5.728780e+002	9.170000e+003											
5.718780e+002	8.660000e+003											
5.708780e+002	8.780000e+003											
5.698780e+002	8.660000e+003											
5.688780e+002	9.160000e+003											
5.678780e+002	9.120000e+003											
5.668780e+002	8.610000e+003											
5.658780e+002	8.690000e+003											
5.648780e+002	8.510000e+003											
5.638780e+002	8.360000e+003											
5.628780e+002	8.690000e+003											
5.618780e+002	8.230000e+003											
5.608780e+002	9.450000e+003											
5.598780e+002	9.120000e+003											
5.588780e+002	9.720000e+003											
5.578780e+002	9.450000e+003											
5.568780e+002	9.540000e+003											
5.558780e+002	9.860000e+003											
5.548780e+002	9.410000e+003											
5.538780e+002	9.160000e+003											
5.528780e+002	9.080000e+003											
5.518780e+002	9.090000e+003											
5.508780e+002	8.930000e+003											
5.498780e+002	8.770000e+003											
5.488780e+002	8.810000e+003											
5.478780e+002	8.180000e+003											
5.468780e+002	8.010000e+003											
5.458780e+002	8.090000e+003											
5.448780e+002	7.970000e+003											
5.438780e+002	7.880000e+003											
5.428780e+002	7.480000e+003											
5.418780e+002	7.220000e+003											
5.408780e+002	7.280000e+003											
5.398780e+002	6.680000e+003											
5.388780e+002	6.730000e+003											
5.378780e+002	7.240000e+003											
5.368780e+002	7.190000e+003											
5.358780e+002	8.010000e+003											
5.348780e+002	1.041000e+004											
5.338780e+002	1.717000e+004											
5.328780e+002	2.568000e+004											
5.318780e+002	2.326000e+004											
5.308780e+002	1.370000e+004											
5.298780e+002	7.940000e+003											
5.288780e+002	6.520000e+003											
5.278780e+002	5.990000e+003											
5.268780e+002	6.180000e+003											
5.258780e+002	6.380000e+003											
5.248780e+002	6.170000e+003											
5.238780e+002	5.810000e+003											
5.228780e+002	6.200000e+003											
5.218780e+002	6.160000e+003											
5.208780e+002	6.080000e+003											
5.198780e+002	6.140000e+003											
5.188780e+002	6.040000e+003											
5.178780e+002	6.210000e+003											
5.168780e+002	5.740000e+003											
5.158780e+002	6.350000e+003											
5.148780e+002	6.040000e+003											
5.138780e+002	6.090000e+003											
5.128780e+002	6.090000e+003											
5.118780e+002	6.050000e+003											
5.108780e+002	6.140000e+003											
5.098780e+002	5.900000e+003											
5.088780e+002	6.130000e+003											
5.078780e+002	5.960000e+003											
5.068780e+002	6.220000e+003											
5.058780e+002	6.150000e+003											
5.048780e+002	5.710000e+003											
5.038780e+002	6.020000e+003											
5.028780e+002	5.990000e+003											
5.018780e+002	6.230000e+003											
5.008780e+002	5.820000e+003											
4.998780e+002	5.960000e+003											
4.988780e+002	6.140000e+003											
4.978780e+002	6.090000e+003											
4.968780e+002	6.360000e+003											
4.958780e+002	6.330000e+003											
4.948780e+002	6.240000e+003											
4.938780e+002	6.150000e+003											
4.928780e+002	6.100000e+003											
4.918780e+002	6.290000e+003											
4.908780e+002	6.340000e+003											
4.898780e+002	6.140000e+003											
4.888780e+002	6.160000e+003											
4.878780e+002	6.400000e+003											
4.868780e+002	6.210000e+003											
4.858780e+002	5.590000e+003											
4.848780e+002	6.050000e+003											
4.838780e+002	6.310000e+003											
4.828780e+002	6.760000e+003											
4.818780e+002	6.340000e+003											
4.808780e+002	6.450000e+003											
4.798780e+002	6.660000e+003											
4.788780e+002	6.390000e+003											
4.778780e+002	6.150000e+003											
4.768780e+002	6.360000e+003											
4.758780e+002	6.400000e+003											
4.748780e+002	6.080000e+003											
4.738780e+002	5.770000e+003											
4.728780e+002	6.180000e+003											
4.718780e+002	6.510000e+003											
4.708780e+002	6.430000e+003											
4.698780e+002	6.590000e+003											
4.688780e+002	6.520000e+003											
4.678780e+002	6.560000e+003											
4.668780e+002	6.220000e+003											
4.658780e+002	6.370000e+003											
4.648780e+002	6.540000e+003											
4.638780e+002	6.450000e+003											
4.628780e+002	6.310000e+003											
4.618780e+002	6.140000e+003											
4.608780e+002	6.460000e+003											
4.598780e+002	6.300000e+003											
4.588780e+002	6.230000e+003											
4.578780e+002	6.420000e+003											
4.568780e+002	5.970000e+003											
4.558780e+002	6.100000e+003											
4.548780e+002	6.280000e+003											
4.538780e+002	6.290000e+003											
4.528780e+002	6.230000e+003											
4.518780e+002	6.400000e+003											
4.508780e+002	6.630000e+003											
4.498780e+002	6.880000e+003											
4.488780e+002	6.400000e+003											
4.478780e+002	6.690000e+003											
4.468780e+002	6.880000e+003											
4.458780e+002	6.790000e+003											
4.448780e+002	6.670000e+003											
4.438780e+002	6.400000e+003											
4.428780e+002	6.510000e+003											
4.418780e+002	6.610000e+003											
4.408780e+002	6.800000e+003											
4.398780e+002	6.790000e+003											
4.388780e+002	6.630000e+003											
4.378780e+002	6.980000e+003											
4.368780e+002	6.630000e+003											
4.358780e+002	6.410000e+003											
4.348780e+002	6.330000e+003											
4.338780e+002	6.490000e+003											
4.328780e+002	6.420000e+003											
4.318780e+002	6.580000e+003											
4.308780e+002	6.460000e+003											
4.298780e+002	6.920000e+003											
4.288780e+002	6.700000e+003											
4.278780e+002	6.580000e+003											
4.268780e+002	6.800000e+003											
4.258780e+002	6.330000e+003											
4.248780e+002	6.610000e+003											
4.238780e+002	6.670000e+003											
4.228780e+002	6.720000e+003											
4.218780e+002	6.490000e+003											
4.208780e+002	6.390000e+003											
4.198780e+002	6.640000e+003											
4.188780e+002	6.330000e+003											
4.178780e+002	6.590000e+003											
4.168780e+002	6.830000e+003											
4.158780e+002	6.780000e+003											
4.148780e+002	7.010000e+003											
4.138780e+002	6.800000e+003											
4.128780e+002	6.360000e+003											
4.118780e+002	6.390000e+003											
4.108780e+002	6.710000e+003											
4.098780e+002	6.830000e+003											
4.088780e+002	6.920000e+003											
4.078780e+002	7.220000e+003											
4.068780e+002	7.110000e+003											
4.058780e+002	6.690000e+003											
4.048780e+002	6.800000e+003											
4.038780e+002	7.040000e+003											
4.028780e+002	7.120000e+003											
4.018780e+002	7.970000e+003											
4.008780e+002	7.550000e+003											
3.998780e+002	7.060000e+003											
3.988780e+002	6.980000e+003											
3.978780e+002	7.210000e+003											
3.968780e+002	7.150000e+003											
3.958780e+002	7.030000e+003											
3.948780e+002	6.540000e+003											
3.938780e+002	7.090000e+003											
3.928780e+002	7.060000e+003											
3.918780e+002	6.910000e+003											
3.908780e+002	7.310000e+003											
3.898780e+002	6.910000e+003											
3.888780e+002	7.010000e+003											
3.878780e+002	7.060000e+003											
3.868780e+002	6.930000e+003											
3.858780e+002	7.150000e+003											
3.848780e+002	6.590000e+003											
3.838780e+002	7.240000e+003											
3.828780e+002	6.810000e+003											
3.818780e+002	6.910000e+003											
3.808780e+002	7.390000e+003											
3.798780e+002	6.940000e+003											
3.788780e+002	7.220000e+003											
3.778780e+002	7.110000e+003											
3.768780e+002	7.230000e+003											
3.758780e+002	7.300000e+003											
3.748780e+002	7.550000e+003											
3.738780e+002	7.000000e+003											
3.728780e+002	7.550000e+003											
3.718780e+002	6.900000e+003											
3.708780e+002	6.920000e+003											
3.698780e+002	7.550000e+003											
3.688780e+002	7.370000e+003											
3.678780e+002	7.410000e+003											
3.668780e+002	7.530000e+003											
3.658780e+002	7.920000e+003											
3.648780e+002	7.480000e+003											
3.638780e+002	6.930000e+003											
3.628780e+002	7.150000e+003											
3.618780e+002	7.010000e+003											
3.608780e+002	7.150000e+003											
3.598780e+002	7.520000e+003											
3.588780e+002	7.540000e+003											
3.578780e+002	7.400000e+003											
3.568780e+002	7.220000e+003											
3.558780e+002	7.240000e+003											
3.548780e+002	7.390000e+003											
3.538780e+002	7.350000e+003											
3.528780e+002	7.290000e+003											
3.518780e+002	7.200000e+003											
3.508780e+002	7.450000e+003											
3.498780e+002	7.390000e+003											
3.488780e+002	7.770000e+003											
3.478780e+002	7.580000e+003											
3.468780e+002	7.400000e+003											
3.458780e+002	7.420000e+003											
3.448780e+002	7.650000e+003											
3.438780e+002	7.490000e+003											
3.428780e+002	7.460000e+003											
3.418780e+002	7.550000e+003											
3.408780e+002	7.410000e+003											
3.398780e+002	7.800000e+003											
3.388780e+002	7.760000e+003											
3.378780e+002	7.530000e+003											
3.368780e+002	7.420000e+003											
3.358780e+002	7.800000e+003											
3.348780e+002	7.770000e+003											
3.338780e+002	7.680000e+003											
3.328780e+002	7.630000e+003											
3.318780e+002	7.350000e+003											
3.308780e+002	7.690000e+003											
3.298780e+002	8.080000e+003											
3.288780e+002	8.020000e+003											
3.278780e+002	8.040000e+003											
3.268780e+002	7.440000e+003											
3.258780e+002	8.170000e+003											
3.248780e+002	7.880000e+003											
3.238780e+002	8.160000e+003											
3.228780e+002	8.000000e+003											
3.218780e+002	8.260000e+003											
3.208780e+002	8.460000e+003											
3.198780e+002	8.090000e+003											
3.188780e+002	8.210000e+003											
3.178780e+002	8.230000e+003											
3.168780e+002	8.200000e+003											
3.158780e+002	8.160000e+003											
3.148780e+002	8.030000e+003											
3.138780e+002	8.630000e+003											
3.128780e+002	8.320000e+003											
3.118780e+002	7.640000e+003											
3.108780e+002	8.190000e+003											
3.098780e+002	7.950000e+003											
3.088780e+002	7.940000e+003											
3.078780e+002	8.140000e+003											
3.068780e+002	7.700000e+003											
3.058780e+002	6.970000e+003											
3.048780e+002	7.160000e+003											
3.038780e+002	6.910000e+003											
3.028780e+002	6.230000e+003											
3.018780e+002	6.280000e+003											
3.008780e+002	5.900000e+003											
2.998780e+002	5.600000e+003											
2.988780e+002	4.950000e+003											
2.978780e+002	4.280000e+003											
2.968780e+002	4.020000e+003											
2.958780e+002	3.560000e+003											
2.948780e+002	3.180000e+003											
2.938780e+002	3.380000e+003											
2.928780e+002	4.640000e+003											
2.918780e+002	7.730000e+003											
2.908780e+002	1.578000e+004											
2.898780e+002	3.113000e+004											
2.888780e+002	2.568000e+004											
2.878780e+002	1.352000e+004											
2.868780e+002	1.427000e+004											
2.858780e+002	1.633000e+004											
2.848780e+002	2.416000e+004											
2.838780e+002	2.043000e+004											
2.828780e+002	6.030000e+003											
2.818780e+002	2.010000e+003											
2.808780e+002	1.470000e+003											
2.798780e+002	1.490000e+003											
2.788780e+002	1.390000e+003											
2.778780e+002	1.380000e+003											
2.768780e+002	1.240000e+003											
2.758780e+002	1.300000e+003											
2.748780e+002	1.350000e+003											
2.738780e+002	1.370000e+003											
2.728780e+002	1.330000e+003											
2.718780e+002	1.370000e+003											
2.708780e+002	1.180000e+003											
2.698780e+002	1.310000e+003											
2.688780e+002	1.360000e+003											
2.678780e+002	1.160000e+003											
2.668780e+002	1.300000e+003											
2.658780e+002	1.180000e+003											
2.648780e+002	1.350000e+003											
2.638780e+002	1.370000e+003											
2.628780e+002	1.390000e+003											
2.618780e+002	1.430000e+003											
2.608780e+002	1.130000e+003											
2.598780e+002	1.150000e+003											
2.588780e+002	1.310000e+003											
2.578780e+002	1.240000e+003											
2.568780e+002	1.310000e+003											
2.558780e+002	1.270000e+003											
2.548780e+002	1.250000e+003											
2.538780e+002	1.270000e+003											
2.528780e+002	1.270000e+003											
2.518780e+002	1.180000e+003											
2.508780e+002	1.190000e+003											
2.498780e+002	1.300000e+003											
2.488780e+002	1.200000e+003											
2.478780e+002	1.140000e+003											
2.468780e+002	1.300000e+003											
2.458780e+002	1.330000e+003											
2.448780e+002	1.150000e+003											
2.438780e+002	1.240000e+003											
2.428780e+002	1.220000e+003											
2.418780e+002	1.270000e+003											
2.408780e+002	1.350000e+003											
2.398780e+002	1.430000e+003											
2.388780e+002	1.110000e+003											
2.378780e+002	1.210000e+003											
2.368780e+002	1.370000e+003											
2.358780e+002	1.280000e+003											
2.348780e+002	1.300000e+003											
2.338780e+002	1.650000e+003											
2.328780e+002	1.540000e+003											
2.318780e+002	1.560000e+003											
2.308780e+002	1.480000e+003											
2.298780e+002	1.310000e+003											
2.288780e+002	1.180000e+003											
2.278780e+002	1.210000e+003											
2.268780e+002	1.270000e+003											
2.258780e+002	1.370000e+003											
2.248780e+002	1.230000e+003											
2.238780e+002	1.300000e+003											
2.228780e+002	1.290000e+003											
2.218780e+002	1.310000e+003											
2.208780e+002	1.270000e+003											
2.198780e+002	1.430000e+003											
2.188780e+002	1.260000e+003											
2.178780e+002	1.110000e+003											
2.168780e+002	1.090000e+003											
2.158780e+002	1.180000e+003											
2.148780e+002	1.380000e+003											
2.138780e+002	1.230000e+003											
2.128780e+002	1.210000e+003											
2.118780e+002	1.280000e+003											
2.108780e+002	1.080000e+003											
2.098780e+002	1.030000e+003											
2.088780e+002	1.010000e+003											
2.078780e+002	1.290000e+003											
2.068780e+002	1.250000e+003											
2.058780e+002	1.230000e+003											
2.048780e+002	1.140000e+003											
2.038780e+002	1.250000e+003											
2.028780e+002	1.250000e+003											
2.018780e+002	1.310000e+003											
2.008780e+002	1.330000e+003											
1.998780e+002	1.370000e+003											
1.988780e+002	1.220000e+003											
1.978780e+002	1.210000e+003											
1.968780e+002	1.300000e+003											
1.958780e+002	1.250000e+003											
1.948780e+002	1.160000e+003											
1.938780e+002	1.290000e+003											
1.928780e+002	1.270000e+003											
1.918780e+002	1.390000e+003											
1.908780e+002	1.360000e+003											
1.898780e+002	9.700000e+002											
1.888780e+002	1.120000e+003											
1.878780e+002	1.400000e+003											
1.868780e+002	1.130000e+003											
1.858780e+002	1.100000e+003											
1.848780e+002	1.290000e+003											
1.838780e+002	1.240000e+003											
1.828780e+002	1.210000e+003											
1.818780e+002	1.150000e+003											
1.808780e+002	1.230000e+003											
1.798780e+002	1.080000e+003											
1.788780e+002	1.130000e+003											
1.778780e+002	1.210000e+003											
1.768780e+002	1.150000e+003											
1.758780e+002	1.310000e+003											
1.748780e+002	1.160000e+003											
1.738780e+002	1.170000e+003											
1.728780e+002	1.240000e+003											
1.718780e+002	1.170000e+003											
1.708780e+002	1.470000e+003											
1.698780e+002	1.510000e+003											
1.688780e+002	1.880000e+003											
1.678780e+002	1.660000e+003											
1.668780e+002	1.520000e+003											
1.658780e+002	1.310000e+003											
1.648780e+002	1.150000e+003											
1.638780e+002	1.060000e+003											
1.628780e+002	1.130000e+003											
1.618780e+002	1.280000e+003											
1.608780e+002	9.700000e+002											
1.598780e+002	1.150000e+003											
1.588780e+002	1.130000e+003											
1.578780e+002	1.170000e+003											
1.568780e+002	1.220000e+003											
1.558780e+002	1.220000e+003											
1.548780e+002	1.270000e+003											
1.538780e+002	1.310000e+003											
1.528780e+002	1.420000e+003											
1.518780e+002	1.450000e+003											
1.508780e+002	1.380000e+003											
1.498780e+002	1.280000e+003											
1.488780e+002	1.200000e+003											
1.478780e+002	1.370000e+003											
1.468780e+002	9.600000e+002											
1.458780e+002	1.240000e+003											
1.448780e+002	1.400000e+003											
1.438780e+002	1.260000e+003											
1.428780e+002	1.270000e+003											
1.418780e+002	1.330000e+003											
1.408780e+002	1.210000e+003											
1.398780e+002	1.220000e+003											
1.388780e+002	1.320000e+003											
1.378780e+002	1.440000e+003											
1.368780e+002	1.400000e+003											
1.358780e+002	1.170000e+003											
1.348780e+002	1.080000e+003											
1.338780e+002	1.310000e+003											
1.328780e+002	1.190000e+003											
1.318780e+002	1.130000e+003											
1.308780e+002	1.110000e+003											
1.298780e+002	1.160000e+003											
1.288780e+002	1.200000e+003											
1.278780e+002	1.320000e+003											
1.268780e+002	1.270000e+003											
1.258780e+002	1.240000e+003											
1.248780e+002	1.470000e+003											
1.238780e+002	1.420000e+003											
1.228780e+002	1.200000e+003											
1.218780e+002	1.110000e+003											
1.208780e+002	1.210000e+003											
1.198780e+002	1.290000e+003											
1.188780e+002	1.300000e+003											
1.178780e+002	1.220000e+003											
1.168780e+002	1.410000e+003											
1.158780e+002	1.400000e+003											
1.148780e+002	1.410000e+003											
1.138780e+002	1.420000e+003											
1.128780e+002	1.240000e+003											
1.118780e+002	1.130000e+003											
1.108780e+002	1.380000e+003											
1.098780e+002	1.190000e+003											
1.088780e+002	1.370000e+003											
1.078780e+002	1.360000e+003											
1.068780e+002	1.250000e+003											
1.058780e+002	1.230000e+003											
1.048780e+002	1.150000e+003											
1.038780e+002	1.310000e+003											
1.028780e+002	1.470000e+003											
1.018780e+002	1.400000e+003											
1.008780e+002	1.260000e+003											
9.987800e+001	1.400000e+003											
9.887800e+001	1.430000e+003											
9.787800e+001	1.460000e+003											
9.687800e+001	1.390000e+003											
9.587800e+001	1.440000e+003											
9.487800e+001	1.360000e+003											
9.387800e+001	1.370000e+003											
9.287800e+001	1.240000e+003											
9.187800e+001	1.380000e+003											
9.087800e+001	1.350000e+003											
8.987800e+001	1.350000e+003											
8.887800e+001	1.360000e+003											
8.787800e+001	1.330000e+003											
8.687800e+001	1.170000e+003											
8.587800e+001	1.360000e+003											
8.487800e+001	1.400000e+003											
8.387800e+001	1.370000e+003											
8.287800e+001	1.390000e+003											
8.187800e+001	1.350000e+003											
8.087800e+001	1.410000e+003											
7.987800e+001	1.560000e+003											
7.887800e+001	1.340000e+003											
7.787800e+001	1.320000e+003											
7.687800e+001	1.420000e+003											
7.587800e+001	1.400000e+003											
7.487800e+001	1.330000e+003											
7.387800e+001	1.360000e+003											
7.287800e+001	1.180000e+003											
7.187800e+001	1.300000e+003											
7.087800e+001	1.400000e+003											
6.987800e+001	1.410000e+003											
6.887800e+001	1.470000e+003											
6.787800e+001	1.340000e+003											
6.687800e+001	1.170000e+003											
6.587800e+001	1.320000e+003											
6.487800e+001	1.300000e+003											
6.387800e+001	1.360000e+003											
6.287800e+001	1.340000e+003											
6.187800e+001	1.410000e+003											
6.087800e+001	1.230000e+003											
5.987800e+001	1.510000e+003											
5.887800e+001	1.320000e+003											
5.787800e+001	1.340000e+003											
5.687800e+001	1.210000e+003											
5.587800e+001	1.270000e+003											
5.487800e+001	1.140000e+003											
5.387800e+001	1.210000e+003											
5.287800e+001	1.360000e+003											
5.187800e+001	1.310000e+003											
5.087800e+001	1.300000e+003											
4.987800e+001	1.380000e+003											
4.887800e+001	1.300000e+003											
4.787800e+001	1.210000e+003											
4.687800e+001	1.290000e+003											
4.587800e+001	1.150000e+003											
4.487800e+001	1.300000e+003											
4.387800e+001	1.170000e+003											
4.287800e+001	1.070000e+003											
4.187800e+001	1.050000e+003											
4.087800e+001	1.070000e+003											
3.987800e+001	1.240000e+003											
3.887800e+001	1.220000e+003											
3.787800e+001	1.200000e+003											
3.687800e+001	1.750000e+003											
3.587800e+001	2.580000e+003											
3.487800e+001	3.850000e+003											
3.387800e+001	4.190000e+003											
3.287800e+001	3.370000e+003											
3.187800e+001	2.260000e+003											
3.087800e+001	1.720000e+003											
2.987800e+001	1.390000e+003											
2.887800e+001	1.020000e+003											
2.787800e+001	1.090000e+003											
2.687800e+001	9.700000e+002											
2.587800e+001	8.900000e+002											
2.487800e+001	9.300000e+002											
2.387800e+001	7.600000e+002											
2.287800e+001	7.700000e+002											
2.187800e+001	1.010000e+003											
2.087800e+001	9.600000e+002											
1.987800e+001	9.100000e+002											
1.887800e+001	9.800000e+002											
1.787800e+001	1.000000e+003											
1.687800e+001	8.500000e+002											
1.587800e+001	1.010000e+003											
1.487800e+001	1.180000e+003											
1.387800e+001	1.280000e+003											
1.287800e+001	1.230000e+003											
1.187800e+001	1.110000e+003											
1.087800e+001	1.130000e+003											
9.878000e+000	1.360000e+003											
8.878000e+000	9.000000e+002											
7.878000e+000	6.400000e+002											
6.878000e+000	5.100000e+002											
5.878000e+000	3.500000e+002											
4.878000e+000	2.800000e+002											
3.878000e+000	1.500000e+002											
2.878000e+000	1.000000e+002											
1.878000e+000	1.000000e+001											