B.E.	wide/2:CPS		B.E.	F 1s/5:CPS		B.E.	O 1s/6:CPS		B.E.	C 1s/7:CPS		
1.101797e+003	2.165000e+004		6.978470e+002	3.686667e+003		5.417970e+002	2.488889e+003		2.982970e+002	1.513333e+003		
1.100797e+003	2.108000e+004		6.977970e+002	3.516667e+003		5.417470e+002	2.502222e+003		2.982470e+002	1.393333e+003		
1.099797e+003	2.145000e+004		6.977470e+002	3.806667e+003		5.416970e+002	2.460000e+003		2.981970e+002	1.333333e+003		
1.098797e+003	2.192000e+004		6.976970e+002	3.586667e+003		5.416470e+002	2.513333e+003		2.981470e+002	1.433333e+003		
1.097797e+003	2.171000e+004		6.976470e+002	3.603333e+003		5.415970e+002	2.482222e+003		2.980970e+002	1.463333e+003		
1.096797e+003	2.222000e+004		6.975970e+002	3.510000e+003		5.415470e+002	2.473333e+003		2.980470e+002	1.243333e+003		
1.095797e+003	2.201000e+004		6.975470e+002	3.590000e+003		5.414970e+002	2.502222e+003		2.979970e+002	1.386667e+003		
1.094797e+003	2.179000e+004		6.974970e+002	3.546667e+003		5.414470e+002	2.500000e+003		2.979470e+002	1.416667e+003		
1.093797e+003	2.148000e+004		6.974470e+002	3.666667e+003		5.413970e+002	2.562222e+003		2.978970e+002	1.390000e+003		
1.092797e+003	2.122000e+004		6.973970e+002	3.600000e+003		5.413470e+002	2.488889e+003		2.978470e+002	1.416667e+003		
1.091797e+003	2.160000e+004		6.973470e+002	3.646667e+003		5.412970e+002	2.426667e+003		2.977970e+002	1.286667e+003		
1.090797e+003	2.223000e+004		6.972970e+002	3.556667e+003		5.412470e+002	2.328889e+003		2.977470e+002	1.296667e+003		
1.089797e+003	2.210000e+004		6.972470e+002	3.626667e+003		5.411970e+002	2.440000e+003		2.976970e+002	1.316667e+003		
1.088797e+003	2.154000e+004		6.971970e+002	3.546667e+003		5.411470e+002	2.462222e+003		2.976470e+002	1.246667e+003		
1.087797e+003	2.164000e+004		6.971470e+002	3.543333e+003		5.410970e+002	2.497778e+003		2.975970e+002	1.370000e+003		
1.086797e+003	2.143000e+004		6.970970e+002	3.496667e+003		5.410470e+002	2.411111e+003		2.975470e+002	1.310000e+003		
1.085797e+003	2.238000e+004		6.970470e+002	3.463333e+003		5.409970e+002	2.424444e+003		2.974970e+002	1.323333e+003		
1.084797e+003	2.235000e+004		6.969970e+002	3.493333e+003		5.409470e+002	2.308889e+003		2.974470e+002	1.300000e+003		
1.083797e+003	2.203000e+004		6.969470e+002	3.446667e+003		5.408970e+002	2.446667e+003		2.973970e+002	1.276667e+003		
1.082797e+003	2.179000e+004		6.968970e+002	3.406667e+003		5.408470e+002	2.386667e+003		2.973470e+002	1.346667e+003		
1.081797e+003	2.110000e+004		6.968470e+002	3.413333e+003		5.407970e+002	2.351111e+003		2.972970e+002	1.290000e+003		
1.080797e+003	2.093000e+004		6.967970e+002	3.390000e+003		5.407470e+002	2.377778e+003		2.972470e+002	1.323333e+003		
1.079797e+003	2.106000e+004		6.967470e+002	3.343333e+003		5.406970e+002	2.313333e+003		2.971970e+002	1.353333e+003		
1.078797e+003	2.136000e+004		6.966970e+002	3.300000e+003		5.406470e+002	2.511111e+003		2.971470e+002	1.216667e+003		
1.077797e+003	2.135000e+004		6.966470e+002	3.480000e+003		5.405970e+002	2.300000e+003		2.970970e+002	1.196667e+003		
1.076797e+003	2.152000e+004		6.965970e+002	3.666667e+003		5.405470e+002	2.404444e+003		2.970470e+002	1.176667e+003		
1.075797e+003	2.141000e+004		6.965470e+002	3.390000e+003		5.404970e+002	2.357778e+003		2.969970e+002	1.220000e+003		
1.074797e+003	2.197000e+004		6.964970e+002	3.480000e+003		5.404470e+002	2.251111e+003		2.969470e+002	1.283333e+003		
1.073797e+003	2.145000e+004		6.964470e+002	3.336667e+003		5.403970e+002	2.286667e+003		2.968970e+002	1.290000e+003		
1.072797e+003	2.136000e+004		6.963970e+002	3.493333e+003		5.403470e+002	2.371111e+003		2.968470e+002	1.146667e+003		
1.071797e+003	2.138000e+004		6.963470e+002	3.543333e+003		5.402970e+002	2.315556e+003		2.967970e+002	1.200000e+003		
1.070797e+003	2.215000e+004		6.962970e+002	3.393333e+003		5.402470e+002	2.286667e+003		2.967470e+002	1.213333e+003		
1.069797e+003	2.145000e+004		6.962470e+002	3.200000e+003		5.401970e+002	2.291111e+003		2.966970e+002	1.280000e+003		
1.068797e+003	2.218000e+004		6.961970e+002	3.356667e+003		5.401470e+002	2.300000e+003		2.966470e+002	1.343333e+003		
1.067797e+003	2.231000e+004		6.961470e+002	3.390000e+003		5.400970e+002	2.435556e+003		2.965970e+002	1.250000e+003		
1.066797e+003	2.244000e+004		6.960970e+002	3.293333e+003		5.400470e+002	2.206667e+003		2.965470e+002	1.173333e+003		
1.065797e+003	2.247000e+004		6.960470e+002	3.500000e+003		5.399970e+002	2.260000e+003		2.964970e+002	1.236667e+003		
1.064797e+003	2.196000e+004		6.959970e+002	3.453333e+003		5.399470e+002	2.413333e+003		2.964470e+002	1.240000e+003		
1.063797e+003	2.242000e+004		6.959470e+002	3.533333e+003		5.398970e+002	2.302222e+003		2.963970e+002	1.253333e+003		
1.062797e+003	2.304000e+004		6.958970e+002	3.276667e+003		5.398470e+002	2.293333e+003		2.963470e+002	1.270000e+003		
1.061797e+003	2.209000e+004		6.958470e+002	3.416667e+003		5.397970e+002	2.275556e+003		2.962970e+002	1.296667e+003		
1.060797e+003	2.182000e+004		6.957970e+002	3.500000e+003		5.397470e+002	2.226667e+003		2.962470e+002	1.293333e+003		
1.059797e+003	2.245000e+004		6.957470e+002	3.406667e+003		5.396970e+002	2.235556e+003		2.961970e+002	1.310000e+003		
1.058797e+003	2.168000e+004		6.956970e+002	3.543333e+003		5.396470e+002	2.266667e+003		2.961470e+002	1.173333e+003		
1.057797e+003	2.159000e+004		6.956470e+002	3.403333e+003		5.395970e+002	2.286667e+003		2.960970e+002	1.230000e+003		
1.056797e+003	2.217000e+004		6.955970e+002	3.433333e+003		5.395470e+002	2.360000e+003		2.960470e+002	1.310000e+003		
1.055797e+003	2.174000e+004		6.955470e+002	3.373333e+003		5.394970e+002	2.217778e+003		2.959970e+002	1.173333e+003		
1.054797e+003	2.210000e+004		6.954970e+002	3.266667e+003		5.394470e+002	2.311111e+003		2.959470e+002	1.190000e+003		
1.053797e+003	2.255000e+004		6.954470e+002	3.266667e+003		5.393970e+002	2.228889e+003		2.958970e+002	1.153333e+003		
1.052797e+003	2.164000e+004		6.953970e+002	3.360000e+003		5.393470e+002	2.246667e+003		2.958470e+002	1.236667e+003		
1.051797e+003	2.254000e+004		6.953470e+002	3.293333e+003		5.392970e+002	2.204444e+003		2.957970e+002	1.250000e+003		
1.050797e+003	2.208000e+004		6.952970e+002	3.276667e+003		5.392470e+002	2.251111e+003		2.957470e+002	1.113333e+003		
1.049797e+003	2.259000e+004		6.952470e+002	3.390000e+003		5.391970e+002	2.275556e+003		2.956970e+002	1.116667e+003		
1.048797e+003	2.225000e+004		6.951970e+002	3.566667e+003		5.391470e+002	2.291111e+003		2.956470e+002	1.143333e+003		
1.047797e+003	2.171000e+004		6.951470e+002	3.363333e+003		5.390970e+002	2.271111e+003		2.955970e+002	1.186667e+003		
1.046797e+003	2.204000e+004		6.950970e+002	3.486667e+003		5.390470e+002	2.257778e+003		2.955470e+002	1.256667e+003		
1.045797e+003	2.251000e+004		6.950470e+002	3.366667e+003		5.389970e+002	2.213333e+003		2.954970e+002	1.153333e+003		
1.044797e+003	2.168000e+004		6.949970e+002	3.320000e+003		5.389470e+002	2.155556e+003		2.954470e+002	1.143333e+003		
1.043797e+003	2.215000e+004		6.949470e+002	3.330000e+003		5.388970e+002	2.357778e+003		2.953970e+002	1.166667e+003		
1.042797e+003	2.238000e+004		6.948970e+002	3.373333e+003		5.388470e+002	2.344444e+003		2.953470e+002	1.156667e+003		
1.041797e+003	2.259000e+004		6.948470e+002	3.356667e+003		5.387970e+002	2.266667e+003		2.952970e+002	1.163333e+003		
1.040797e+003	2.307000e+004		6.947970e+002	3.223333e+003		5.387470e+002	2.168889e+003		2.952470e+002	1.176667e+003		
1.039797e+003	2.274000e+004		6.947470e+002	3.403333e+003		5.386970e+002	2.164444e+003		2.951970e+002	1.153333e+003		
1.038797e+003	2.225000e+004		6.946970e+002	3.446667e+003		5.386470e+002	2.231111e+003		2.951470e+002	1.206667e+003		
1.037797e+003	2.304000e+004		6.946470e+002	3.316667e+003		5.385970e+002	2.335556e+003		2.950970e+002	1.240000e+003		
1.036797e+003	2.274000e+004		6.945970e+002	3.496667e+003		5.385470e+002	2.208889e+003		2.950470e+002	1.140000e+003		
1.035797e+003	2.241000e+004		6.945470e+002	3.276667e+003		5.384970e+002	2.222222e+003		2.949970e+002	1.080000e+003		
1.034797e+003	2.283000e+004		6.944970e+002	3.433333e+003		5.384470e+002	2.153333e+003		2.949470e+002	1.160000e+003		
1.033797e+003	2.222000e+004		6.944470e+002	3.543333e+003		5.383970e+002	2.200000e+003		2.948970e+002	1.133333e+003		
1.032797e+003	2.267000e+004		6.943970e+002	3.533333e+003		5.383470e+002	2.171111e+003		2.948470e+002	1.250000e+003		
1.031797e+003	2.308000e+004		6.943470e+002	3.410000e+003		5.382970e+002	2.204444e+003		2.947970e+002	1.196667e+003		
1.030797e+003	2.242000e+004		6.942970e+002	3.313333e+003		5.382470e+002	2.248889e+003		2.947470e+002	1.240000e+003		
1.029797e+003	2.282000e+004		6.942470e+002	3.283333e+003		5.381970e+002	2.335556e+003		2.946970e+002	1.020000e+003		
1.028797e+003	2.256000e+004		6.941970e+002	3.273333e+003		5.381470e+002	2.255556e+003		2.946470e+002	1.150000e+003		
1.027797e+003	2.297000e+004		6.941470e+002	3.583333e+003		5.380970e+002	2.253333e+003		2.945970e+002	1.130000e+003		
1.026797e+003	2.267000e+004		6.940970e+002	3.340000e+003		5.380470e+002	2.260000e+003		2.945470e+002	1.116667e+003		
1.025797e+003	2.256000e+004		6.940470e+002	3.340000e+003		5.379970e+002	2.168889e+003		2.944970e+002	1.173333e+003		
1.024797e+003	2.284000e+004		6.939970e+002	3.370000e+003		5.379470e+002	2.368889e+003		2.944470e+002	1.100000e+003		
1.023797e+003	2.265000e+004		6.939470e+002	3.310000e+003		5.378970e+002	2.248889e+003		2.943970e+002	1.100000e+003		
1.022797e+003	2.336000e+004		6.938970e+002	3.403333e+003		5.378470e+002	2.208889e+003		2.943470e+002	1.103333e+003		
1.021797e+003	2.332000e+004		6.938470e+002	3.363333e+003		5.377970e+002	2.220000e+003		2.942970e+002	1.143333e+003		
1.020797e+003	2.180000e+004		6.937970e+002	3.423333e+003		5.377470e+002	2.295556e+003		2.942470e+002	1.090000e+003		
1.019797e+003	2.242000e+004		6.937470e+002	3.233333e+003		5.376970e+002	2.248889e+003		2.941970e+002	1.110000e+003		
1.018797e+003	2.322000e+004		6.936970e+002	3.290000e+003		5.376470e+002	2.233333e+003		2.941470e+002	1.080000e+003		
1.017797e+003	2.362000e+004		6.936470e+002	3.463333e+003		5.375970e+002	2.133333e+003		2.940970e+002	1.080000e+003		
1.016797e+003	2.274000e+004		6.935970e+002	3.390000e+003		5.375470e+002	2.288889e+003		2.940470e+002	1.086667e+003		
1.015797e+003	2.265000e+004		6.935470e+002	3.400000e+003		5.374970e+002	2.304444e+003		2.939970e+002	9.733333e+002		
1.014797e+003	2.333000e+004		6.934970e+002	3.506667e+003		5.374470e+002	2.228889e+003		2.939470e+002	1.080000e+003		
1.013797e+003	2.322000e+004		6.934470e+002	3.356667e+003		5.373970e+002	2.182222e+003		2.938970e+002	9.933333e+002		
1.012797e+003	2.322000e+004		6.933970e+002	3.243333e+003		5.373470e+002	2.251111e+003		2.938470e+002	1.100000e+003		
1.011797e+003	2.264000e+004		6.933470e+002	3.360000e+003		5.372970e+002	2.273333e+003		2.937970e+002	1.090000e+003		
1.010797e+003	2.184000e+004		6.932970e+002	3.356667e+003		5.372470e+002	2.197778e+003		2.937470e+002	1.170000e+003		
1.009797e+003	2.338000e+004		6.932470e+002	3.173333e+003		5.371970e+002	2.255556e+003		2.936970e+002	1.063333e+003		
1.008797e+003	2.347000e+004		6.931970e+002	3.340000e+003		5.371470e+002	2.246667e+003		2.936470e+002	1.140000e+003		
1.007797e+003	2.304000e+004		6.931470e+002	3.410000e+003		5.370970e+002	2.326667e+003		2.935970e+002	1.006667e+003		
1.006797e+003	2.366000e+004		6.930970e+002	3.466667e+003		5.370470e+002	2.400000e+003		2.935470e+002	1.146667e+003		
1.005797e+003	2.350000e+004		6.930470e+002	3.403333e+003		5.369970e+002	2.273333e+003		2.934970e+002	1.113333e+003		
1.004797e+003	2.375000e+004		6.929970e+002	3.380000e+003		5.369470e+002	2.311111e+003		2.934470e+002	1.153333e+003		
1.003797e+003	2.440000e+004		6.929470e+002	3.493333e+003		5.368970e+002	2.328889e+003		2.933970e+002	1.130000e+003		
1.002797e+003	2.358000e+004		6.928970e+002	3.370000e+003		5.368470e+002	2.431111e+003		2.933470e+002	1.126667e+003		
1.001797e+003	2.372000e+004		6.928470e+002	3.426667e+003		5.367970e+002	2.315556e+003		2.932970e+002	1.040000e+003		
1.000797e+003	2.411000e+004		6.927970e+002	3.470000e+003		5.367470e+002	2.271111e+003		2.932470e+002	1.073333e+003		
9.997970e+002	2.433000e+004		6.927470e+002	3.323333e+003		5.366970e+002	2.275556e+003		2.931970e+002	1.190000e+003		
9.987970e+002	2.416000e+004		6.926970e+002	3.323333e+003		5.366470e+002	2.448889e+003		2.931470e+002	1.106667e+003		
9.977970e+002	2.396000e+004		6.926470e+002	3.400000e+003		5.365970e+002	2.406667e+003		2.930970e+002	1.126667e+003		
9.967970e+002	2.364000e+004		6.925970e+002	3.390000e+003		5.365470e+002	2.246667e+003		2.930470e+002	1.096667e+003		
9.957970e+002	2.361000e+004		6.925470e+002	3.453333e+003		5.364970e+002	2.413333e+003		2.929970e+002	1.063333e+003		
9.947970e+002	2.378000e+004		6.924970e+002	3.303333e+003		5.364470e+002	2.311111e+003		2.929470e+002	1.116667e+003		
9.937970e+002	2.406000e+004		6.924470e+002	3.376667e+003		5.363970e+002	2.311111e+003		2.928970e+002	1.143333e+003		
9.927970e+002	2.334000e+004		6.923970e+002	3.466667e+003		5.363470e+002	2.380000e+003		2.928470e+002	1.210000e+003		
9.917970e+002	2.257000e+004		6.923470e+002	3.293333e+003		5.362970e+002	2.415556e+003		2.927970e+002	1.196667e+003		
9.907970e+002	2.212000e+004		6.922970e+002	3.490000e+003		5.362470e+002	2.435556e+003		2.927470e+002	1.173333e+003		
9.897970e+002	2.216000e+004		6.922470e+002	3.516667e+003		5.361970e+002	2.515556e+003		2.926970e+002	1.296667e+003		
9.887970e+002	2.204000e+004		6.921970e+002	3.313333e+003		5.361470e+002	2.560000e+003		2.926470e+002	1.336667e+003		
9.877970e+002	2.220000e+004		6.921470e+002	3.596667e+003		5.360970e+002	2.580000e+003		2.925970e+002	1.296667e+003		
9.867970e+002	2.143000e+004		6.920970e+002	3.493333e+003		5.360470e+002	2.553333e+003		2.925470e+002	1.263333e+003		
9.857970e+002	2.256000e+004		6.920470e+002	3.546667e+003		5.359970e+002	2.682222e+003		2.924970e+002	1.266667e+003		
9.847970e+002	2.278000e+004		6.919970e+002	3.613333e+003		5.359470e+002	2.573333e+003		2.924470e+002	1.226667e+003		
9.837970e+002	2.254000e+004		6.919470e+002	3.473333e+003		5.358970e+002	2.517778e+003		2.923970e+002	1.313333e+003		
9.827970e+002	2.275000e+004		6.918970e+002	3.630000e+003		5.358470e+002	2.631111e+003		2.923470e+002	1.333333e+003		
9.817970e+002	2.307000e+004		6.918470e+002	3.443333e+003		5.357970e+002	2.544444e+003		2.922970e+002	1.370000e+003		
9.807970e+002	2.317000e+004		6.917970e+002	3.603333e+003		5.357470e+002	2.560000e+003		2.922470e+002	1.340000e+003		
9.797970e+002	2.412000e+004		6.917470e+002	3.496667e+003		5.356970e+002	2.653333e+003		2.921970e+002	1.406667e+003		
9.787970e+002	2.533000e+004		6.916970e+002	3.590000e+003		5.356470e+002	2.668889e+003		2.921470e+002	1.280000e+003		
9.777970e+002	2.430000e+004		6.916470e+002	3.473333e+003		5.355970e+002	2.802222e+003		2.920970e+002	1.450000e+003		
9.767970e+002	2.432000e+004		6.915970e+002	3.566667e+003		5.355470e+002	2.726667e+003		2.920470e+002	1.363333e+003		
9.757970e+002	2.476000e+004		6.915470e+002	3.673333e+003		5.354970e+002	2.855556e+003		2.919970e+002	1.720000e+003		
9.747970e+002	2.409000e+004		6.914970e+002	3.786667e+003		5.354470e+002	2.942222e+003		2.919470e+002	1.650000e+003		
9.737970e+002	2.374000e+004		6.914470e+002	3.650000e+003		5.353970e+002	3.091111e+003		2.918970e+002	1.723333e+003		
9.727970e+002	2.361000e+004		6.913970e+002	3.693333e+003		5.353470e+002	2.982222e+003		2.918470e+002	1.710000e+003		
9.717970e+002	2.329000e+004		6.913470e+002	3.680000e+003		5.352970e+002	3.106667e+003		2.917970e+002	1.693333e+003		
9.707970e+002	2.263000e+004		6.912970e+002	3.800000e+003		5.352470e+002	3.202222e+003		2.917470e+002	1.706667e+003		
9.697970e+002	2.139000e+004		6.912470e+002	3.713333e+003		5.351970e+002	3.262222e+003		2.916970e+002	1.880000e+003		
9.687970e+002	2.129000e+004		6.911970e+002	3.740000e+003		5.351470e+002	3.415556e+003		2.916470e+002	1.846667e+003		
9.677970e+002	2.032000e+004		6.911470e+002	3.713333e+003		5.350970e+002	3.546667e+003		2.915970e+002	1.950000e+003		
9.667970e+002	1.944000e+004		6.910970e+002	3.876667e+003		5.350470e+002	3.444444e+003		2.915470e+002	1.903333e+003		
9.657970e+002	1.909000e+004		6.910470e+002	4.063333e+003		5.349970e+002	3.633333e+003		2.914970e+002	2.143333e+003		
9.647970e+002	1.965000e+004		6.909970e+002	4.030000e+003		5.349470e+002	3.780000e+003		2.914470e+002	2.186667e+003		
9.637970e+002	1.931000e+004		6.909470e+002	4.013333e+003		5.348970e+002	3.724444e+003		2.913970e+002	2.126667e+003		
9.627970e+002	1.944000e+004		6.908970e+002	3.963333e+003		5.348470e+002	3.971111e+003		2.913470e+002	2.093333e+003		
9.617970e+002	1.948000e+004		6.908470e+002	4.226667e+003		5.347970e+002	4.222222e+003		2.912970e+002	2.266667e+003		
9.607970e+002	1.935000e+004		6.907970e+002	4.290000e+003		5.347470e+002	4.228889e+003		2.912470e+002	2.216667e+003		
9.597970e+002	1.947000e+004		6.907470e+002	4.210000e+003		5.346970e+002	4.486667e+003		2.911970e+002	2.296667e+003		
9.587970e+002	1.933000e+004		6.906970e+002	4.400000e+003		5.346470e+002	4.593333e+003		2.911470e+002	2.290000e+003		
9.577970e+002	1.896000e+004		6.906470e+002	4.416667e+003		5.345970e+002	4.762222e+003		2.910970e+002	2.373333e+003		
9.567970e+002	1.898000e+004		6.905970e+002	4.513333e+003		5.345470e+002	5.026667e+003		2.910470e+002	2.593333e+003		
9.557970e+002	1.983000e+004		6.905470e+002	4.730000e+003		5.344970e+002	5.135556e+003		2.909970e+002	2.560000e+003		
9.547970e+002	1.915000e+004		6.904970e+002	4.820000e+003		5.344470e+002	5.300000e+003		2.909470e+002	2.516667e+003		
9.537970e+002	1.904000e+004		6.904470e+002	5.010000e+003		5.343970e+002	5.480000e+003		2.908970e+002	2.730000e+003		
9.527970e+002	1.879000e+004		6.903970e+002	5.296667e+003		5.343470e+002	5.762222e+003		2.908470e+002	2.750000e+003		
9.517970e+002	1.878000e+004		6.903470e+002	5.336667e+003		5.342970e+002	5.951111e+003		2.907970e+002	2.980000e+003		
9.507970e+002	1.882000e+004		6.902970e+002	5.283333e+003		5.342470e+002	6.117778e+003		2.907470e+002	3.040000e+003		
9.497970e+002	1.844000e+004		6.902470e+002	5.686667e+003		5.341970e+002	6.451111e+003		2.906970e+002	3.160000e+003		
9.487970e+002	1.853000e+004		6.901970e+002	6.136667e+003		5.341470e+002	6.748889e+003		2.906470e+002	3.396667e+003		
9.477970e+002	1.876000e+004		6.901470e+002	6.093333e+003		5.340970e+002	7.133333e+003		2.905970e+002	3.516667e+003		
9.467970e+002	1.934000e+004		6.900970e+002	6.486667e+003		5.340470e+002	7.397778e+003		2.905470e+002	3.820000e+003		
9.457970e+002	1.928000e+004		6.900470e+002	6.980000e+003		5.339970e+002	7.680000e+003		2.904970e+002	3.933333e+003		
9.447970e+002	1.899000e+004		6.899970e+002	7.246667e+003		5.339470e+002	7.717778e+003		2.904470e+002	4.190000e+003		
9.437970e+002	1.925000e+004		6.899470e+002	7.516667e+003		5.338970e+002	8.184444e+003		2.903970e+002	4.673333e+003		
9.427970e+002	1.899000e+004		6.898970e+002	7.756667e+003		5.338470e+002	8.542222e+003		2.903470e+002	4.976667e+003		
9.417970e+002	1.888000e+004		6.898470e+002	8.130000e+003		5.337970e+002	8.877778e+003		2.902970e+002	5.063333e+003		
9.407970e+002	1.883000e+004		6.897970e+002	8.793333e+003		5.337470e+002	9.075556e+003		2.902470e+002	5.100000e+003		
9.397970e+002	1.821000e+004		6.897470e+002	9.323333e+003		5.336970e+002	9.304444e+003		2.901970e+002	5.490000e+003		
9.387970e+002	1.848000e+004		6.896970e+002	9.960000e+003		5.336470e+002	9.466667e+003		2.901470e+002	6.023333e+003		
9.377970e+002	1.953000e+004		6.896470e+002	1.045667e+004		5.335970e+002	9.702222e+003		2.900970e+002	6.253333e+003		
9.367970e+002	1.902000e+004		6.895970e+002	1.103000e+004		5.335470e+002	1.010667e+004		2.900470e+002	6.583333e+003		
9.357970e+002	1.912000e+004		6.895470e+002	1.166667e+004		5.334970e+002	1.048000e+004		2.899970e+002	7.070000e+003		
9.347970e+002	1.924000e+004		6.894970e+002	1.255000e+004		5.334470e+002	1.081556e+004		2.899470e+002	7.533333e+003		
9.337970e+002	1.913000e+004		6.894470e+002	1.295000e+004		5.333970e+002	1.100667e+004		2.898970e+002	7.770000e+003		
9.327970e+002	1.829000e+004		6.893970e+002	1.355333e+004		5.333470e+002	1.122667e+004		2.898470e+002	8.080000e+003		
9.317970e+002	1.935000e+004		6.893470e+002	1.428667e+004		5.332970e+002	1.151556e+004		2.897970e+002	8.563333e+003		
9.307970e+002	1.962000e+004		6.892970e+002	1.531000e+004		5.332470e+002	1.150444e+004		2.897470e+002	8.873333e+003		
9.297970e+002	1.879000e+004		6.892470e+002	1.626000e+004		5.331970e+002	1.188000e+004		2.896970e+002	9.240000e+003		
9.287970e+002	1.835000e+004		6.891970e+002	1.715333e+004		5.331470e+002	1.214444e+004		2.896470e+002	9.400000e+003		
9.277970e+002	1.894000e+004		6.891470e+002	1.836000e+004		5.330970e+002	1.251333e+004		2.895970e+002	9.700000e+003		
9.267970e+002	1.903000e+004		6.890970e+002	1.940000e+004		5.330470e+002	1.262667e+004		2.895470e+002	9.650000e+003		
9.257970e+002	1.916000e+004		6.890470e+002	1.995333e+004		5.329970e+002	1.298222e+004		2.894970e+002	9.623333e+003		
9.247970e+002	1.876000e+004		6.889970e+002	2.095000e+004		5.329470e+002	1.297556e+004		2.894470e+002	9.860000e+003		
9.237970e+002	1.909000e+004		6.889470e+002	2.202333e+004		5.328970e+002	1.326667e+004		2.893970e+002	9.816667e+003		
9.227970e+002	1.928000e+004		6.888970e+002	2.307667e+004		5.328470e+002	1.366667e+004		2.893470e+002	9.430000e+003		
9.217970e+002	1.914000e+004		6.888470e+002	2.354667e+004		5.327970e+002	1.377111e+004		2.892970e+002	9.190000e+003		
9.207970e+002	1.895000e+004		6.887970e+002	2.422667e+004		5.327470e+002	1.371111e+004		2.892470e+002	8.903333e+003		
9.197970e+002	1.859000e+004		6.887470e+002	2.480000e+004		5.326970e+002	1.382444e+004		2.891970e+002	8.440000e+003		
9.187970e+002	1.949000e+004		6.886970e+002	2.589667e+004		5.326470e+002	1.413333e+004		2.891470e+002	8.203333e+003		
9.177970e+002	1.902000e+004		6.886470e+002	2.642667e+004		5.325970e+002	1.418889e+004		2.890970e+002	7.806667e+003		
9.167970e+002	1.921000e+004		6.885970e+002	2.735000e+004		5.325470e+002	1.430889e+004		2.890470e+002	7.356667e+003		
9.157970e+002	1.890000e+004		6.885470e+002	2.709333e+004		5.324970e+002	1.462889e+004		2.889970e+002	6.896667e+003		
9.147970e+002	1.986000e+004		6.884970e+002	2.820333e+004		5.324470e+002	1.496000e+004		2.889470e+002	6.366667e+003		
9.137970e+002	1.965000e+004		6.884470e+002	2.848000e+004		5.323970e+002	1.484000e+004		2.888970e+002	5.843333e+003		
9.127970e+002	1.863000e+004		6.883970e+002	2.891667e+004		5.323470e+002	1.476000e+004		2.888470e+002	5.556667e+003		
9.117970e+002	1.909000e+004		6.883470e+002	2.897333e+004		5.322970e+002	1.519333e+004		2.887970e+002	5.120000e+003		
9.107970e+002	1.890000e+004		6.882970e+002	2.879333e+004		5.322470e+002	1.528444e+004		2.887470e+002	4.703333e+003		
9.097970e+002	1.887000e+004		6.882470e+002	2.886333e+004		5.321970e+002	1.526222e+004		2.886970e+002	4.310000e+003		
9.087970e+002	1.937000e+004		6.881970e+002	2.864333e+004		5.321470e+002	1.535111e+004		2.886470e+002	4.143333e+003		
9.077970e+002	1.901000e+004		6.881470e+002	2.826000e+004		5.320970e+002	1.553778e+004		2.885970e+002	3.850000e+003		
9.067970e+002	1.878000e+004		6.880970e+002	2.752333e+004		5.320470e+002	1.550889e+004		2.885470e+002	3.813333e+003		
9.057970e+002	1.878000e+004		6.880470e+002	2.727000e+004		5.319970e+002	1.540222e+004		2.884970e+002	3.556667e+003		
9.047970e+002	1.892000e+004		6.879970e+002	2.624000e+004		5.319470e+002	1.522444e+004		2.884470e+002	3.146667e+003		
9.037970e+002	1.900000e+004		6.879470e+002	2.576000e+004		5.318970e+002	1.517111e+004		2.883970e+002	3.216667e+003		
9.027970e+002	1.844000e+004		6.878970e+002	2.466000e+004		5.318470e+002	1.510889e+004		2.883470e+002	3.033333e+003		
9.017970e+002	1.826000e+004		6.878470e+002	2.353000e+004		5.317970e+002	1.507333e+004		2.882970e+002	2.980000e+003		
9.007970e+002	1.914000e+004		6.877970e+002	2.291000e+004		5.317470e+002	1.490667e+004		2.882470e+002	2.813333e+003		
8.997970e+002	1.913000e+004		6.877470e+002	2.169000e+004		5.316970e+002	1.448000e+004		2.881970e+002	2.680000e+003		
8.987970e+002	1.922000e+004		6.876970e+002	2.080333e+004		5.316470e+002	1.422222e+004		2.881470e+002	2.670000e+003		
8.977970e+002	1.936000e+004		6.876470e+002	1.965333e+004		5.315970e+002	1.390222e+004		2.880970e+002	2.640000e+003		
8.967970e+002	1.884000e+004		6.875970e+002	1.811667e+004		5.315470e+002	1.333333e+004		2.880470e+002	2.723333e+003		
8.957970e+002	1.950000e+004		6.875470e+002	1.721667e+004		5.314970e+002	1.290889e+004		2.879970e+002	2.566667e+003		
8.947970e+002	1.857000e+004		6.874970e+002	1.618667e+004		5.314470e+002	1.241778e+004		2.879470e+002	2.450000e+003		
8.937970e+002	1.956000e+004		6.874470e+002	1.549667e+004		5.313970e+002	1.200222e+004		2.878970e+002	2.630000e+003		
8.927970e+002	1.956000e+004		6.873970e+002	1.414000e+004		5.313470e+002	1.168889e+004		2.878470e+002	2.526667e+003		
8.917970e+002	1.926000e+004		6.873470e+002	1.325000e+004		5.312970e+002	1.118222e+004		2.877970e+002	2.553333e+003		
8.907970e+002	1.930000e+004		6.872970e+002	1.205333e+004		5.312470e+002	1.078667e+004		2.877470e+002	2.646667e+003		
8.897970e+002	1.914000e+004		6.872470e+002	1.132000e+004		5.311970e+002	9.975556e+003		2.876970e+002	2.723333e+003		
8.887970e+002	1.856000e+004		6.871970e+002	1.044000e+004		5.311470e+002	9.248889e+003		2.876470e+002	2.633333e+003		
8.877970e+002	1.919000e+004		6.871470e+002	9.826667e+003		5.310970e+002	8.684444e+003		2.875970e+002	2.626667e+003		
8.867970e+002	1.931000e+004		6.870970e+002	9.086667e+003		5.310470e+002	7.962222e+003		2.875470e+002	2.563333e+003		
8.857970e+002	1.897000e+004		6.870470e+002	8.690000e+003		5.309970e+002	7.493333e+003		2.874970e+002	2.743333e+003		
8.847970e+002	1.891000e+004		6.869970e+002	8.126667e+003		5.309470e+002	7.062222e+003		2.874470e+002	2.830000e+003		
8.837970e+002	1.891000e+004		6.869470e+002	7.403333e+003		5.308970e+002	6.611111e+003		2.873970e+002	2.976667e+003		
8.827970e+002	1.948000e+004		6.868970e+002	7.076667e+003		5.308470e+002	6.011111e+003		2.873470e+002	3.070000e+003		
8.817970e+002	1.957000e+004		6.868470e+002	6.676667e+003		5.307970e+002	5.597778e+003		2.872970e+002	3.166667e+003		
8.807970e+002	1.880000e+004		6.867970e+002	6.373333e+003		5.307470e+002	5.091111e+003		2.872470e+002	3.343333e+003		
8.797970e+002	1.919000e+004		6.867470e+002	6.023333e+003		5.306970e+002	4.706667e+003		2.871970e+002	3.283333e+003		
8.787970e+002	1.969000e+004		6.866970e+002	5.560000e+003		5.306470e+002	4.371111e+003		2.871470e+002	3.350000e+003		
8.777970e+002	1.925000e+004		6.866470e+002	5.326667e+003		5.305970e+002	4.126667e+003		2.870970e+002	3.590000e+003		
8.767970e+002	1.921000e+004		6.865970e+002	5.246667e+003		5.305470e+002	3.868889e+003		2.870470e+002	3.520000e+003		
8.757970e+002	1.904000e+004		6.865470e+002	5.060000e+003		5.304970e+002	3.691111e+003		2.869970e+002	3.833333e+003		
8.747970e+002	1.895000e+004		6.864970e+002	4.790000e+003		5.304470e+002	3.382222e+003		2.869470e+002	3.876667e+003		
8.737970e+002	1.925000e+004		6.864470e+002	4.750000e+003		5.303970e+002	3.162222e+003		2.868970e+002	4.266667e+003		
8.727970e+002	1.908000e+004		6.863970e+002	4.510000e+003		5.303470e+002	2.920000e+003		2.868470e+002	4.273333e+003		
8.717970e+002	1.896000e+004		6.863470e+002	4.323333e+003		5.302970e+002	2.833333e+003		2.867970e+002	4.416667e+003		
8.707970e+002	1.871000e+004		6.862970e+002	4.300000e+003		5.302470e+002	2.713333e+003		2.867470e+002	4.403333e+003		
8.697970e+002	1.870000e+004		6.862470e+002	4.223333e+003		5.301970e+002	2.682222e+003		2.866970e+002	4.546667e+003		
8.687970e+002	1.908000e+004		6.861970e+002	4.050000e+003		5.301470e+002	2.666667e+003		2.866470e+002	4.763333e+003		
8.677970e+002	1.896000e+004		6.861470e+002	3.933333e+003		5.300970e+002	2.584444e+003		2.865970e+002	4.773333e+003		
8.667970e+002	1.955000e+004		6.860970e+002	3.940000e+003		5.300470e+002	2.446667e+003		2.865470e+002	5.043333e+003		
8.657970e+002	1.940000e+004		6.860470e+002	4.000000e+003		5.299970e+002	2.417778e+003		2.864970e+002	5.213333e+003		
8.647970e+002	1.930000e+004		6.859970e+002	3.756667e+003		5.299470e+002	2.257778e+003		2.864470e+002	4.976667e+003		
8.637970e+002	1.917000e+004		6.859470e+002	3.693333e+003		5.298970e+002	2.246667e+003		2.863970e+002	5.460000e+003		
8.627970e+002	1.970000e+004		6.858970e+002	3.633333e+003		5.298470e+002	2.328889e+003		2.863470e+002	5.620000e+003		
8.617970e+002	2.028000e+004		6.858470e+002	3.766667e+003		5.297970e+002	2.266667e+003		2.862970e+002	5.940000e+003		
8.607970e+002	2.057000e+004		6.857970e+002	3.786667e+003		5.297470e+002	2.331111e+003		2.862470e+002	5.633333e+003		
8.597970e+002	2.071000e+004		6.857470e+002	3.543333e+003		5.296970e+002	2.215556e+003		2.861970e+002	5.996667e+003		
8.587970e+002	2.103000e+004		6.856970e+002	3.523333e+003		5.296470e+002	2.226667e+003		2.861470e+002	6.176667e+003		
8.577970e+002	1.979000e+004		6.856470e+002	3.493333e+003		5.295970e+002	2.224444e+003		2.860970e+002	6.373333e+003		
8.567970e+002	1.998000e+004		6.855970e+002	3.476667e+003		5.295470e+002	2.202222e+003		2.860470e+002	6.383333e+003		
8.557970e+002	1.973000e+004		6.855470e+002	3.506667e+003		5.294970e+002	2.151111e+003		2.859970e+002	6.393333e+003		
8.547970e+002	1.984000e+004		6.854970e+002	3.583333e+003		5.294470e+002	2.071111e+003		2.859470e+002	6.453333e+003		
8.537970e+002	1.956000e+004		6.854470e+002	3.326667e+003		5.293970e+002	2.100000e+003		2.858970e+002	6.470000e+003		
8.527970e+002	1.843000e+004		6.853970e+002	3.390000e+003		5.293470e+002	2.044444e+003		2.858470e+002	6.606667e+003		
8.517970e+002	1.830000e+004		6.853470e+002	3.366667e+003		5.292970e+002	2.006667e+003		2.857970e+002	6.573333e+003		
8.507970e+002	1.872000e+004		6.852970e+002	3.460000e+003		5.292470e+002	2.086667e+003		2.857470e+002	6.530000e+003		
8.497970e+002	1.831000e+004		6.852470e+002	3.400000e+003		5.291970e+002	2.060000e+003		2.856970e+002	6.733333e+003		
8.487970e+002	1.816000e+004		6.851970e+002	3.416667e+003		5.291470e+002	2.084444e+003		2.856470e+002	6.980000e+003		
8.477970e+002	1.778000e+004		6.851470e+002	3.260000e+003		5.290970e+002	2.113333e+003		2.855970e+002	7.053333e+003		
8.467970e+002	1.812000e+004		6.850970e+002	3.423333e+003		5.290470e+002	2.093333e+003		2.855470e+002	7.060000e+003		
8.457970e+002	1.707000e+004		6.850470e+002	3.070000e+003		5.289970e+002	1.966667e+003		2.854970e+002	7.336667e+003		
8.447970e+002	1.627000e+004		6.849970e+002	3.130000e+003		5.289470e+002	1.948889e+003		2.854470e+002	7.226667e+003		
8.437970e+002	1.663000e+004		6.849470e+002	3.300000e+003		5.288970e+002	2.044444e+003		2.853970e+002	7.416667e+003		
8.427970e+002	1.676000e+004		6.848970e+002	3.413333e+003		5.288470e+002	2.088889e+003		2.853470e+002	7.550000e+003		
8.417970e+002	1.676000e+004		6.848470e+002	3.470000e+003		5.287970e+002	2.053333e+003		2.852970e+002	7.810000e+003		
8.407970e+002	1.686000e+004		6.847970e+002	3.373333e+003		5.287470e+002	2.082222e+003		2.852470e+002	7.910000e+003		
8.397970e+002	1.693000e+004		6.847470e+002	3.193333e+003		5.286970e+002	2.055556e+003		2.851970e+002	8.190000e+003		
8.387970e+002	1.737000e+004		6.846970e+002	3.330000e+003		5.286470e+002	2.055556e+003		2.851470e+002	8.393333e+003		
8.377970e+002	1.885000e+004		6.846470e+002	3.190000e+003		5.285970e+002	1.986667e+003		2.850970e+002	8.430000e+003		
8.367970e+002	2.024000e+004		6.845970e+002	3.313333e+003		5.285470e+002	2.097778e+003		2.850470e+002	8.663333e+003		
8.357970e+002	2.144000e+004		6.845470e+002	3.333333e+003		5.284970e+002	1.944444e+003		2.849970e+002	8.993333e+003		
8.347970e+002	2.182000e+004		6.844970e+002	3.103333e+003		5.284470e+002	2.040000e+003		2.849470e+002	9.283333e+003		
8.337970e+002	2.271000e+004		6.844470e+002	3.066667e+003		5.283970e+002	1.917778e+003		2.848970e+002	9.023333e+003		
8.327970e+002	2.415000e+004		6.843970e+002	3.296667e+003		5.283470e+002	2.040000e+003		2.848470e+002	9.333333e+003		
8.317970e+002	2.384000e+004		6.843470e+002	3.140000e+003		5.282970e+002	1.984444e+003		2.847970e+002	9.483333e+003		
8.307970e+002	2.256000e+004		6.842970e+002	3.153333e+003		5.282470e+002	2.015556e+003		2.847470e+002	9.426667e+003		
8.297970e+002	2.053000e+004		6.842470e+002	3.236667e+003		5.281970e+002	2.037778e+003		2.846970e+002	9.790000e+003		
8.287970e+002	1.939000e+004		6.841970e+002	3.146667e+003		5.281470e+002	2.026667e+003		2.846470e+002	9.743333e+003		
8.277970e+002	1.904000e+004		6.841470e+002	3.190000e+003		5.280970e+002	2.102222e+003		2.845970e+002	9.973333e+003		
8.267970e+002	1.788000e+004		6.840970e+002	3.136667e+003		5.280470e+002	1.991111e+003		2.845470e+002	9.726667e+003		
8.257970e+002	1.722000e+004		6.840470e+002	3.150000e+003		5.279970e+002	2.077778e+003		2.844970e+002	9.753333e+003		
8.247970e+002	1.635000e+004		6.839970e+002	3.130000e+003		5.279470e+002	1.993333e+003		2.844470e+002	9.443333e+003		
8.237970e+002	1.543000e+004		6.839470e+002	3.063333e+003		5.278970e+002	2.051111e+003		2.843970e+002	9.073333e+003		
8.227970e+002	1.517000e+004		6.838970e+002	3.210000e+003		5.278470e+002	1.971111e+003		2.843470e+002	8.993333e+003		
8.217970e+002	1.498000e+004		6.838470e+002	3.216667e+003		5.277970e+002	1.851111e+003		2.842970e+002	8.626667e+003		
8.207970e+002	1.418000e+004		6.837970e+002	3.106667e+003		5.277470e+002	1.995556e+003		2.842470e+002	8.670000e+003		
8.197970e+002	1.455000e+004		6.837470e+002	2.916667e+003		5.276970e+002	2.108889e+003		2.841970e+002	8.043333e+003		
8.187970e+002	1.382000e+004		6.836970e+002	3.043333e+003		5.276470e+002	1.926667e+003		2.841470e+002	7.530000e+003		
8.177970e+002	1.454000e+004		6.836470e+002	3.056667e+003		5.275970e+002	1.962222e+003		2.840970e+002	7.306667e+003		
8.167970e+002	1.427000e+004		6.835970e+002	3.076667e+003		5.275470e+002	1.962222e+003		2.840470e+002	6.650000e+003		
8.157970e+002	1.371000e+004		6.835470e+002	3.213333e+003		5.274970e+002	1.951111e+003		2.839970e+002	6.206667e+003		
8.147970e+002	1.354000e+004		6.834970e+002	3.090000e+003		5.274470e+002	1.986667e+003		2.839470e+002	5.700000e+003		
8.137970e+002	1.376000e+004		6.834470e+002	3.176667e+003		5.273970e+002	1.960000e+003		2.838970e+002	5.313333e+003		
8.127970e+002	1.417000e+004		6.833970e+002	3.096667e+003		5.273470e+002	1.982222e+003		2.838470e+002	4.900000e+003		
8.117970e+002	1.366000e+004		6.833470e+002	3.126667e+003		5.272970e+002	2.004444e+003		2.837970e+002	4.380000e+003		
8.107970e+002	1.373000e+004		6.832970e+002	3.183333e+003		5.272470e+002	2.033333e+003		2.837470e+002	3.986667e+003		
8.097970e+002	1.353000e+004		6.832470e+002	3.313333e+003		5.271970e+002	1.928889e+003		2.836970e+002	3.616667e+003		
8.087970e+002	1.376000e+004		6.831970e+002	3.200000e+003		5.271470e+002	1.924444e+003		2.836470e+002	3.200000e+003		
8.077970e+002	1.369000e+004		6.831470e+002	3.126667e+003		5.270970e+002	2.004444e+003		2.835970e+002	2.906667e+003		
8.067970e+002	1.344000e+004		6.830970e+002	3.296667e+003		5.270470e+002	1.964444e+003		2.835470e+002	2.573333e+003		
8.057970e+002	1.347000e+004		6.830470e+002	3.313333e+003		5.269970e+002	2.022222e+003		2.834970e+002	2.286667e+003		
8.047970e+002	1.320000e+004		6.829970e+002	3.093333e+003		5.269470e+002	2.066667e+003		2.834470e+002	1.983333e+003		
8.037970e+002	1.343000e+004		6.829470e+002	3.200000e+003		5.268970e+002	1.962222e+003		2.833970e+002	1.766667e+003		
8.027970e+002	1.339000e+004		6.828970e+002	3.113333e+003		5.268470e+002	1.944444e+003		2.833470e+002	1.653333e+003		
8.017970e+002	1.328000e+004		6.828470e+002	3.280000e+003		5.267970e+002	2.013333e+003		2.832970e+002	1.473333e+003		
8.007970e+002	1.359000e+004		6.827970e+002	3.183333e+003		5.267470e+002	1.951111e+003		2.832470e+002	1.410000e+003		
7.997970e+002	1.393000e+004		6.827470e+002	3.020000e+003		5.266970e+002	1.951111e+003		2.831970e+002	1.283333e+003		
7.987970e+002	1.362000e+004		6.826970e+002	2.960000e+003		5.266470e+002	2.028889e+003		2.831470e+002	1.103333e+003		
7.977970e+002	1.399000e+004		6.826470e+002	2.940000e+003		5.265970e+002	1.953333e+003		2.830970e+002	1.110000e+003		
7.967970e+002	1.370000e+004		6.825970e+002	3.183333e+003		5.265470e+002	2.004444e+003		2.830470e+002	9.233333e+002		
7.957970e+002	1.323000e+004		6.825470e+002	3.036667e+003		5.264970e+002	2.011111e+003		2.829970e+002	9.166667e+002		
7.947970e+002	1.375000e+004		6.824970e+002	3.176667e+003		5.264470e+002	1.971111e+003		2.829470e+002	9.100000e+002		
7.937970e+002	1.297000e+004		6.824470e+002	3.206667e+003		5.263970e+002	2.106667e+003		2.828970e+002	8.800000e+002		
7.927970e+002	1.367000e+004		6.823970e+002	3.223333e+003		5.263470e+002	2.055556e+003		2.828470e+002	8.166667e+002		
7.917970e+002	1.353000e+004		6.823470e+002	3.186667e+003		5.262970e+002	2.028889e+003		2.827970e+002	7.833333e+002		
7.907970e+002	1.337000e+004		6.822970e+002	3.136667e+003		5.262470e+002	1.917778e+003		2.827470e+002	7.366667e+002		
7.897970e+002	1.362000e+004		6.822470e+002	3.253333e+003		5.261970e+002	1.928889e+003		2.826970e+002	8.033333e+002		
7.887970e+002	1.353000e+004		6.821970e+002	3.176667e+003		5.261470e+002	1.935556e+003		2.826470e+002	7.466667e+002		
7.877970e+002	1.372000e+004		6.821470e+002	3.320000e+003		5.260970e+002	2.142222e+003		2.825970e+002	7.033333e+002		
7.867970e+002	1.360000e+004		6.820970e+002	3.126667e+003		5.260470e+002	1.968889e+003		2.825470e+002	7.000000e+002		
7.857970e+002	1.344000e+004		6.820470e+002	3.293333e+003		5.259970e+002	1.995556e+003		2.824970e+002	7.766667e+002		
7.847970e+002	1.391000e+004		6.819970e+002	3.096667e+003		5.259470e+002	1.988889e+003		2.824470e+002	7.100000e+002		
7.837970e+002	1.382000e+004		6.819470e+002	3.250000e+003		5.258970e+002	1.993333e+003		2.823970e+002	6.400000e+002		
7.827970e+002	1.312000e+004		6.818970e+002	3.150000e+003		5.258470e+002	1.866667e+003		2.823470e+002	6.533333e+002		
7.817970e+002	1.341000e+004		6.818470e+002	3.063333e+003		5.257970e+002	1.937778e+003		2.822970e+002	7.166667e+002		
7.807970e+002	1.337000e+004		6.817970e+002	3.116667e+003		5.257470e+002	1.957778e+003		2.822470e+002	7.200000e+002		
7.797970e+002	1.326000e+004		6.817470e+002	3.150000e+003		5.256970e+002	1.924444e+003		2.821970e+002	7.100000e+002		
7.787970e+002	1.378000e+004		6.816970e+002	3.183333e+003		5.256470e+002	2.011111e+003		2.821470e+002	6.866667e+002		
7.777970e+002	1.393000e+004		6.816470e+002	3.076667e+003		5.255970e+002	2.008889e+003		2.820970e+002	6.633333e+002		
7.767970e+002	1.381000e+004		6.815970e+002	3.133333e+003		5.255470e+002	1.911111e+003		2.820470e+002	6.733333e+002		
7.757970e+002	1.372000e+004		6.815470e+002	3.056667e+003		5.254970e+002	2.022222e+003		2.819970e+002	7.466667e+002		
7.747970e+002	1.361000e+004		6.814970e+002	3.166667e+003		5.254470e+002	2.037778e+003		2.819470e+002	7.033333e+002		
7.737970e+002	1.373000e+004		6.814470e+002	3.073333e+003		5.253970e+002	1.980000e+003		2.818970e+002	6.933333e+002		
7.727970e+002	1.379000e+004		6.813970e+002	3.110000e+003		5.253470e+002	1.891111e+003		2.818470e+002	6.766667e+002		
7.717970e+002	1.358000e+004		6.813470e+002	3.050000e+003		5.252970e+002	1.977778e+003		2.817970e+002	7.100000e+002		
7.707970e+002	1.328000e+004		6.812970e+002	3.076667e+003		5.252470e+002	1.951111e+003		2.817470e+002	6.933333e+002		
7.697970e+002	1.398000e+004		6.812470e+002	2.990000e+003		5.251970e+002	1.895556e+003		2.816970e+002	6.400000e+002		
7.687970e+002	1.334000e+004		6.811970e+002	3.223333e+003		5.251470e+002	1.957778e+003		2.816470e+002	6.300000e+002		
7.677970e+002	1.349000e+004		6.811470e+002	3.166667e+003		5.250970e+002	2.044444e+003		2.815970e+002	6.366667e+002		
7.667970e+002	1.360000e+004		6.810970e+002	3.150000e+003		5.250470e+002	2.075556e+003		2.815470e+002	6.000000e+002		
7.657970e+002	1.340000e+004		6.810470e+002	2.860000e+003		5.249970e+002	1.940000e+003		2.814970e+002	7.200000e+002		
7.647970e+002	1.380000e+004		6.809970e+002	3.073333e+003		5.249470e+002	1.877778e+003		2.814470e+002	6.300000e+002		
7.637970e+002	1.340000e+004		6.809470e+002	3.093333e+003		5.248970e+002	1.862222e+003		2.813970e+002	6.233333e+002		
7.627970e+002	1.340000e+004		6.808970e+002	3.140000e+003		5.248470e+002	1.944444e+003		2.813470e+002	6.466667e+002		
7.617970e+002	1.325000e+004		6.808470e+002	3.150000e+003		5.247970e+002	1.888889e+003		2.812970e+002	6.433333e+002		
7.607970e+002	1.288000e+004		6.807970e+002	3.043333e+003		5.247470e+002	1.873333e+003		2.812470e+002	6.733333e+002		
7.597970e+002	1.388000e+004		6.807470e+002	2.990000e+003		5.246970e+002	1.980000e+003		2.811970e+002	6.666667e+002		
7.587970e+002	1.343000e+004		6.806970e+002	3.320000e+003		5.246470e+002	1.840000e+003		2.811470e+002	6.800000e+002		
7.577970e+002	1.384000e+004		6.806470e+002	3.033333e+003		5.245970e+002	1.968889e+003		2.810970e+002	6.700000e+002		
7.567970e+002	1.332000e+004		6.805970e+002	3.110000e+003		5.245470e+002	1.895556e+003		2.810470e+002	6.200000e+002		
7.557970e+002	1.370000e+004		6.805470e+002	3.183333e+003		5.244970e+002	2.042222e+003		2.809970e+002	6.000000e+002		
7.547970e+002	1.382000e+004		6.804970e+002	3.243333e+003		5.244470e+002	1.877778e+003		2.809470e+002	6.433333e+002		
7.537970e+002	1.368000e+004		6.804470e+002	3.050000e+003		5.243970e+002	1.955556e+003		2.808970e+002	6.833333e+002		
7.527970e+002	1.369000e+004		6.803970e+002	3.183333e+003		5.243470e+002	1.937778e+003		2.808470e+002	6.433333e+002		
7.517970e+002	1.382000e+004		6.803470e+002	3.113333e+003		5.242970e+002	1.944444e+003		2.807970e+002	6.433333e+002		
7.507970e+002	1.361000e+004		6.802970e+002	3.210000e+003		5.242470e+002	1.973333e+003		2.807470e+002	7.133333e+002		
7.497970e+002	1.297000e+004		6.802470e+002	3.240000e+003		5.241970e+002	2.064444e+003		2.806970e+002	6.866667e+002		
7.487970e+002	1.331000e+004		6.801970e+002	3.120000e+003		5.241470e+002	1.971111e+003		2.806470e+002	6.133333e+002		
7.477970e+002	1.347000e+004		6.801470e+002	3.113333e+003		5.240970e+002	1.793333e+003		2.805970e+002	6.366667e+002		
7.467970e+002	1.369000e+004		6.800970e+002	3.233333e+003		5.240470e+002	2.024444e+003		2.805470e+002	7.233333e+002		
7.457970e+002	1.370000e+004		6.800470e+002	3.163333e+003		5.239970e+002	1.986667e+003		2.804970e+002	6.166667e+002		
7.447970e+002	1.428000e+004		6.799970e+002	3.180000e+003		5.239470e+002	2.040000e+003		2.804470e+002	6.700000e+002		
7.437970e+002	1.341000e+004		6.799470e+002	3.190000e+003		5.238970e+002	1.955556e+003		2.803970e+002	6.566667e+002		
7.427970e+002	1.323000e+004		6.798970e+002	3.053333e+003		5.238470e+002	1.986667e+003		2.803470e+002	5.500000e+002		
7.417970e+002	1.363000e+004		6.798470e+002	3.130000e+003		5.237970e+002	2.000000e+003		2.802970e+002	6.166667e+002		
7.407970e+002	1.350000e+004		6.797970e+002	3.223333e+003					2.802470e+002	6.766667e+002		
7.397970e+002	1.302000e+004		6.797470e+002	3.133333e+003					2.801970e+002	6.066667e+002		
7.387970e+002	1.349000e+004		6.796970e+002	3.170000e+003					2.801470e+002	6.033333e+002		
7.377970e+002	1.352000e+004		6.796470e+002	3.126667e+003					2.800970e+002	6.333333e+002		
7.367970e+002	1.322000e+004		6.795970e+002	3.070000e+003					2.800470e+002	6.433333e+002		
7.357970e+002	1.313000e+004		6.795470e+002	3.073333e+003					2.799970e+002	6.800000e+002		
7.347970e+002	1.358000e+004		6.794970e+002	3.220000e+003					2.799470e+002	7.000000e+002		
7.337970e+002	1.299000e+004		6.794470e+002	3.176667e+003					2.798970e+002	6.966667e+002		
7.327970e+002	1.320000e+004		6.793970e+002	3.053333e+003					2.798470e+002	5.633333e+002		
7.317970e+002	1.260000e+004		6.793470e+002	3.046667e+003					2.797970e+002	5.866667e+002		
7.307970e+002	1.313000e+004		6.792970e+002	3.136667e+003					2.797470e+002	5.800000e+002		
7.297970e+002	1.254000e+004		6.792470e+002	3.230000e+003					2.796970e+002	6.200000e+002		
7.287970e+002	1.312000e+004		6.791970e+002	3.106667e+003					2.796470e+002	6.566667e+002		
7.277970e+002	1.313000e+004		6.791470e+002	3.113333e+003					2.795970e+002	6.133333e+002		
7.267970e+002	1.310000e+004		6.790970e+002	3.123333e+003					2.795470e+002	5.833333e+002		
7.257970e+002	1.333000e+004		6.790470e+002	3.040000e+003					2.794970e+002	6.633333e+002		
7.247970e+002	1.304000e+004		6.789970e+002	3.130000e+003					2.794470e+002	6.633333e+002		
7.237970e+002	1.394000e+004		6.789470e+002	3.096667e+003					2.793970e+002	6.733333e+002		
7.227970e+002	1.416000e+004		6.788970e+002	3.260000e+003					2.793470e+002	6.533333e+002		
7.217970e+002	1.387000e+004		6.788470e+002	3.130000e+003					2.792970e+002	6.666667e+002		
7.207970e+002	1.357000e+004		6.787970e+002	3.116667e+003					2.792470e+002	7.033333e+002		
7.197970e+002	1.380000e+004		6.787470e+002	3.106667e+003					2.791970e+002	6.366667e+002		
7.187970e+002	1.375000e+004		6.786970e+002	3.090000e+003					2.791470e+002	6.233333e+002		
7.177970e+002	1.359000e+004		6.786470e+002	3.196667e+003					2.790970e+002	5.633333e+002		
7.167970e+002	1.361000e+004		6.785970e+002	3.156667e+003					2.790470e+002	6.300000e+002		
7.157970e+002	1.401000e+004		6.785470e+002	3.140000e+003					2.789970e+002	6.633333e+002		
7.147970e+002	1.302000e+004		6.784970e+002	3.080000e+003					2.789470e+002	6.533333e+002		
7.137970e+002	1.321000e+004		6.784470e+002	3.143333e+003					2.788970e+002	6.566667e+002		
7.127970e+002	1.375000e+004		6.783970e+002	3.083333e+003					2.788470e+002	5.866667e+002		
7.117970e+002	1.322000e+004		6.783470e+002	3.133333e+003					2.787970e+002	6.000000e+002		
7.107970e+002	1.346000e+004		6.782970e+002	3.213333e+003					2.787470e+002	6.633333e+002		
7.097970e+002	1.353000e+004		6.782470e+002	3.206667e+003					2.786970e+002	6.166667e+002		
7.087970e+002	1.365000e+004		6.781970e+002	3.080000e+003					2.786470e+002	6.000000e+002		
7.077970e+002	1.310000e+004		6.781470e+002	3.056667e+003					2.785970e+002	6.700000e+002		
7.067970e+002	1.280000e+004		6.780970e+002	2.933333e+003					2.785470e+002	6.100000e+002		
7.057970e+002	1.260000e+004		6.780470e+002	2.833333e+003					2.784970e+002	6.333333e+002		
7.047970e+002	1.191000e+004		6.779970e+002	3.033333e+003					2.784470e+002	6.733333e+002		
7.037970e+002	1.128000e+004		6.779470e+002	3.193333e+003					2.783970e+002	7.233333e+002		
7.027970e+002	1.105000e+004		6.778970e+002	3.240000e+003					2.783470e+002	6.333333e+002		
7.017970e+002	1.068000e+004		6.778470e+002	3.180000e+003					2.782970e+002	6.366667e+002		
7.007970e+002	1.080000e+004		6.777970e+002	3.136667e+003					2.782470e+002	6.966667e+002		
6.997970e+002	1.051000e+004		6.777470e+002	2.983333e+003					2.781970e+002	6.233333e+002		
6.987970e+002	1.033000e+004								2.781470e+002	6.400000e+002		
6.977970e+002	9.580000e+003								2.780970e+002	6.200000e+002		
6.967970e+002	9.290000e+003								2.780470e+002	6.433333e+002		
6.957970e+002	9.010000e+003								2.779970e+002	5.533333e+002		
6.947970e+002	9.390000e+003								2.779470e+002	5.933333e+002		
6.937970e+002	9.520000e+003								2.778970e+002	7.266667e+002		
6.927970e+002	9.180000e+003								2.778470e+002	6.533333e+002		
6.917970e+002	1.010000e+004								2.777970e+002	7.333333e+002		
6.907970e+002	1.276000e+004								2.777470e+002	6.966667e+002		
6.897970e+002	2.235000e+004								2.776970e+002	6.133333e+002		
6.887970e+002	4.600000e+004								2.776470e+002	6.466667e+002		
6.877970e+002	5.329000e+004								2.775970e+002	6.066667e+002		
6.867970e+002	2.794000e+004								2.775470e+002	5.666667e+002		
6.857970e+002	1.207000e+004								2.774970e+002	6.100000e+002		
6.847970e+002	9.020000e+003								2.774470e+002	6.233333e+002		
6.837970e+002	8.620000e+003								2.773970e+002	6.633333e+002		
6.827970e+002	8.620000e+003								2.773470e+002	6.300000e+002		
6.817970e+002	7.880000e+003								2.772970e+002	6.533333e+002		
6.807970e+002	8.270000e+003								2.772470e+002	6.933333e+002		
6.797970e+002	8.280000e+003								2.771970e+002	5.466667e+002		
6.787970e+002	8.530000e+003								2.771470e+002	5.733333e+002		
6.777970e+002	8.410000e+003								2.770970e+002	6.166667e+002		
6.767970e+002	8.080000e+003								2.770470e+002	5.533333e+002		
6.757970e+002	8.160000e+003								2.769970e+002	6.300000e+002		
6.747970e+002	8.570000e+003								2.769470e+002	5.966667e+002		
6.737970e+002	8.640000e+003								2.768970e+002	5.966667e+002		
6.727970e+002	8.710000e+003								2.768470e+002	5.333333e+002		
6.717970e+002	8.350000e+003								2.767970e+002	6.333333e+002		
6.707970e+002	8.270000e+003								2.767470e+002	6.366667e+002		
6.697970e+002	7.940000e+003								2.766970e+002	5.700000e+002		
6.687970e+002	8.130000e+003								2.766470e+002	6.700000e+002		
6.677970e+002	7.680000e+003								2.765970e+002	6.300000e+002		
6.667970e+002	8.050000e+003								2.765470e+002	6.600000e+002		
6.657970e+002	8.110000e+003								2.764970e+002	6.733333e+002		
6.647970e+002	8.250000e+003								2.764470e+002	6.233333e+002		
6.637970e+002	8.110000e+003								2.763970e+002	6.733333e+002		
6.627970e+002	8.480000e+003								2.763470e+002	6.600000e+002		
6.617970e+002	8.270000e+003								2.762970e+002	6.166667e+002		
6.607970e+002	8.240000e+003								2.762470e+002	7.100000e+002		
6.597970e+002	8.540000e+003								2.761970e+002	6.266667e+002		
6.587970e+002	8.560000e+003								2.761470e+002	6.400000e+002		
6.577970e+002	8.870000e+003								2.760970e+002	6.500000e+002		
6.567970e+002	8.620000e+003								2.760470e+002	6.700000e+002		
6.557970e+002	8.200000e+003								2.759970e+002	6.800000e+002		
6.547970e+002	8.790000e+003								2.759470e+002	6.600000e+002		
6.537970e+002	8.770000e+003								2.758970e+002	6.633333e+002		
6.527970e+002	7.900000e+003								2.758470e+002	6.033333e+002		
6.517970e+002	8.850000e+003								2.757970e+002	6.800000e+002		
6.507970e+002	8.530000e+003								2.757470e+002	6.200000e+002		
6.497970e+002	8.530000e+003								2.756970e+002	5.433333e+002		
6.487970e+002	8.520000e+003								2.756470e+002	6.133333e+002		
6.477970e+002	8.630000e+003								2.755970e+002	6.366667e+002		
6.467970e+002	8.340000e+003								2.755470e+002	6.400000e+002		
6.457970e+002	8.530000e+003								2.754970e+002	6.133333e+002		
6.447970e+002	8.500000e+003								2.754470e+002	6.266667e+002		
6.437970e+002	8.370000e+003								2.753970e+002	6.266667e+002		
6.427970e+002	8.670000e+003								2.753470e+002	6.300000e+002		
6.417970e+002	8.940000e+003								2.752970e+002	6.400000e+002		
6.407970e+002	9.140000e+003											
6.397970e+002	9.010000e+003											
6.387970e+002	9.020000e+003											
6.377970e+002	9.370000e+003											
6.367970e+002	8.800000e+003											
6.357970e+002	8.760000e+003											
6.347970e+002	9.110000e+003											
6.337970e+002	8.930000e+003											
6.327970e+002	8.880000e+003											
6.317970e+002	8.690000e+003											
6.307970e+002	8.800000e+003											
6.297970e+002	8.640000e+003											
6.287970e+002	8.780000e+003											
6.277970e+002	8.750000e+003											
6.267970e+002	8.870000e+003											
6.257970e+002	9.080000e+003											
6.247970e+002	9.010000e+003											
6.237970e+002	8.640000e+003											
6.227970e+002	8.510000e+003											
6.217970e+002	9.070000e+003											
6.207970e+002	8.970000e+003											
6.197970e+002	9.000000e+003											
6.187970e+002	8.760000e+003											
6.177970e+002	9.390000e+003											
6.167970e+002	9.010000e+003											
6.157970e+002	9.090000e+003											
6.147970e+002	8.780000e+003											
6.137970e+002	8.990000e+003											
6.127970e+002	8.730000e+003											
6.117970e+002	8.990000e+003											
6.107970e+002	8.830000e+003											
6.097970e+002	9.290000e+003											
6.087970e+002	9.250000e+003											
6.077970e+002	9.010000e+003											
6.067970e+002	9.100000e+003											
6.057970e+002	9.240000e+003											
6.047970e+002	9.180000e+003											
6.037970e+002	8.390000e+003											
6.027970e+002	9.110000e+003											
6.017970e+002	8.920000e+003											
6.007970e+002	8.920000e+003											
5.997970e+002	9.460000e+003											
5.987970e+002	8.980000e+003											
5.977970e+002	8.950000e+003											
5.967970e+002	9.630000e+003											
5.957970e+002	9.450000e+003											
5.947970e+002	9.170000e+003											
5.937970e+002	9.110000e+003											
5.927970e+002	9.490000e+003											
5.917970e+002	9.370000e+003											
5.907970e+002	9.520000e+003											
5.897970e+002	9.620000e+003											
5.887970e+002	9.540000e+003											
5.877970e+002	9.140000e+003											
5.867970e+002	8.940000e+003											
5.857970e+002	9.220000e+003											
5.847970e+002	9.800000e+003											
5.837970e+002	9.880000e+003											
5.827970e+002	9.480000e+003											
5.817970e+002	9.130000e+003											
5.807970e+002	9.340000e+003											
5.797970e+002	9.650000e+003											
5.787970e+002	9.600000e+003											
5.777970e+002	9.890000e+003											
5.767970e+002	9.830000e+003											
5.757970e+002	9.770000e+003											
5.747970e+002	1.000000e+004											
5.737970e+002	9.650000e+003											
5.727970e+002	9.860000e+003											
5.717970e+002	9.560000e+003											
5.707970e+002	9.770000e+003											
5.697970e+002	9.860000e+003											
5.687970e+002	9.370000e+003											
5.677970e+002	9.130000e+003											
5.667970e+002	9.580000e+003											
5.657970e+002	9.630000e+003											
5.647970e+002	9.860000e+003											
5.637970e+002	9.800000e+003											
5.627970e+002	9.850000e+003											
5.617970e+002	9.810000e+003											
5.607970e+002	9.940000e+003											
5.597970e+002	1.033000e+004											
5.587970e+002	1.073000e+004											
5.577970e+002	1.082000e+004											
5.567970e+002	1.099000e+004											
5.557970e+002	1.066000e+004											
5.547970e+002	1.068000e+004											
5.537970e+002	1.053000e+004											
5.527970e+002	1.037000e+004											
5.517970e+002	9.590000e+003											
5.507970e+002	9.640000e+003											
5.497970e+002	9.540000e+003											
5.487970e+002	8.600000e+003											
5.477970e+002	8.850000e+003											
5.467970e+002	8.570000e+003											
5.457970e+002	7.930000e+003											
5.447970e+002	8.000000e+003											
5.437970e+002	7.580000e+003											
5.427970e+002	7.050000e+003											
5.417970e+002	6.680000e+003											
5.407970e+002	6.410000e+003											
5.397970e+002	6.130000e+003											
5.387970e+002	5.900000e+003											
5.377970e+002	6.030000e+003											
5.367970e+002	6.480000e+003											
5.357970e+002	7.610000e+003											
5.347970e+002	1.152000e+004											
5.337970e+002	2.094000e+004											
5.327970e+002	3.154000e+004											
5.317970e+002	3.425000e+004											
5.307970e+002	2.175000e+004											
5.297970e+002	9.290000e+003											
5.287970e+002	5.880000e+003											
5.277970e+002	5.430000e+003											
5.267970e+002	5.070000e+003											
5.257970e+002	5.190000e+003											
5.247970e+002	5.170000e+003											
5.237970e+002	5.240000e+003											
5.227970e+002	5.360000e+003											
5.217970e+002	5.500000e+003											
5.207970e+002	5.080000e+003											
5.197970e+002	5.380000e+003											
5.187970e+002	5.240000e+003											
5.177970e+002	4.790000e+003											
5.167970e+002	5.330000e+003											
5.157970e+002	5.430000e+003											
5.147970e+002	5.490000e+003											
5.137970e+002	5.470000e+003											
5.127970e+002	5.220000e+003											
5.117970e+002	5.450000e+003											
5.107970e+002	5.060000e+003											
5.097970e+002	5.440000e+003											
5.087970e+002	5.330000e+003											
5.077970e+002	5.190000e+003											
5.067970e+002	5.380000e+003											
5.057970e+002	5.400000e+003											
5.047970e+002	5.650000e+003											
5.037970e+002	5.160000e+003											
5.027970e+002	5.380000e+003											
5.017970e+002	5.330000e+003											
5.007970e+002	5.360000e+003											
4.997970e+002	5.080000e+003											
4.987970e+002	5.180000e+003											
4.977970e+002	5.410000e+003											
4.967970e+002	5.800000e+003											
4.957970e+002	5.360000e+003											
4.947970e+002	5.070000e+003											
4.937970e+002	4.880000e+003											
4.927970e+002	5.300000e+003											
4.917970e+002	5.410000e+003											
4.907970e+002	5.280000e+003											
4.897970e+002	5.400000e+003											
4.887970e+002	5.420000e+003											
4.877970e+002	5.260000e+003											
4.867970e+002	5.260000e+003											
4.857970e+002	5.290000e+003											
4.847970e+002	5.370000e+003											
4.837970e+002	5.720000e+003											
4.827970e+002	5.410000e+003											
4.817970e+002	5.500000e+003											
4.807970e+002	5.450000e+003											
4.797970e+002	5.510000e+003											
4.787970e+002	5.270000e+003											
4.777970e+002	5.440000e+003											
4.767970e+002	5.140000e+003											
4.757970e+002	5.530000e+003											
4.747970e+002	5.450000e+003											
4.737970e+002	5.200000e+003											
4.727970e+002	5.730000e+003											
4.717970e+002	5.670000e+003											
4.707970e+002	5.680000e+003											
4.697970e+002	5.460000e+003											
4.687970e+002	5.320000e+003											
4.677970e+002	5.570000e+003											
4.667970e+002	5.670000e+003											
4.657970e+002	5.650000e+003											
4.647970e+002	5.570000e+003											
4.637970e+002	5.580000e+003											
4.627970e+002	5.490000e+003											
4.617970e+002	5.600000e+003											
4.607970e+002	5.520000e+003											
4.597970e+002	5.810000e+003											
4.587970e+002	5.810000e+003											
4.577970e+002	5.620000e+003											
4.567970e+002	5.630000e+003											
4.557970e+002	5.770000e+003											
4.547970e+002	5.640000e+003											
4.537970e+002	5.610000e+003											
4.527970e+002	5.710000e+003											
4.517970e+002	5.510000e+003											
4.507970e+002	5.520000e+003											
4.497970e+002	5.490000e+003											
4.487970e+002	5.820000e+003											
4.477970e+002	5.530000e+003											
4.467970e+002	5.440000e+003											
4.457970e+002	5.530000e+003											
4.447970e+002	5.760000e+003											
4.437970e+002	5.300000e+003											
4.427970e+002	5.680000e+003											
4.417970e+002	5.560000e+003											
4.407970e+002	5.560000e+003											
4.397970e+002	5.510000e+003											
4.387970e+002	5.770000e+003											
4.377970e+002	5.810000e+003											
4.367970e+002	5.710000e+003											
4.357970e+002	5.460000e+003											
4.347970e+002	5.540000e+003											
4.337970e+002	5.650000e+003											
4.327970e+002	5.880000e+003											
4.317970e+002	5.810000e+003											
4.307970e+002	5.510000e+003											
4.297970e+002	5.960000e+003											
4.287970e+002	5.740000e+003											
4.277970e+002	5.980000e+003											
4.267970e+002	5.640000e+003											
4.257970e+002	5.750000e+003											
4.247970e+002	5.950000e+003											
4.237970e+002	5.600000e+003											
4.227970e+002	6.000000e+003											
4.217970e+002	5.830000e+003											
4.207970e+002	5.930000e+003											
4.197970e+002	5.860000e+003											
4.187970e+002	5.520000e+003											
4.177970e+002	5.700000e+003											
4.167970e+002	5.900000e+003											
4.157970e+002	5.650000e+003											
4.147970e+002	5.670000e+003											
4.137970e+002	5.610000e+003											
4.127970e+002	5.460000e+003											
4.117970e+002	5.420000e+003											
4.107970e+002	5.040000e+003											
4.097970e+002	5.320000e+003											
4.087970e+002	5.390000e+003											
4.077970e+002	5.590000e+003											
4.067970e+002	5.600000e+003											
4.057970e+002	5.080000e+003											
4.047970e+002	5.280000e+003											
4.037970e+002	5.820000e+003											
4.027970e+002	7.010000e+003											
4.017970e+002	8.540000e+003											
4.007970e+002	8.610000e+003											
3.997970e+002	7.440000e+003											
3.987970e+002	5.820000e+003											
3.977970e+002	5.730000e+003											
3.967970e+002	5.260000e+003											
3.957970e+002	5.360000e+003											
3.947970e+002	5.090000e+003											
3.937970e+002	5.260000e+003											
3.927970e+002	5.820000e+003											
3.917970e+002	5.540000e+003											
3.907970e+002	5.470000e+003											
3.897970e+002	5.260000e+003											
3.887970e+002	5.430000e+003											
3.877970e+002	5.260000e+003											
3.867970e+002	5.440000e+003											
3.857970e+002	5.390000e+003											
3.847970e+002	5.450000e+003											
3.837970e+002	5.470000e+003											
3.827970e+002	5.550000e+003											
3.817970e+002	5.020000e+003											
3.807970e+002	5.380000e+003											
3.797970e+002	5.500000e+003											
3.787970e+002	5.500000e+003											
3.777970e+002	5.330000e+003											
3.767970e+002	5.470000e+003											
3.757970e+002	5.550000e+003											
3.747970e+002	5.110000e+003											
3.737970e+002	5.120000e+003											
3.727970e+002	5.400000e+003											
3.717970e+002	5.350000e+003											
3.707970e+002	5.350000e+003											
3.697970e+002	5.570000e+003											
3.687970e+002	5.430000e+003											
3.677970e+002	5.300000e+003											
3.667970e+002	5.780000e+003											
3.657970e+002	5.680000e+003											
3.647970e+002	5.810000e+003											
3.637970e+002	5.330000e+003											
3.627970e+002	5.660000e+003											
3.617970e+002	5.520000e+003											
3.607970e+002	5.920000e+003											
3.597970e+002	5.550000e+003											
3.587970e+002	5.680000e+003											
3.577970e+002	5.610000e+003											
3.567970e+002	5.750000e+003											
3.557970e+002	5.530000e+003											
3.547970e+002	5.930000e+003											
3.537970e+002	5.800000e+003											
3.527970e+002	5.580000e+003											
3.517970e+002	5.700000e+003											
3.507970e+002	5.580000e+003											
3.497970e+002	5.770000e+003											
3.487970e+002	5.810000e+003											
3.477970e+002	5.940000e+003											
3.467970e+002	5.570000e+003											
3.457970e+002	5.690000e+003											
3.447970e+002	5.660000e+003											
3.437970e+002	6.000000e+003											
3.427970e+002	5.460000e+003											
3.417970e+002	5.720000e+003											
3.407970e+002	5.680000e+003											
3.397970e+002	6.060000e+003											
3.387970e+002	5.860000e+003											
3.377970e+002	5.680000e+003											
3.367970e+002	6.010000e+003											
3.357970e+002	6.090000e+003											
3.347970e+002	5.770000e+003											
3.337970e+002	5.860000e+003											
3.327970e+002	5.720000e+003											
3.317970e+002	6.220000e+003											
3.307970e+002	6.160000e+003											
3.297970e+002	6.030000e+003											
3.287970e+002	5.670000e+003											
3.277970e+002	5.580000e+003											
3.267970e+002	5.800000e+003											
3.257970e+002	6.110000e+003											
3.247970e+002	6.170000e+003											
3.237970e+002	6.290000e+003											
3.227970e+002	5.970000e+003											
3.217970e+002	6.220000e+003											
3.207970e+002	6.400000e+003											
3.197970e+002	6.600000e+003											
3.187970e+002	6.410000e+003											
3.177970e+002	6.350000e+003											
3.167970e+002	6.300000e+003											
3.157970e+002	6.350000e+003											
3.147970e+002	6.230000e+003											
3.137970e+002	6.710000e+003											
3.127970e+002	6.650000e+003											
3.117970e+002	6.280000e+003											
3.107970e+002	6.430000e+003											
3.097970e+002	6.320000e+003											
3.087970e+002	6.270000e+003											
3.077970e+002	6.060000e+003											
3.067970e+002	6.060000e+003											
3.057970e+002	5.780000e+003											
3.047970e+002	5.660000e+003											
3.037970e+002	5.580000e+003											
3.027970e+002	5.230000e+003											
3.017970e+002	4.920000e+003											
3.007970e+002	5.220000e+003											
2.997970e+002	4.720000e+003											
2.987970e+002	3.990000e+003											
2.977970e+002	4.110000e+003											
2.967970e+002	3.740000e+003											
2.957970e+002	3.350000e+003											
2.947970e+002	3.160000e+003											
2.937970e+002	3.420000e+003											
2.927970e+002	3.800000e+003											
2.917970e+002	5.190000e+003											
2.907970e+002	8.350000e+003											
2.897970e+002	1.600000e+004											
2.887970e+002	1.739000e+004											
2.877970e+002	9.820000e+003											
2.867970e+002	1.118000e+004											
2.857970e+002	1.613000e+004											
2.847970e+002	2.013000e+004											
2.837970e+002	1.614000e+004											
2.827970e+002	5.130000e+003											
2.817970e+002	2.050000e+003											
2.807970e+002	1.790000e+003											
2.797970e+002	1.610000e+003											
2.787970e+002	1.750000e+003											
2.777970e+002	1.830000e+003											
2.767970e+002	1.700000e+003											
2.757970e+002	1.670000e+003											
2.747970e+002	1.790000e+003											
2.737970e+002	1.770000e+003											
2.727970e+002	1.770000e+003											
2.717970e+002	1.710000e+003											
2.707970e+002	1.600000e+003											
2.697970e+002	1.870000e+003											
2.687970e+002	1.880000e+003											
2.677970e+002	1.750000e+003											
2.667970e+002	1.740000e+003											
2.657970e+002	1.870000e+003											
2.647970e+002	2.060000e+003											
2.637970e+002	1.890000e+003											
2.627970e+002	1.700000e+003											
2.617970e+002	1.680000e+003											
2.607970e+002	1.820000e+003											
2.597970e+002	1.810000e+003											
2.587970e+002	2.090000e+003											
2.577970e+002	1.810000e+003											
2.567970e+002	1.830000e+003											
2.557970e+002	1.870000e+003											
2.547970e+002	1.910000e+003											
2.537970e+002	2.070000e+003											
2.527970e+002	1.920000e+003											
2.517970e+002	1.830000e+003											
2.507970e+002	1.670000e+003											
2.497970e+002	2.050000e+003											
2.487970e+002	1.750000e+003											
2.477970e+002	1.510000e+003											
2.467970e+002	1.610000e+003											
2.457970e+002	1.720000e+003											
2.447970e+002	1.820000e+003											
2.437970e+002	1.570000e+003											
2.427970e+002	1.650000e+003											
2.417970e+002	1.400000e+003											
2.407970e+002	1.470000e+003											
2.397970e+002	1.660000e+003											
2.387970e+002	1.790000e+003											
2.377970e+002	1.710000e+003											
2.367970e+002	1.670000e+003											
2.357970e+002	1.880000e+003											
2.347970e+002	2.400000e+003											
2.337970e+002	3.720000e+003											
2.327970e+002	4.300000e+003											
2.317970e+002	4.210000e+003											
2.307970e+002	2.610000e+003											
2.297970e+002	1.890000e+003											
2.287970e+002	1.780000e+003											
2.277970e+002	1.860000e+003											
2.267970e+002	1.620000e+003											
2.257970e+002	1.590000e+003											
2.247970e+002	1.470000e+003											
2.237970e+002	1.490000e+003											
2.227970e+002	1.570000e+003											
2.217970e+002	1.480000e+003											
2.207970e+002	1.290000e+003											
2.197970e+002	1.770000e+003											
2.187970e+002	1.600000e+003											
2.177970e+002	1.470000e+003											
2.167970e+002	1.570000e+003											
2.157970e+002	1.430000e+003											
2.147970e+002	1.310000e+003											
2.137970e+002	1.490000e+003											
2.127970e+002	1.540000e+003											
2.117970e+002	1.540000e+003											
2.107970e+002	1.510000e+003											
2.097970e+002	1.520000e+003											
2.087970e+002	1.610000e+003											
2.077970e+002	1.590000e+003											
2.067970e+002	1.430000e+003											
2.057970e+002	1.390000e+003											
2.047970e+002	1.510000e+003											
2.037970e+002	1.580000e+003											
2.027970e+002	1.640000e+003											
2.017970e+002	1.450000e+003											
2.007970e+002	1.640000e+003											
1.997970e+002	1.460000e+003											
1.987970e+002	1.710000e+003											
1.977970e+002	1.720000e+003											
1.967970e+002	1.590000e+003											
1.957970e+002	1.560000e+003											
1.947970e+002	1.410000e+003											
1.937970e+002	1.530000e+003											
1.927970e+002	1.870000e+003											
1.917970e+002	1.730000e+003											
1.907970e+002	1.580000e+003											
1.897970e+002	1.830000e+003											
1.887970e+002	1.760000e+003											
1.877970e+002	1.350000e+003											
1.867970e+002	1.640000e+003											
1.857970e+002	1.660000e+003											
1.847970e+002	1.560000e+003											
1.837970e+002	1.280000e+003											
1.827970e+002	1.230000e+003											
1.817970e+002	1.350000e+003											
1.807970e+002	9.800000e+002											
1.797970e+002	1.050000e+003											
1.787970e+002	1.040000e+003											
1.777970e+002	1.070000e+003											
1.767970e+002	1.140000e+003											
1.757970e+002	1.090000e+003											
1.747970e+002	1.120000e+003											
1.737970e+002	1.080000e+003											
1.727970e+002	1.100000e+003											
1.717970e+002	1.340000e+003											
1.707970e+002	2.300000e+003											
1.697970e+002	4.870000e+003											
1.687970e+002	5.680000e+003											
1.677970e+002	4.340000e+003											
1.667970e+002	1.840000e+003											
1.657970e+002	1.060000e+003											
1.647970e+002	1.100000e+003											
1.637970e+002	8.900000e+002											
1.627970e+002	1.000000e+003											
1.617970e+002	1.020000e+003											
1.607970e+002	9.700000e+002											
1.597970e+002	9.800000e+002											
1.587970e+002	1.050000e+003											
1.577970e+002	1.040000e+003											
1.567970e+002	9.300000e+002											
1.557970e+002	1.040000e+003											
1.547970e+002	1.000000e+003											
1.537970e+002	9.800000e+002											
1.527970e+002	8.500000e+002											
1.517970e+002	8.900000e+002											
1.507970e+002	9.700000e+002											
1.497970e+002	1.000000e+003											
1.487970e+002	1.020000e+003											
1.477970e+002	9.300000e+002											
1.467970e+002	1.000000e+003											
1.457970e+002	1.040000e+003											
1.447970e+002	9.600000e+002											
1.437970e+002	1.030000e+003											
1.427970e+002	1.050000e+003											
1.417970e+002	1.100000e+003											
1.407970e+002	9.600000e+002											
1.397970e+002	9.500000e+002											
1.387970e+002	1.010000e+003											
1.377970e+002	9.400000e+002											
1.367970e+002	9.400000e+002											
1.357970e+002	1.000000e+003											
1.347970e+002	1.050000e+003											
1.337970e+002	1.070000e+003											
1.327970e+002	9.700000e+002											
1.317970e+002	1.050000e+003											
1.307970e+002	1.060000e+003											
1.297970e+002	1.000000e+003											
1.287970e+002	1.020000e+003											
1.277970e+002	9.100000e+002											
1.267970e+002	9.800000e+002											
1.257970e+002	9.200000e+002											
1.247970e+002	1.000000e+003											
1.237970e+002	9.800000e+002											
1.227970e+002	1.130000e+003											
1.217970e+002	9.900000e+002											
1.207970e+002	9.000000e+002											
1.197970e+002	1.060000e+003											
1.187970e+002	1.000000e+003											
1.177970e+002	1.070000e+003											
1.167970e+002	8.600000e+002											
1.157970e+002	1.030000e+003											
1.147970e+002	7.400000e+002											
1.137970e+002	8.700000e+002											
1.127970e+002	1.130000e+003											
1.117970e+002	1.050000e+003											
1.107970e+002	1.030000e+003											
1.097970e+002	1.100000e+003											
1.087970e+002	9.300000e+002											
1.077970e+002	1.000000e+003											
1.067970e+002	1.020000e+003											
1.057970e+002	1.030000e+003											
1.047970e+002	1.020000e+003											
1.037970e+002	1.040000e+003											
1.027970e+002	1.010000e+003											
1.017970e+002	1.090000e+003											
1.007970e+002	1.000000e+003											
9.979700e+001	1.050000e+003											
9.879700e+001	1.030000e+003											
9.779700e+001	1.030000e+003											
9.679700e+001	1.040000e+003											
9.579700e+001	1.030000e+003											
9.479700e+001	1.210000e+003											
9.379700e+001	9.500000e+002											
9.279700e+001	9.800000e+002											
9.179700e+001	1.030000e+003											
9.079700e+001	1.250000e+003											
8.979700e+001	1.010000e+003											
8.879700e+001	1.030000e+003											
8.779700e+001	1.040000e+003											
8.679700e+001	1.010000e+003											
8.579700e+001	1.100000e+003											
8.479700e+001	1.010000e+003											
8.379700e+001	1.190000e+003											
8.279700e+001	9.200000e+002											
8.179700e+001	9.900000e+002											
8.079700e+001	8.700000e+002											
7.979700e+001	9.400000e+002											
7.879700e+001	9.900000e+002											
7.779700e+001	9.300000e+002											
7.679700e+001	1.140000e+003											
7.579700e+001	9.900000e+002											
7.479700e+001	1.140000e+003											
7.379700e+001	1.040000e+003											
7.279700e+001	1.140000e+003											
7.179700e+001	1.050000e+003											
7.079700e+001	1.050000e+003											
6.979700e+001	1.000000e+003											
6.879700e+001	8.600000e+002											
6.779700e+001	1.220000e+003											
6.679700e+001	1.010000e+003											
6.579700e+001	9.400000e+002											
6.479700e+001	1.070000e+003											
6.379700e+001	1.060000e+003											
6.279700e+001	1.140000e+003											
6.179700e+001	1.150000e+003											
6.079700e+001	8.900000e+002											
5.979700e+001	1.200000e+003											
5.879700e+001	1.070000e+003											
5.779700e+001	1.000000e+003											
5.679700e+001	1.150000e+003											
5.579700e+001	1.330000e+003											
5.479700e+001	1.270000e+003											
5.379700e+001	1.110000e+003											
5.279700e+001	1.170000e+003											
5.179700e+001	9.200000e+002											
5.079700e+001	1.070000e+003											
4.979700e+001	1.110000e+003											
4.879700e+001	8.400000e+002											
4.779700e+001	1.000000e+003											
4.679700e+001	9.500000e+002											
4.579700e+001	9.800000e+002											
4.479700e+001	8.400000e+002											
4.379700e+001	9.300000e+002											
4.279700e+001	8.800000e+002											
4.179700e+001	8.800000e+002											
4.079700e+001	9.600000e+002											
3.979700e+001	8.900000e+002											
3.879700e+001	8.100000e+002											
3.779700e+001	9.400000e+002											
3.679700e+001	9.700000e+002											
3.579700e+001	1.460000e+003											
3.479700e+001	2.170000e+003											
3.379700e+001	2.310000e+003											
3.279700e+001	2.060000e+003											
3.179700e+001	1.490000e+003											
3.079700e+001	1.110000e+003											
2.979700e+001	1.160000e+003											
2.879700e+001	1.230000e+003											
2.779700e+001	1.030000e+003											
2.679700e+001	1.030000e+003											
2.579700e+001	1.140000e+003											
2.479700e+001	1.060000e+003											
2.379700e+001	9.400000e+002											
2.279700e+001	7.400000e+002											
2.179700e+001	7.400000e+002											
2.079700e+001	7.600000e+002											
1.979700e+001	7.400000e+002											
1.879700e+001	6.600000e+002											
1.779700e+001	8.300000e+002											
1.679700e+001	7.100000e+002											
1.579700e+001	7.300000e+002											
1.479700e+001	8.500000e+002											
1.379700e+001	9.700000e+002											
1.279700e+001	8.500000e+002											
1.179700e+001	8.400000e+002											
1.079700e+001	1.010000e+003											
9.797000e+000	1.150000e+003											
8.797000e+000	8.400000e+002											
7.797000e+000	6.300000e+002											
6.797000e+000	3.600000e+002											
5.797000e+000	4.000000e+002											
4.797000e+000	2.900000e+002											
3.797000e+000	2.000000e+002											
2.797000e+000	4.000000e+001											
1.797000e+000	5.000000e+001											