B.E.	wide/2:CPS		B.E.	F 1s/5:CPS		B.E.	O 1s/6:CPS		B.E.	C 1s/7:CPS		
1.102150e+003	2.898000e+004		6.982000e+002	4.326667e+003		5.421500e+002	2.362222e+003		2.986500e+002	1.446667e+003		
1.101150e+003	2.948000e+004		6.981500e+002	4.333333e+003		5.421000e+002	2.457778e+003		2.986000e+002	1.386667e+003		
1.100150e+003	2.948000e+004		6.981000e+002	4.223333e+003		5.420500e+002	2.495556e+003		2.985500e+002	1.433333e+003		
1.099150e+003	2.892000e+004		6.980500e+002	4.186667e+003		5.420000e+002	2.317778e+003		2.985000e+002	1.443333e+003		
1.098150e+003	2.935000e+004		6.980000e+002	4.316667e+003		5.419500e+002	2.435556e+003		2.984500e+002	1.276667e+003		
1.097150e+003	2.851000e+004		6.979500e+002	4.296667e+003		5.419000e+002	2.455556e+003		2.984000e+002	1.390000e+003		
1.096150e+003	2.956000e+004		6.979000e+002	4.116667e+003		5.418500e+002	2.528889e+003		2.983500e+002	1.416667e+003		
1.095150e+003	2.933000e+004		6.978500e+002	4.046667e+003		5.418000e+002	2.380000e+003		2.983000e+002	1.403333e+003		
1.094150e+003	2.970000e+004		6.978000e+002	4.010000e+003		5.417500e+002	2.353333e+003		2.982500e+002	1.420000e+003		
1.093150e+003	2.897000e+004		6.977500e+002	3.970000e+003		5.417000e+002	2.433333e+003		2.982000e+002	1.370000e+003		
1.092150e+003	2.984000e+004		6.977000e+002	3.823333e+003		5.416500e+002	2.606667e+003		2.981500e+002	1.343333e+003		
1.091150e+003	3.013000e+004		6.976500e+002	4.000000e+003		5.416000e+002	2.437778e+003		2.981000e+002	1.310000e+003		
1.090150e+003	2.952000e+004		6.976000e+002	3.903333e+003		5.415500e+002	2.384444e+003		2.980500e+002	1.290000e+003		
1.089150e+003	2.858000e+004		6.975500e+002	3.813333e+003		5.415000e+002	2.340000e+003		2.980000e+002	1.326667e+003		
1.088150e+003	2.888000e+004		6.975000e+002	3.870000e+003		5.414500e+002	2.337778e+003		2.979500e+002	1.363333e+003		
1.087150e+003	2.981000e+004		6.974500e+002	3.863333e+003		5.414000e+002	2.482222e+003		2.979000e+002	1.270000e+003		
1.086150e+003	2.962000e+004		6.974000e+002	3.936667e+003		5.413500e+002	2.426667e+003		2.978500e+002	1.250000e+003		
1.085150e+003	2.986000e+004		6.973500e+002	3.906667e+003		5.413000e+002	2.375556e+003		2.978000e+002	1.376667e+003		
1.084150e+003	2.925000e+004		6.973000e+002	3.936667e+003		5.412500e+002	2.428889e+003		2.977500e+002	1.253333e+003		
1.083150e+003	2.979000e+004		6.972500e+002	3.826667e+003		5.412000e+002	2.435556e+003		2.977000e+002	1.273333e+003		
1.082150e+003	2.923000e+004		6.972000e+002	3.780000e+003		5.411500e+002	2.446667e+003		2.976500e+002	1.283333e+003		
1.081150e+003	2.937000e+004		6.971500e+002	3.506667e+003		5.411000e+002	2.417778e+003		2.976000e+002	1.290000e+003		
1.080150e+003	2.975000e+004		6.971000e+002	3.600000e+003		5.410500e+002	2.417778e+003		2.975500e+002	1.276667e+003		
1.079150e+003	2.908000e+004		6.970500e+002	3.486667e+003		5.410000e+002	2.382222e+003		2.975000e+002	1.346667e+003		
1.078150e+003	2.887000e+004		6.970000e+002	3.820000e+003		5.409500e+002	2.362222e+003		2.974500e+002	1.116667e+003		
1.077150e+003	2.971000e+004		6.969500e+002	3.536667e+003		5.409000e+002	2.351111e+003		2.974000e+002	1.236667e+003		
1.076150e+003	3.003000e+004		6.969000e+002	3.490000e+003		5.408500e+002	2.371111e+003		2.973500e+002	1.190000e+003		
1.075150e+003	3.008000e+004		6.968500e+002	3.636667e+003		5.408000e+002	2.286667e+003		2.973000e+002	1.280000e+003		
1.074150e+003	2.986000e+004		6.968000e+002	3.583333e+003		5.407500e+002	2.395556e+003		2.972500e+002	1.266667e+003		
1.073150e+003	2.940000e+004		6.967500e+002	3.523333e+003		5.407000e+002	2.326667e+003		2.972000e+002	1.263333e+003		
1.072150e+003	2.918000e+004		6.967000e+002	3.593333e+003		5.406500e+002	2.368889e+003		2.971500e+002	1.183333e+003		
1.071150e+003	2.999000e+004		6.966500e+002	3.613333e+003		5.406000e+002	2.324444e+003		2.971000e+002	1.243333e+003		
1.070150e+003	2.960000e+004		6.966000e+002	3.576667e+003		5.405500e+002	2.420000e+003		2.970500e+002	1.113333e+003		
1.069150e+003	2.919000e+004		6.965500e+002	3.343333e+003		5.405000e+002	2.348889e+003		2.970000e+002	1.213333e+003		
1.068150e+003	3.054000e+004		6.965000e+002	3.563333e+003		5.404500e+002	2.517778e+003		2.969500e+002	1.210000e+003		
1.067150e+003	3.025000e+004		6.964500e+002	3.386667e+003		5.404000e+002	2.371111e+003		2.969000e+002	1.216667e+003		
1.066150e+003	2.982000e+004		6.964000e+002	3.330000e+003		5.403500e+002	2.388889e+003		2.968500e+002	1.120000e+003		
1.065150e+003	2.922000e+004		6.963500e+002	3.420000e+003		5.403000e+002	2.377778e+003		2.968000e+002	1.093333e+003		
1.064150e+003	2.981000e+004		6.963000e+002	3.310000e+003		5.402500e+002	2.335556e+003		2.967500e+002	1.153333e+003		
1.063150e+003	3.044000e+004		6.962500e+002	3.466667e+003		5.402000e+002	2.357778e+003		2.967000e+002	1.160000e+003		
1.062150e+003	2.995000e+004		6.962000e+002	3.313333e+003		5.401500e+002	2.353333e+003		2.966500e+002	1.163333e+003		
1.061150e+003	3.120000e+004		6.961500e+002	3.406667e+003		5.401000e+002	2.388889e+003		2.966000e+002	1.193333e+003		
1.060150e+003	3.078000e+004		6.961000e+002	3.260000e+003		5.400500e+002	2.373333e+003		2.965500e+002	1.130000e+003		
1.059150e+003	3.023000e+004		6.960500e+002	3.260000e+003		5.400000e+002	2.413333e+003		2.965000e+002	1.113333e+003		
1.058150e+003	2.973000e+004		6.960000e+002	3.396667e+003		5.399500e+002	2.422222e+003		2.964500e+002	1.136667e+003		
1.057150e+003	3.064000e+004		6.959500e+002	3.433333e+003		5.399000e+002	2.400000e+003		2.964000e+002	1.103333e+003		
1.056150e+003	3.057000e+004		6.959000e+002	3.346667e+003		5.398500e+002	2.433333e+003		2.963500e+002	1.190000e+003		
1.055150e+003	3.043000e+004		6.958500e+002	3.413333e+003		5.398000e+002	2.386667e+003		2.963000e+002	1.193333e+003		
1.054150e+003	2.932000e+004		6.958000e+002	3.376667e+003		5.397500e+002	2.455556e+003		2.962500e+002	1.206667e+003		
1.053150e+003	3.028000e+004		6.957500e+002	3.243333e+003		5.397000e+002	2.355556e+003		2.962000e+002	1.233333e+003		
1.052150e+003	3.023000e+004		6.957000e+002	3.146667e+003		5.396500e+002	2.333333e+003		2.961500e+002	1.090000e+003		
1.051150e+003	3.008000e+004		6.956500e+002	3.403333e+003		5.396000e+002	2.346667e+003		2.961000e+002	1.136667e+003		
1.050150e+003	3.037000e+004		6.956000e+002	3.426667e+003		5.395500e+002	2.446667e+003		2.960500e+002	1.080000e+003		
1.049150e+003	3.040000e+004		6.955500e+002	3.400000e+003		5.395000e+002	2.451111e+003		2.960000e+002	1.110000e+003		
1.048150e+003	2.952000e+004		6.955000e+002	3.346667e+003		5.394500e+002	2.435556e+003		2.959500e+002	1.060000e+003		
1.047150e+003	2.929000e+004		6.954500e+002	3.250000e+003		5.394000e+002	2.444444e+003		2.959000e+002	1.206667e+003		
1.046150e+003	3.019000e+004		6.954000e+002	3.270000e+003		5.393500e+002	2.320000e+003		2.958500e+002	1.083333e+003		
1.045150e+003	3.066000e+004		6.953500e+002	3.250000e+003		5.393000e+002	2.268889e+003		2.958000e+002	1.096667e+003		
1.044150e+003	3.045000e+004		6.953000e+002	3.493333e+003		5.392500e+002	2.344444e+003		2.957500e+002	1.143333e+003		
1.043150e+003	3.043000e+004		6.952500e+002	3.270000e+003		5.392000e+002	2.371111e+003		2.957000e+002	1.113333e+003		
1.042150e+003	3.071000e+004		6.952000e+002	3.510000e+003		5.391500e+002	2.426667e+003		2.956500e+002	1.086667e+003		
1.041150e+003	3.094000e+004		6.951500e+002	3.456667e+003		5.391000e+002	2.293333e+003		2.956000e+002	1.013333e+003		
1.040150e+003	3.104000e+004		6.951000e+002	3.323333e+003		5.390500e+002	2.364444e+003		2.955500e+002	1.063333e+003		
1.039150e+003	3.147000e+004		6.950500e+002	3.420000e+003		5.390000e+002	2.346667e+003		2.955000e+002	1.146667e+003		
1.038150e+003	3.105000e+004		6.950000e+002	3.350000e+003		5.389500e+002	2.293333e+003		2.954500e+002	1.010000e+003		
1.037150e+003	3.161000e+004		6.949500e+002	3.400000e+003		5.389000e+002	2.326667e+003		2.954000e+002	1.073333e+003		
1.036150e+003	3.124000e+004		6.949000e+002	3.273333e+003		5.388500e+002	2.380000e+003		2.953500e+002	1.063333e+003		
1.035150e+003	3.117000e+004		6.948500e+002	3.210000e+003		5.388000e+002	2.231111e+003		2.953000e+002	1.013333e+003		
1.034150e+003	3.156000e+004		6.948000e+002	3.270000e+003		5.387500e+002	2.368889e+003		2.952500e+002	9.666667e+002		
1.033150e+003	3.105000e+004		6.947500e+002	3.320000e+003		5.387000e+002	2.413333e+003		2.952000e+002	9.333333e+002		
1.032150e+003	3.117000e+004		6.947000e+002	3.373333e+003		5.386500e+002	2.408889e+003		2.951500e+002	1.000000e+003		
1.031150e+003	3.096000e+004		6.946500e+002	3.350000e+003		5.386000e+002	2.386667e+003		2.951000e+002	9.566667e+002		
1.030150e+003	3.102000e+004		6.946000e+002	3.400000e+003		5.385500e+002	2.393333e+003		2.950500e+002	1.056667e+003		
1.029150e+003	3.122000e+004		6.945500e+002	3.403333e+003		5.385000e+002	2.226667e+003		2.950000e+002	1.040000e+003		
1.028150e+003	3.057000e+004		6.945000e+002	3.250000e+003		5.384500e+002	2.404444e+003		2.949500e+002	1.050000e+003		
1.027150e+003	3.129000e+004		6.944500e+002	3.296667e+003		5.384000e+002	2.280000e+003		2.949000e+002	1.033333e+003		
1.026150e+003	3.130000e+004		6.944000e+002	3.353333e+003		5.383500e+002	2.373333e+003		2.948500e+002	1.093333e+003		
1.025150e+003	3.180000e+004		6.943500e+002	3.463333e+003		5.383000e+002	2.264444e+003		2.948000e+002	9.500000e+002		
1.024150e+003	3.194000e+004		6.943000e+002	3.343333e+003		5.382500e+002	2.386667e+003		2.947500e+002	1.080000e+003		
1.023150e+003	3.156000e+004		6.942500e+002	3.320000e+003		5.382000e+002	2.348889e+003		2.947000e+002	1.060000e+003		
1.022150e+003	3.217000e+004		6.942000e+002	3.306667e+003		5.381500e+002	2.468889e+003		2.946500e+002	9.600000e+002		
1.021150e+003	3.202000e+004		6.941500e+002	3.366667e+003		5.381000e+002	2.304444e+003		2.946000e+002	9.733333e+002		
1.020150e+003	3.252000e+004		6.941000e+002	3.340000e+003		5.380500e+002	2.313333e+003		2.945500e+002	9.466667e+002		
1.019150e+003	3.182000e+004		6.940500e+002	3.520000e+003		5.380000e+002	2.437778e+003		2.945000e+002	1.066667e+003		
1.018150e+003	3.151000e+004		6.940000e+002	3.436667e+003		5.379500e+002	2.513333e+003		2.944500e+002	9.033333e+002		
1.017150e+003	3.113000e+004		6.939500e+002	3.273333e+003		5.379000e+002	2.386667e+003		2.944000e+002	9.766667e+002		
1.016150e+003	3.113000e+004		6.939000e+002	3.383333e+003		5.378500e+002	2.355556e+003		2.943500e+002	9.400000e+002		
1.015150e+003	3.193000e+004		6.938500e+002	3.283333e+003		5.378000e+002	2.573333e+003		2.943000e+002	1.003333e+003		
1.014150e+003	3.168000e+004		6.938000e+002	3.293333e+003		5.377500e+002	2.342222e+003		2.942500e+002	9.366667e+002		
1.013150e+003	3.176000e+004		6.937500e+002	3.276667e+003		5.377000e+002	2.391111e+003		2.942000e+002	9.466667e+002		
1.012150e+003	3.198000e+004		6.937000e+002	3.356667e+003		5.376500e+002	2.333333e+003		2.941500e+002	9.400000e+002		
1.011150e+003	3.308000e+004		6.936500e+002	3.503333e+003		5.376000e+002	2.426667e+003		2.941000e+002	1.040000e+003		
1.010150e+003	3.227000e+004		6.936000e+002	3.396667e+003		5.375500e+002	2.322222e+003		2.940500e+002	1.040000e+003		
1.009150e+003	3.187000e+004		6.935500e+002	3.373333e+003		5.375000e+002	2.333333e+003		2.940000e+002	1.006667e+003		
1.008150e+003	3.189000e+004		6.935000e+002	3.483333e+003		5.374500e+002	2.442222e+003		2.939500e+002	1.100000e+003		
1.007150e+003	3.236000e+004		6.934500e+002	3.326667e+003		5.374000e+002	2.386667e+003		2.939000e+002	1.016667e+003		
1.006150e+003	3.257000e+004		6.934000e+002	3.376667e+003		5.373500e+002	2.422222e+003		2.938500e+002	9.500000e+002		
1.005150e+003	3.225000e+004		6.933500e+002	3.456667e+003		5.373000e+002	2.386667e+003		2.938000e+002	9.366667e+002		
1.004150e+003	3.186000e+004		6.933000e+002	3.320000e+003		5.372500e+002	2.346667e+003		2.937500e+002	1.036667e+003		
1.003150e+003	3.290000e+004		6.932500e+002	3.286667e+003		5.372000e+002	2.304444e+003		2.937000e+002	1.156667e+003		
1.002150e+003	3.235000e+004		6.932000e+002	3.390000e+003		5.371500e+002	2.404444e+003		2.936500e+002	1.103333e+003		
1.001150e+003	3.232000e+004		6.931500e+002	3.500000e+003		5.371000e+002	2.375556e+003		2.936000e+002	1.003333e+003		
1.000150e+003	3.208000e+004		6.931000e+002	3.573333e+003		5.370500e+002	2.493333e+003		2.935500e+002	9.766667e+002		
9.991500e+002	3.130000e+004		6.930500e+002	3.616667e+003		5.370000e+002	2.302222e+003		2.935000e+002	1.136667e+003		
9.981500e+002	3.173000e+004		6.930000e+002	3.536667e+003		5.369500e+002	2.424444e+003		2.934500e+002	1.120000e+003		
9.971500e+002	3.233000e+004		6.929500e+002	3.366667e+003		5.369000e+002	2.466667e+003		2.934000e+002	1.160000e+003		
9.961500e+002	3.281000e+004		6.929000e+002	3.333333e+003		5.368500e+002	2.420000e+003		2.933500e+002	1.070000e+003		
9.951500e+002	3.259000e+004		6.928500e+002	3.513333e+003		5.368000e+002	2.331111e+003		2.933000e+002	1.093333e+003		
9.941500e+002	3.148000e+004		6.928000e+002	3.710000e+003		5.367500e+002	2.404444e+003		2.932500e+002	1.070000e+003		
9.931500e+002	3.219000e+004		6.927500e+002	3.610000e+003		5.367000e+002	2.540000e+003		2.932000e+002	1.020000e+003		
9.921500e+002	3.273000e+004		6.927000e+002	3.700000e+003		5.366500e+002	2.515556e+003		2.931500e+002	1.066667e+003		
9.911500e+002	3.279000e+004		6.926500e+002	3.510000e+003		5.366000e+002	2.340000e+003		2.931000e+002	1.140000e+003		
9.901500e+002	3.259000e+004		6.926000e+002	3.690000e+003		5.365500e+002	2.362222e+003		2.930500e+002	1.203333e+003		
9.891500e+002	3.194000e+004		6.925500e+002	3.640000e+003		5.365000e+002	2.444444e+003		2.930000e+002	1.166667e+003		
9.881500e+002	3.171000e+004		6.925000e+002	3.766667e+003		5.364500e+002	2.435556e+003		2.929500e+002	1.100000e+003		
9.871500e+002	3.298000e+004		6.924500e+002	3.616667e+003		5.364000e+002	2.426667e+003		2.929000e+002	1.180000e+003		
9.861500e+002	3.273000e+004		6.924000e+002	3.770000e+003		5.363500e+002	2.406667e+003		2.928500e+002	1.260000e+003		
9.851500e+002	3.251000e+004		6.923500e+002	3.736667e+003		5.363000e+002	2.442222e+003		2.928000e+002	1.253333e+003		
9.841500e+002	3.177000e+004		6.923000e+002	3.913333e+003		5.362500e+002	2.542222e+003		2.927500e+002	1.306667e+003		
9.831500e+002	3.190000e+004		6.922500e+002	3.946667e+003		5.362000e+002	2.462222e+003		2.927000e+002	1.413333e+003		
9.821500e+002	3.237000e+004		6.922000e+002	3.870000e+003		5.361500e+002	2.557778e+003		2.926500e+002	1.386667e+003		
9.811500e+002	3.205000e+004		6.921500e+002	3.890000e+003		5.361000e+002	2.488889e+003		2.926000e+002	1.420000e+003		
9.801500e+002	3.338000e+004		6.921000e+002	3.673333e+003		5.360500e+002	2.620000e+003		2.925500e+002	1.510000e+003		
9.791500e+002	3.294000e+004		6.920500e+002	3.630000e+003		5.360000e+002	2.593333e+003		2.925000e+002	1.586667e+003		
9.781500e+002	3.374000e+004		6.920000e+002	3.726667e+003		5.359500e+002	2.528889e+003		2.924500e+002	1.703333e+003		
9.771500e+002	3.387000e+004		6.919500e+002	3.710000e+003		5.359000e+002	2.728889e+003		2.924000e+002	1.776667e+003		
9.761500e+002	3.380000e+004		6.919000e+002	3.890000e+003		5.358500e+002	2.693333e+003		2.923500e+002	1.826667e+003		
9.751500e+002	3.254000e+004		6.918500e+002	4.133333e+003		5.358000e+002	2.657778e+003		2.923000e+002	2.016667e+003		
9.741500e+002	3.315000e+004		6.918000e+002	3.930000e+003		5.357500e+002	2.608889e+003		2.922500e+002	2.043333e+003		
9.731500e+002	3.273000e+004		6.917500e+002	4.016667e+003		5.357000e+002	2.668889e+003		2.922000e+002	2.143333e+003		
9.721500e+002	3.346000e+004		6.917000e+002	3.906667e+003		5.356500e+002	2.686667e+003		2.921500e+002	2.220000e+003		
9.711500e+002	3.292000e+004		6.916500e+002	3.963333e+003		5.356000e+002	2.713333e+003		2.921000e+002	2.470000e+003		
9.701500e+002	3.254000e+004		6.916000e+002	4.170000e+003		5.355500e+002	2.688889e+003		2.920500e+002	2.570000e+003		
9.691500e+002	3.254000e+004		6.915500e+002	4.183333e+003		5.355000e+002	2.791111e+003		2.920000e+002	2.743333e+003		
9.681500e+002	3.161000e+004		6.915000e+002	4.006667e+003		5.354500e+002	2.786667e+003		2.919500e+002	2.720000e+003		
9.671500e+002	3.147000e+004		6.914500e+002	4.236667e+003		5.354000e+002	3.011111e+003		2.919000e+002	2.800000e+003		
9.661500e+002	3.109000e+004		6.914000e+002	4.016667e+003		5.353500e+002	2.982222e+003		2.918500e+002	2.910000e+003		
9.651500e+002	3.100000e+004		6.913500e+002	4.100000e+003		5.353000e+002	2.906667e+003		2.918000e+002	2.946667e+003		
9.641500e+002	3.051000e+004		6.913000e+002	4.430000e+003		5.352500e+002	2.891111e+003		2.917500e+002	2.966667e+003		
9.631500e+002	3.074000e+004		6.912500e+002	4.523333e+003		5.352000e+002	2.995556e+003		2.917000e+002	2.916667e+003		
9.621500e+002	3.056000e+004		6.912000e+002	4.406667e+003		5.351500e+002	3.117778e+003		2.916500e+002	2.866667e+003		
9.611500e+002	3.128000e+004		6.911500e+002	4.740000e+003		5.351000e+002	3.108889e+003		2.916000e+002	2.906667e+003		
9.601500e+002	3.118000e+004		6.911000e+002	4.706667e+003		5.350500e+002	3.242222e+003		2.915500e+002	2.893333e+003		
9.591500e+002	3.076000e+004		6.910500e+002	4.800000e+003		5.350000e+002	3.351111e+003		2.915000e+002	2.990000e+003		
9.581500e+002	3.115000e+004		6.910000e+002	4.830000e+003		5.349500e+002	3.362222e+003		2.914500e+002	2.886667e+003		
9.571500e+002	3.124000e+004		6.909500e+002	4.866667e+003		5.349000e+002	3.406667e+003		2.914000e+002	2.856667e+003		
9.561500e+002	3.200000e+004		6.909000e+002	4.910000e+003		5.348500e+002	3.602222e+003		2.913500e+002	2.876667e+003		
9.551500e+002	3.027000e+004		6.908500e+002	4.980000e+003		5.348000e+002	3.651111e+003		2.913000e+002	2.873333e+003		
9.541500e+002	3.086000e+004		6.908000e+002	5.423333e+003		5.347500e+002	3.760000e+003		2.912500e+002	2.780000e+003		
9.531500e+002	3.072000e+004		6.907500e+002	5.890000e+003		5.347000e+002	3.684444e+003		2.912000e+002	2.933333e+003		
9.521500e+002	3.073000e+004		6.907000e+002	5.773333e+003		5.346500e+002	3.886667e+003		2.911500e+002	3.043333e+003		
9.511500e+002	3.035000e+004		6.906500e+002	6.073333e+003		5.346000e+002	4.002222e+003		2.911000e+002	2.953333e+003		
9.501500e+002	3.021000e+004		6.906000e+002	6.676667e+003		5.345500e+002	4.182222e+003		2.910500e+002	3.303333e+003		
9.491500e+002	3.183000e+004		6.905500e+002	6.846667e+003		5.345000e+002	4.311111e+003		2.910000e+002	3.603333e+003		
9.481500e+002	3.208000e+004		6.905000e+002	7.076667e+003		5.344500e+002	4.446667e+003		2.909500e+002	3.806667e+003		
9.471500e+002	3.180000e+004		6.904500e+002	7.766667e+003		5.344000e+002	4.662222e+003		2.909000e+002	4.170000e+003		
9.461500e+002	3.193000e+004		6.904000e+002	7.806667e+003		5.343500e+002	4.835556e+003		2.908500e+002	4.273333e+003		
9.451500e+002	3.042000e+004		6.903500e+002	8.600000e+003		5.343000e+002	4.962222e+003		2.908000e+002	4.826667e+003		
9.441500e+002	3.139000e+004		6.903000e+002	9.086667e+003		5.342500e+002	5.344444e+003		2.907500e+002	5.186667e+003		
9.431500e+002	3.126000e+004		6.902500e+002	1.004333e+004		5.342000e+002	5.435556e+003		2.907000e+002	6.040000e+003		
9.421500e+002	3.086000e+004		6.902000e+002	1.058000e+004		5.341500e+002	5.515556e+003		2.906500e+002	6.743333e+003		
9.411500e+002	3.215000e+004		6.901500e+002	1.113333e+004		5.341000e+002	5.877778e+003		2.906000e+002	7.700000e+003		
9.401500e+002	3.130000e+004		6.901000e+002	1.234000e+004		5.340500e+002	6.155556e+003		2.905500e+002	8.460000e+003		
9.391500e+002	3.105000e+004		6.900500e+002	1.337333e+004		5.340000e+002	6.355556e+003		2.905000e+002	9.506667e+003		
9.381500e+002	3.162000e+004		6.900000e+002	1.430000e+004		5.339500e+002	6.464444e+003		2.904500e+002	1.057000e+004		
9.371500e+002	3.203000e+004		6.899500e+002	1.544667e+004		5.339000e+002	6.706667e+003		2.904000e+002	1.195667e+004		
9.361500e+002	3.226000e+004		6.899000e+002	1.716333e+004		5.338500e+002	6.975556e+003		2.903500e+002	1.312333e+004		
9.351500e+002	3.162000e+004		6.898500e+002	1.876333e+004		5.338000e+002	7.177778e+003		2.903000e+002	1.425000e+004		
9.341500e+002	3.109000e+004		6.898000e+002	2.032000e+004		5.337500e+002	7.115556e+003		2.902500e+002	1.547333e+004		
9.331500e+002	3.134000e+004		6.897500e+002	2.182000e+004		5.337000e+002	7.586667e+003		2.902000e+002	1.668667e+004		
9.321500e+002	3.134000e+004		6.897000e+002	2.350333e+004		5.336500e+002	7.497778e+003		2.901500e+002	1.804000e+004		
9.311500e+002	3.078000e+004		6.896500e+002	2.613333e+004		5.336000e+002	7.671111e+003		2.901000e+002	1.923333e+004		
9.301500e+002	3.168000e+004		6.896000e+002	2.814667e+004		5.335500e+002	8.168889e+003		2.900500e+002	2.033333e+004		
9.291500e+002	3.221000e+004		6.895500e+002	3.056000e+004		5.335000e+002	8.044444e+003		2.900000e+002	2.130000e+004		
9.281500e+002	3.264000e+004		6.895000e+002	3.298333e+004		5.334500e+002	8.146667e+003		2.899500e+002	2.217000e+004		
9.271500e+002	3.184000e+004		6.894500e+002	3.590667e+004		5.334000e+002	8.204444e+003		2.899000e+002	2.292667e+004		
9.261500e+002	3.227000e+004		6.894000e+002	3.907000e+004		5.333500e+002	8.088889e+003		2.898500e+002	2.296667e+004		
9.251500e+002	3.158000e+004		6.893500e+002	4.199000e+004		5.333000e+002	8.266667e+003		2.898000e+002	2.309333e+004		
9.241500e+002	3.174000e+004		6.893000e+002	4.479333e+004		5.332500e+002	8.495556e+003		2.897500e+002	2.265333e+004		
9.231500e+002	3.235000e+004		6.892500e+002	4.748333e+004		5.332000e+002	8.482222e+003		2.897000e+002	2.216333e+004		
9.221500e+002	3.194000e+004		6.892000e+002	5.062667e+004		5.331500e+002	8.333333e+003		2.896500e+002	2.160000e+004		
9.211500e+002	3.336000e+004		6.891500e+002	5.314333e+004		5.331000e+002	8.246667e+003		2.896000e+002	2.126000e+004		
9.201500e+002	3.326000e+004		6.891000e+002	5.666667e+004		5.330500e+002	8.377778e+003		2.895500e+002	2.025667e+004		
9.191500e+002	3.183000e+004		6.890500e+002	5.990667e+004		5.330000e+002	8.435556e+003		2.895000e+002	1.903000e+004		
9.181500e+002	3.181000e+004		6.890000e+002	6.254667e+004		5.329500e+002	8.222222e+003		2.894500e+002	1.815333e+004		
9.171500e+002	3.262000e+004		6.889500e+002	6.513000e+004		5.329000e+002	8.286667e+003		2.894000e+002	1.685333e+004		
9.161500e+002	3.299000e+004		6.889000e+002	6.761000e+004		5.328500e+002	8.082222e+003		2.893500e+002	1.548667e+004		
9.151500e+002	3.254000e+004		6.888500e+002	6.916000e+004		5.328000e+002	8.064444e+003		2.893000e+002	1.383333e+004		
9.141500e+002	3.232000e+004		6.888000e+002	7.138000e+004		5.327500e+002	7.991111e+003		2.892500e+002	1.278333e+004		
9.131500e+002	3.282000e+004		6.887500e+002	7.354000e+004		5.327000e+002	8.042222e+003		2.892000e+002	1.149667e+004		
9.121500e+002	3.234000e+004		6.887000e+002	7.476000e+004		5.326500e+002	7.924444e+003		2.891500e+002	1.034667e+004		
9.111500e+002	3.245000e+004		6.886500e+002	7.546667e+004		5.326000e+002	7.766667e+003		2.891000e+002	9.560000e+003		
9.101500e+002	3.252000e+004		6.886000e+002	7.534667e+004		5.325500e+002	7.646667e+003		2.890500e+002	8.343333e+003		
9.091500e+002	3.242000e+004		6.885500e+002	7.577333e+004		5.325000e+002	7.595556e+003		2.890000e+002	7.486667e+003		
9.081500e+002	3.242000e+004		6.885000e+002	7.521000e+004		5.324500e+002	7.277778e+003		2.889500e+002	6.920000e+003		
9.071500e+002	3.259000e+004		6.884500e+002	7.435333e+004		5.324000e+002	7.364444e+003		2.889000e+002	6.440000e+003		
9.061500e+002	3.268000e+004		6.884000e+002	7.295333e+004		5.323500e+002	7.097778e+003		2.888500e+002	5.903333e+003		
9.051500e+002	3.223000e+004		6.883500e+002	7.192667e+004		5.323000e+002	7.308889e+003		2.888000e+002	5.360000e+003		
9.041500e+002	3.246000e+004		6.883000e+002	7.014667e+004		5.322500e+002	6.948889e+003		2.887500e+002	4.930000e+003		
9.031500e+002	3.251000e+004		6.882500e+002	6.826333e+004		5.322000e+002	6.791111e+003		2.887000e+002	4.466667e+003		
9.021500e+002	3.244000e+004		6.882000e+002	6.454000e+004		5.321500e+002	6.731111e+003		2.886500e+002	4.220000e+003		
9.011500e+002	3.209000e+004		6.881500e+002	6.267000e+004		5.321000e+002	6.413333e+003		2.886000e+002	4.123333e+003		
9.001500e+002	3.098000e+004		6.881000e+002	5.883333e+004		5.320500e+002	6.691111e+003		2.885500e+002	3.750000e+003		
8.991500e+002	3.231000e+004		6.880500e+002	5.580000e+004		5.320000e+002	6.600000e+003		2.885000e+002	3.653333e+003		
8.981500e+002	3.289000e+004		6.880000e+002	5.268667e+004		5.319500e+002	6.242222e+003		2.884500e+002	3.480000e+003		
8.971500e+002	3.325000e+004		6.879500e+002	4.928000e+004		5.319000e+002	6.231111e+003		2.884000e+002	3.463333e+003		
8.961500e+002	3.283000e+004		6.879000e+002	4.638667e+004		5.318500e+002	6.122222e+003		2.883500e+002	3.213333e+003		
8.951500e+002	3.330000e+004		6.878500e+002	4.299333e+004		5.318000e+002	5.871111e+003		2.883000e+002	3.290000e+003		
8.941500e+002	3.265000e+004		6.878000e+002	3.915000e+004		5.317500e+002	5.813333e+003		2.882500e+002	3.026667e+003		
8.931500e+002	3.291000e+004		6.877500e+002	3.600000e+004		5.317000e+002	5.451111e+003		2.882000e+002	3.063333e+003		
8.921500e+002	3.345000e+004		6.877000e+002	3.266667e+004		5.316500e+002	5.428889e+003		2.881500e+002	3.280000e+003		
8.911500e+002	3.320000e+004		6.876500e+002	3.073667e+004		5.316000e+002	5.113333e+003		2.881000e+002	3.083333e+003		
8.901500e+002	3.351000e+004		6.876000e+002	2.840000e+004		5.315500e+002	4.951111e+003		2.880500e+002	3.310000e+003		
8.891500e+002	3.293000e+004		6.875500e+002	2.550667e+004		5.315000e+002	4.911111e+003		2.880000e+002	3.290000e+003		
8.881500e+002	3.287000e+004		6.875000e+002	2.303667e+004		5.314500e+002	4.697778e+003		2.879500e+002	3.360000e+003		
8.871500e+002	3.382000e+004		6.874500e+002	2.106333e+004		5.314000e+002	4.615556e+003		2.879000e+002	3.526667e+003		
8.861500e+002	3.407000e+004		6.874000e+002	1.925000e+004		5.313500e+002	4.511111e+003		2.878500e+002	3.653333e+003		
8.851500e+002	3.362000e+004		6.873500e+002	1.736667e+004		5.313000e+002	4.311111e+003		2.878000e+002	3.613333e+003		
8.841500e+002	3.506000e+004		6.873000e+002	1.618000e+004		5.312500e+002	3.971111e+003		2.877500e+002	3.696667e+003		
8.831500e+002	3.456000e+004		6.872500e+002	1.464667e+004		5.312000e+002	3.948889e+003		2.877000e+002	3.730000e+003		
8.821500e+002	3.374000e+004		6.872000e+002	1.347333e+004		5.311500e+002	3.680000e+003		2.876500e+002	3.696667e+003		
8.811500e+002	3.501000e+004		6.871500e+002	1.264333e+004		5.311000e+002	3.497778e+003		2.876000e+002	3.840000e+003		
8.801500e+002	3.491000e+004		6.871000e+002	1.154333e+004		5.310500e+002	3.257778e+003		2.875500e+002	3.740000e+003		
8.791500e+002	3.501000e+004		6.870500e+002	1.045333e+004		5.310000e+002	3.155556e+003		2.875000e+002	3.843333e+003		
8.781500e+002	3.521000e+004		6.870000e+002	9.880000e+003		5.309500e+002	3.202222e+003		2.874500e+002	3.830000e+003		
8.771500e+002	3.445000e+004		6.869500e+002	9.023333e+003		5.309000e+002	3.113333e+003		2.874000e+002	3.906667e+003		
8.761500e+002	3.404000e+004		6.869000e+002	8.296667e+003		5.308500e+002	3.046667e+003		2.873500e+002	3.950000e+003		
8.751500e+002	3.406000e+004		6.868500e+002	7.930000e+003		5.308000e+002	2.944444e+003		2.873000e+002	3.816667e+003		
8.741500e+002	3.423000e+004		6.868000e+002	7.546667e+003		5.307500e+002	2.788889e+003		2.872500e+002	3.743333e+003		
8.731500e+002	3.373000e+004		6.867500e+002	7.060000e+003		5.307000e+002	2.688889e+003		2.872000e+002	3.586667e+003		
8.721500e+002	3.350000e+004		6.867000e+002	6.516667e+003		5.306500e+002	2.628889e+003		2.871500e+002	3.626667e+003		
8.711500e+002	3.283000e+004		6.866500e+002	6.136667e+003		5.306000e+002	2.624444e+003		2.871000e+002	3.750000e+003		
8.701500e+002	3.304000e+004		6.866000e+002	5.866667e+003		5.305500e+002	2.593333e+003		2.870500e+002	3.676667e+003		
8.691500e+002	3.344000e+004		6.865500e+002	5.496667e+003		5.305000e+002	2.506667e+003		2.870000e+002	3.603333e+003		
8.681500e+002	3.363000e+004		6.865000e+002	5.546667e+003		5.304500e+002	2.553333e+003		2.869500e+002	3.620000e+003		
8.671500e+002	3.321000e+004		6.864500e+002	5.366667e+003		5.304000e+002	2.608889e+003		2.869000e+002	3.580000e+003		
8.661500e+002	3.328000e+004		6.864000e+002	5.123333e+003		5.303500e+002	2.437778e+003		2.868500e+002	3.430000e+003		
8.651500e+002	3.496000e+004		6.863500e+002	4.730000e+003		5.303000e+002	2.480000e+003		2.868000e+002	3.466667e+003		
8.641500e+002	3.546000e+004		6.863000e+002	4.536667e+003		5.302500e+002	2.364444e+003		2.867500e+002	3.393333e+003		
8.631500e+002	3.719000e+004		6.862500e+002	4.423333e+003		5.302000e+002	2.331111e+003		2.867000e+002	3.353333e+003		
8.621500e+002	3.758000e+004		6.862000e+002	4.470000e+003		5.301500e+002	2.306667e+003		2.866500e+002	3.436667e+003		
8.611500e+002	3.797000e+004		6.861500e+002	4.233333e+003		5.301000e+002	2.308889e+003		2.866000e+002	3.420000e+003		
8.601500e+002	3.951000e+004		6.861000e+002	4.060000e+003		5.300500e+002	2.240000e+003		2.865500e+002	3.536667e+003		
8.591500e+002	3.877000e+004		6.860500e+002	4.003333e+003		5.300000e+002	2.244444e+003		2.865000e+002	3.526667e+003		
8.581500e+002	3.748000e+004		6.860000e+002	4.000000e+003		5.299500e+002	2.275556e+003		2.864500e+002	3.476667e+003		
8.571500e+002	3.620000e+004		6.859500e+002	3.826667e+003		5.299000e+002	2.295556e+003		2.864000e+002	3.573333e+003		
8.561500e+002	3.504000e+004		6.859000e+002	3.816667e+003		5.298500e+002	2.231111e+003		2.863500e+002	3.710000e+003		
8.551500e+002	3.412000e+004		6.858500e+002	3.703333e+003		5.298000e+002	2.266667e+003		2.863000e+002	3.723333e+003		
8.541500e+002	3.428000e+004		6.858000e+002	3.643333e+003		5.297500e+002	2.224444e+003		2.862500e+002	3.630000e+003		
8.531500e+002	3.403000e+004		6.857500e+002	3.696667e+003		5.297000e+002	2.317778e+003		2.862000e+002	3.466667e+003		
8.521500e+002	3.387000e+004		6.857000e+002	3.486667e+003		5.296500e+002	2.371111e+003		2.861500e+002	3.793333e+003		
8.511500e+002	3.346000e+004		6.856500e+002	3.383333e+003		5.296000e+002	2.286667e+003		2.861000e+002	3.863333e+003		
8.501500e+002	3.244000e+004		6.856000e+002	3.463333e+003		5.295500e+002	2.304444e+003		2.860500e+002	4.010000e+003		
8.491500e+002	3.137000e+004		6.855500e+002	3.400000e+003		5.295000e+002	2.286667e+003		2.860000e+002	3.990000e+003		
8.481500e+002	3.050000e+004		6.855000e+002	3.346667e+003		5.294500e+002	2.133333e+003		2.859500e+002	4.080000e+003		
8.471500e+002	2.972000e+004		6.854500e+002	3.260000e+003		5.294000e+002	2.264444e+003		2.859000e+002	4.070000e+003		
8.461500e+002	2.934000e+004		6.854000e+002	3.296667e+003		5.293500e+002	2.144444e+003		2.858500e+002	4.326667e+003		
8.451500e+002	2.978000e+004		6.853500e+002	3.400000e+003		5.293000e+002	2.120000e+003		2.858000e+002	4.496667e+003		
8.441500e+002	2.881000e+004		6.853000e+002	3.280000e+003		5.292500e+002	2.106667e+003		2.857500e+002	4.633333e+003		
8.431500e+002	2.862000e+004		6.852500e+002	3.290000e+003		5.292000e+002	2.111111e+003		2.857000e+002	4.680000e+003		
8.421500e+002	2.917000e+004		6.852000e+002	3.096667e+003		5.291500e+002	2.144444e+003		2.856500e+002	4.986667e+003		
8.411500e+002	3.023000e+004		6.851500e+002	3.236667e+003		5.291000e+002	2.195556e+003		2.856000e+002	5.073333e+003		
8.401500e+002	3.059000e+004		6.851000e+002	3.076667e+003		5.290500e+002	2.200000e+003		2.855500e+002	5.443333e+003		
8.391500e+002	3.165000e+004		6.850500e+002	3.076667e+003		5.290000e+002	2.226667e+003		2.855000e+002	5.746667e+003		
8.381500e+002	3.299000e+004		6.850000e+002	3.256667e+003		5.289500e+002	2.193333e+003		2.854500e+002	6.086667e+003		
8.371500e+002	3.578000e+004		6.849500e+002	3.123333e+003		5.289000e+002	2.166667e+003		2.854000e+002	6.330000e+003		
8.361500e+002	3.998000e+004		6.849000e+002	3.113333e+003		5.288500e+002	2.166667e+003		2.853500e+002	6.713333e+003		
8.351500e+002	4.420000e+004		6.848500e+002	2.966667e+003		5.288000e+002	2.153333e+003		2.853000e+002	7.023333e+003		
8.341500e+002	4.803000e+004		6.848000e+002	3.016667e+003		5.287500e+002	2.200000e+003		2.852500e+002	7.296667e+003		
8.331500e+002	5.066000e+004		6.847500e+002	2.936667e+003		5.287000e+002	2.242222e+003		2.852000e+002	7.453333e+003		
8.321500e+002	4.921000e+004		6.847000e+002	2.953333e+003		5.286500e+002	2.297778e+003		2.851500e+002	7.703333e+003		
8.311500e+002	4.598000e+004		6.846500e+002	2.993333e+003		5.286000e+002	2.280000e+003		2.851000e+002	8.276667e+003		
8.301500e+002	4.057000e+004		6.846000e+002	2.956667e+003		5.285500e+002	2.122222e+003		2.850500e+002	8.816667e+003		
8.291500e+002	3.664000e+004		6.845500e+002	2.883333e+003		5.285000e+002	2.175556e+003		2.850000e+002	8.996667e+003		
8.281500e+002	3.428000e+004		6.845000e+002	2.920000e+003		5.284500e+002	2.220000e+003		2.849500e+002	9.236667e+003		
8.271500e+002	3.197000e+004		6.844500e+002	2.946667e+003		5.284000e+002	2.193333e+003		2.849000e+002	9.583333e+003		
8.261500e+002	3.051000e+004		6.844000e+002	2.870000e+003		5.283500e+002	2.173333e+003		2.848500e+002	9.890000e+003		
8.251500e+002	2.841000e+004		6.843500e+002	2.836667e+003		5.283000e+002	2.142222e+003		2.848000e+002	1.038000e+004		
8.241500e+002	2.662000e+004		6.843000e+002	2.863333e+003		5.282500e+002	2.162222e+003		2.847500e+002	1.031333e+004		
8.231500e+002	2.534000e+004		6.842500e+002	2.880000e+003		5.282000e+002	2.251111e+003		2.847000e+002	1.041667e+004		
8.221500e+002	2.300000e+004		6.842000e+002	2.956667e+003		5.281500e+002	2.193333e+003		2.846500e+002	1.062667e+004		
8.211500e+002	2.209000e+004		6.841500e+002	2.946667e+003		5.281000e+002	2.228889e+003		2.846000e+002	1.072000e+004		
8.201500e+002	2.151000e+004		6.841000e+002	2.776667e+003		5.280500e+002	2.251111e+003		2.845500e+002	1.057000e+004		
8.191500e+002	2.126000e+004		6.840500e+002	2.753333e+003		5.280000e+002	2.151111e+003		2.845000e+002	1.045667e+004		
8.181500e+002	2.035000e+004		6.840000e+002	2.753333e+003		5.279500e+002	2.137778e+003		2.844500e+002	1.037000e+004		
8.171500e+002	2.078000e+004		6.839500e+002	2.833333e+003		5.279000e+002	2.186667e+003		2.844000e+002	9.733333e+003		
8.161500e+002	2.049000e+004		6.839000e+002	2.916667e+003		5.278500e+002	2.177778e+003		2.843500e+002	9.263333e+003		
8.151500e+002	2.034000e+004		6.838500e+002	3.050000e+003		5.278000e+002	2.208889e+003		2.843000e+002	8.826667e+003		
8.141500e+002	2.002000e+004		6.838000e+002	2.923333e+003		5.277500e+002	2.213333e+003		2.842500e+002	8.586667e+003		
8.131500e+002	2.032000e+004		6.837500e+002	2.856667e+003		5.277000e+002	2.211111e+003		2.842000e+002	8.256667e+003		
8.121500e+002	1.961000e+004		6.837000e+002	2.976667e+003		5.276500e+002	2.180000e+003		2.841500e+002	7.486667e+003		
8.111500e+002	1.978000e+004		6.836500e+002	2.823333e+003		5.276000e+002	2.148889e+003		2.841000e+002	6.996667e+003		
8.101500e+002	1.976000e+004		6.836000e+002	2.746667e+003		5.275500e+002	2.242222e+003		2.840500e+002	6.446667e+003		
8.091500e+002	2.035000e+004		6.835500e+002	2.776667e+003		5.275000e+002	2.244444e+003		2.840000e+002	5.930000e+003		
8.081500e+002	2.039000e+004		6.835000e+002	2.893333e+003		5.274500e+002	2.355556e+003		2.839500e+002	5.320000e+003		
8.071500e+002	2.014000e+004		6.834500e+002	2.880000e+003		5.274000e+002	2.295556e+003		2.839000e+002	4.693333e+003		
8.061500e+002	2.024000e+004		6.834000e+002	2.823333e+003		5.273500e+002	2.133333e+003		2.838500e+002	4.073333e+003		
8.051500e+002	2.079000e+004		6.833500e+002	2.916667e+003		5.273000e+002	2.115556e+003		2.838000e+002	3.553333e+003		
8.041500e+002	1.981000e+004		6.833000e+002	2.773333e+003		5.272500e+002	2.188889e+003		2.837500e+002	3.216667e+003		
8.031500e+002	2.041000e+004		6.832500e+002	2.806667e+003		5.272000e+002	2.180000e+003		2.837000e+002	2.593333e+003		
8.021500e+002	2.043000e+004		6.832000e+002	2.700000e+003		5.271500e+002	2.208889e+003		2.836500e+002	2.223333e+003		
8.011500e+002	2.074000e+004		6.831500e+002	2.780000e+003		5.271000e+002	2.148889e+003		2.836000e+002	2.033333e+003		
8.001500e+002	2.023000e+004		6.831000e+002	2.770000e+003		5.270500e+002	2.237778e+003		2.835500e+002	1.673333e+003		
7.991500e+002	1.954000e+004		6.830500e+002	2.830000e+003		5.270000e+002	2.291111e+003		2.835000e+002	1.570000e+003		
7.981500e+002	2.016000e+004		6.830000e+002	2.813333e+003		5.269500e+002	2.313333e+003		2.834500e+002	1.466667e+003		
7.971500e+002	2.104000e+004		6.829500e+002	2.703333e+003		5.269000e+002	2.102222e+003		2.834000e+002	1.326667e+003		
7.961500e+002	2.003000e+004		6.829000e+002	2.653333e+003		5.268500e+002	2.206667e+003		2.833500e+002	1.160000e+003		
7.951500e+002	1.942000e+004		6.828500e+002	2.666667e+003		5.268000e+002	2.124444e+003		2.833000e+002	1.046667e+003		
7.941500e+002	1.957000e+004		6.828000e+002	2.760000e+003		5.267500e+002	2.191111e+003		2.832500e+002	8.866667e+002		
7.931500e+002	2.027000e+004		6.827500e+002	2.786667e+003		5.267000e+002	2.217778e+003		2.832000e+002	9.133333e+002		
7.921500e+002	1.994000e+004		6.827000e+002	2.896667e+003		5.266500e+002	2.171111e+003		2.831500e+002	7.966667e+002		
7.911500e+002	1.936000e+004		6.826500e+002	2.800000e+003		5.266000e+002	2.173333e+003		2.831000e+002	7.466667e+002		
7.901500e+002	1.981000e+004		6.826000e+002	2.776667e+003		5.265500e+002	2.240000e+003		2.830500e+002	7.266667e+002		
7.891500e+002	2.010000e+004		6.825500e+002	2.656667e+003		5.265000e+002	2.200000e+003		2.830000e+002	7.133333e+002		
7.881500e+002	1.950000e+004		6.825000e+002	2.756667e+003		5.264500e+002	2.240000e+003		2.829500e+002	7.166667e+002		
7.871500e+002	2.022000e+004		6.824500e+002	2.806667e+003		5.264000e+002	2.126667e+003		2.829000e+002	6.933333e+002		
7.861500e+002	2.117000e+004		6.824000e+002	2.920000e+003		5.263500e+002	2.120000e+003		2.828500e+002	6.000000e+002		
7.851500e+002	2.072000e+004		6.823500e+002	2.776667e+003		5.263000e+002	2.122222e+003		2.828000e+002	5.400000e+002		
7.841500e+002	2.004000e+004		6.823000e+002	2.743333e+003		5.262500e+002	2.288889e+003		2.827500e+002	5.866667e+002		
7.831500e+002	1.992000e+004		6.822500e+002	2.650000e+003		5.262000e+002	2.148889e+003		2.827000e+002	5.633333e+002		
7.821500e+002	2.000000e+004		6.822000e+002	2.610000e+003		5.261500e+002	2.117778e+003		2.826500e+002	5.033333e+002		
7.811500e+002	2.000000e+004		6.821500e+002	2.773333e+003		5.261000e+002	2.166667e+003		2.826000e+002	5.400000e+002		
7.801500e+002	1.989000e+004		6.821000e+002	2.623333e+003		5.260500e+002	2.195556e+003		2.825500e+002	5.300000e+002		
7.791500e+002	1.965000e+004		6.820500e+002	2.676667e+003		5.260000e+002	2.204444e+003		2.825000e+002	4.866667e+002		
7.781500e+002	2.012000e+004		6.820000e+002	2.850000e+003		5.259500e+002	2.144444e+003		2.824500e+002	5.100000e+002		
7.771500e+002	2.023000e+004		6.819500e+002	2.686667e+003		5.259000e+002	2.148889e+003		2.824000e+002	5.400000e+002		
7.761500e+002	2.017000e+004		6.819000e+002	2.740000e+003		5.258500e+002	2.246667e+003		2.823500e+002	5.700000e+002		
7.751500e+002	2.049000e+004		6.818500e+002	2.740000e+003		5.258000e+002	2.182222e+003		2.823000e+002	5.566667e+002		
7.741500e+002	2.040000e+004		6.818000e+002	2.736667e+003		5.257500e+002	2.222222e+003		2.822500e+002	5.300000e+002		
7.731500e+002	1.963000e+004		6.817500e+002	2.566667e+003		5.257000e+002	2.146667e+003		2.822000e+002	5.333333e+002		
7.721500e+002	1.979000e+004		6.817000e+002	2.926667e+003		5.256500e+002	2.242222e+003		2.821500e+002	5.366667e+002		
7.711500e+002	2.027000e+004		6.816500e+002	2.766667e+003		5.256000e+002	2.162222e+003		2.821000e+002	5.966667e+002		
7.701500e+002	2.033000e+004		6.816000e+002	2.640000e+003		5.255500e+002	2.197778e+003		2.820500e+002	5.100000e+002		
7.691500e+002	1.949000e+004		6.815500e+002	2.583333e+003		5.255000e+002	2.200000e+003		2.820000e+002	4.833333e+002		
7.681500e+002	2.047000e+004		6.815000e+002	2.726667e+003		5.254500e+002	2.302222e+003		2.819500e+002	4.900000e+002		
7.671500e+002	1.934000e+004		6.814500e+002	2.733333e+003		5.254000e+002	2.195556e+003		2.819000e+002	4.700000e+002		
7.661500e+002	1.938000e+004		6.814000e+002	2.653333e+003		5.253500e+002	2.217778e+003		2.818500e+002	5.300000e+002		
7.651500e+002	1.913000e+004		6.813500e+002	2.633333e+003		5.253000e+002	2.306667e+003		2.818000e+002	4.833333e+002		
7.641500e+002	1.971000e+004		6.813000e+002	2.750000e+003		5.252500e+002	2.206667e+003		2.817500e+002	5.466667e+002		
7.631500e+002	1.968000e+004		6.812500e+002	2.653333e+003		5.252000e+002	2.188889e+003		2.817000e+002	5.133333e+002		
7.621500e+002	1.984000e+004		6.812000e+002	2.490000e+003		5.251500e+002	2.300000e+003		2.816500e+002	5.033333e+002		
7.611500e+002	2.042000e+004		6.811500e+002	2.766667e+003		5.251000e+002	2.260000e+003		2.816000e+002	5.066667e+002		
7.601500e+002	2.033000e+004		6.811000e+002	2.646667e+003		5.250500e+002	2.240000e+003		2.815500e+002	4.666667e+002		
7.591500e+002	1.976000e+004		6.810500e+002	2.700000e+003		5.250000e+002	2.144444e+003		2.815000e+002	4.633333e+002		
7.581500e+002	1.984000e+004		6.810000e+002	2.700000e+003		5.249500e+002	2.108889e+003		2.814500e+002	5.133333e+002		
7.571500e+002	2.018000e+004		6.809500e+002	2.656667e+003		5.249000e+002	2.106667e+003		2.814000e+002	5.166667e+002		
7.561500e+002	2.037000e+004		6.809000e+002	2.626667e+003		5.248500e+002	2.197778e+003		2.813500e+002	4.766667e+002		
7.551500e+002	2.007000e+004		6.808500e+002	2.743333e+003		5.248000e+002	2.106667e+003		2.813000e+002	4.800000e+002		
7.541500e+002	2.034000e+004		6.808000e+002	2.870000e+003		5.247500e+002	2.091111e+003		2.812500e+002	4.800000e+002		
7.531500e+002	2.023000e+004		6.807500e+002	2.686667e+003		5.247000e+002	2.044444e+003		2.812000e+002	4.833333e+002		
7.521500e+002	2.047000e+004		6.807000e+002	2.546667e+003		5.246500e+002	2.308889e+003		2.811500e+002	5.333333e+002		
7.511500e+002	2.006000e+004		6.806500e+002	2.710000e+003		5.246000e+002	2.226667e+003		2.811000e+002	5.366667e+002		
7.501500e+002	2.039000e+004		6.806000e+002	2.643333e+003		5.245500e+002	2.146667e+003		2.810500e+002	4.666667e+002		
7.491500e+002	2.022000e+004		6.805500e+002	2.656667e+003		5.245000e+002	2.084444e+003		2.810000e+002	5.066667e+002		
7.481500e+002	2.092000e+004		6.805000e+002	2.770000e+003		5.244500e+002	2.111111e+003		2.809500e+002	4.900000e+002		
7.471500e+002	2.049000e+004		6.804500e+002	2.673333e+003		5.244000e+002	2.157778e+003		2.809000e+002	4.766667e+002		
7.461500e+002	2.027000e+004		6.804000e+002	2.776667e+003		5.243500e+002	2.153333e+003		2.808500e+002	5.233333e+002		
7.451500e+002	2.025000e+004		6.803500e+002	2.813333e+003		5.243000e+002	2.177778e+003		2.808000e+002	4.933333e+002		
7.441500e+002	2.040000e+004		6.803000e+002	2.626667e+003		5.242500e+002	2.095556e+003		2.807500e+002	4.733333e+002		
7.431500e+002	2.043000e+004		6.802500e+002	2.700000e+003		5.242000e+002	2.233333e+003		2.807000e+002	4.733333e+002		
7.421500e+002	2.026000e+004		6.802000e+002	2.790000e+003		5.241500e+002	2.131111e+003		2.806500e+002	4.800000e+002		
7.411500e+002	1.997000e+004		6.801500e+002	2.653333e+003					2.806000e+002	4.833333e+002		
7.401500e+002	2.022000e+004		6.801000e+002	2.580000e+003					2.805500e+002	5.066667e+002		
7.391500e+002	2.040000e+004		6.800500e+002	2.433333e+003					2.805000e+002	5.033333e+002		
7.381500e+002	1.980000e+004		6.800000e+002	2.583333e+003					2.804500e+002	5.366667e+002		
7.371500e+002	2.008000e+004		6.799500e+002	2.533333e+003					2.804000e+002	4.866667e+002		
7.361500e+002	1.958000e+004		6.799000e+002	2.653333e+003					2.803500e+002	4.333333e+002		
7.351500e+002	1.972000e+004		6.798500e+002	2.603333e+003					2.803000e+002	4.933333e+002		
7.341500e+002	2.012000e+004		6.798000e+002	2.816667e+003					2.802500e+002	4.366667e+002		
7.331500e+002	1.930000e+004		6.797500e+002	2.600000e+003					2.802000e+002	5.166667e+002		
7.321500e+002	1.905000e+004		6.797000e+002	2.526667e+003					2.801500e+002	4.233333e+002		
7.311500e+002	1.991000e+004		6.796500e+002	2.476667e+003					2.801000e+002	3.833333e+002		
7.301500e+002	1.956000e+004		6.796000e+002	2.616667e+003					2.800500e+002	5.300000e+002		
7.291500e+002	1.979000e+004		6.795500e+002	2.643333e+003					2.800000e+002	4.800000e+002		
7.281500e+002	1.969000e+004		6.795000e+002	2.623333e+003					2.799500e+002	4.366667e+002		
7.271500e+002	1.983000e+004		6.794500e+002	2.683333e+003					2.799000e+002	4.200000e+002		
7.261500e+002	2.019000e+004		6.794000e+002	2.716667e+003					2.798500e+002	4.366667e+002		
7.251500e+002	2.018000e+004		6.793500e+002	2.833333e+003					2.798000e+002	4.900000e+002		
7.241500e+002	2.071000e+004		6.793000e+002	2.666667e+003					2.797500e+002	4.600000e+002		
7.231500e+002	2.147000e+004		6.792500e+002	2.706667e+003					2.797000e+002	4.333333e+002		
7.221500e+002	2.163000e+004		6.792000e+002	2.653333e+003					2.796500e+002	4.400000e+002		
7.211500e+002	2.136000e+004		6.791500e+002	2.540000e+003					2.796000e+002	4.733333e+002		
7.201500e+002	2.090000e+004		6.791000e+002	2.630000e+003					2.795500e+002	4.066667e+002		
7.191500e+002	2.160000e+004		6.790500e+002	2.733333e+003					2.795000e+002	4.433333e+002		
7.181500e+002	2.130000e+004		6.790000e+002	2.583333e+003					2.794500e+002	4.666667e+002		
7.171500e+002	2.085000e+004		6.789500e+002	2.593333e+003					2.794000e+002	4.266667e+002		
7.161500e+002	2.085000e+004		6.789000e+002	2.673333e+003					2.793500e+002	4.266667e+002		
7.151500e+002	2.078000e+004		6.788500e+002	2.606667e+003					2.793000e+002	4.866667e+002		
7.141500e+002	2.137000e+004		6.788000e+002	2.520000e+003					2.792500e+002	4.766667e+002		
7.131500e+002	2.128000e+004		6.787500e+002	2.543333e+003					2.792000e+002	4.033333e+002		
7.121500e+002	2.067000e+004		6.787000e+002	2.640000e+003					2.791500e+002	5.266667e+002		
7.111500e+002	2.039000e+004		6.786500e+002	2.640000e+003					2.791000e+002	4.433333e+002		
7.101500e+002	2.037000e+004		6.786000e+002	2.720000e+003					2.790500e+002	4.733333e+002		
7.091500e+002	2.021000e+004		6.785500e+002	2.643333e+003					2.790000e+002	4.833333e+002		
7.081500e+002	2.026000e+004		6.785000e+002	2.693333e+003					2.789500e+002	4.400000e+002		
7.071500e+002	1.893000e+004		6.784500e+002	2.696667e+003					2.789000e+002	4.500000e+002		
7.061500e+002	1.793000e+004		6.784000e+002	2.623333e+003					2.788500e+002	4.600000e+002		
7.051500e+002	1.752000e+004		6.783500e+002	2.660000e+003					2.788000e+002	4.733333e+002		
7.041500e+002	1.639000e+004		6.783000e+002	2.666667e+003					2.787500e+002	4.866667e+002		
7.031500e+002	1.488000e+004		6.782500e+002	2.643333e+003					2.787000e+002	4.500000e+002		
7.021500e+002	1.493000e+004		6.782000e+002	2.633333e+003					2.786500e+002	4.666667e+002		
7.011500e+002	1.441000e+004		6.781500e+002	2.690000e+003					2.786000e+002	4.766667e+002		
7.001500e+002	1.290000e+004		6.781000e+002	2.743333e+003					2.785500e+002	5.133333e+002		
6.991500e+002	1.227000e+004								2.785000e+002	4.233333e+002		
6.981500e+002	1.120000e+004								2.784500e+002	4.466667e+002		
6.971500e+002	1.049000e+004								2.784000e+002	4.233333e+002		
6.961500e+002	9.900000e+003								2.783500e+002	3.900000e+002		
6.951500e+002	9.330000e+003								2.783000e+002	4.333333e+002		
6.941500e+002	9.110000e+003								2.782500e+002	4.433333e+002		
6.931500e+002	9.420000e+003								2.782000e+002	4.933333e+002		
6.921500e+002	1.082000e+004								2.781500e+002	3.833333e+002		
6.911500e+002	1.427000e+004								2.781000e+002	3.433333e+002		
6.901500e+002	3.479000e+004								2.780500e+002	4.766667e+002		
6.891500e+002	1.009900e+005								2.780000e+002	4.833333e+002		
6.881500e+002	1.425700e+005								2.779500e+002	4.400000e+002		
6.871500e+002	6.820000e+004								2.779000e+002	4.433333e+002		
6.861500e+002	1.788000e+004								2.778500e+002	4.366667e+002		
6.851500e+002	9.330000e+003								2.778000e+002	4.500000e+002		
6.841500e+002	7.560000e+003								2.777500e+002	4.266667e+002		
6.831500e+002	7.480000e+003								2.777000e+002	3.933333e+002		
6.821500e+002	6.990000e+003								2.776500e+002	4.533333e+002		
6.811500e+002	7.150000e+003								2.776000e+002	4.500000e+002		
6.801500e+002	6.770000e+003								2.775500e+002	4.266667e+002		
6.791500e+002	7.150000e+003								2.775000e+002	4.366667e+002		
6.781500e+002	6.930000e+003								2.774500e+002	5.000000e+002		
6.771500e+002	6.860000e+003								2.774000e+002	4.100000e+002		
6.761500e+002	6.710000e+003								2.773500e+002	4.500000e+002		
6.751500e+002	6.610000e+003								2.773000e+002	5.066667e+002		
6.741500e+002	6.510000e+003								2.772500e+002	4.633333e+002		
6.731500e+002	7.210000e+003								2.772000e+002	4.666667e+002		
6.721500e+002	6.520000e+003								2.771500e+002	4.433333e+002		
6.711500e+002	6.730000e+003								2.771000e+002	4.933333e+002		
6.701500e+002	6.810000e+003								2.770500e+002	4.200000e+002		
6.691500e+002	6.830000e+003								2.770000e+002	4.566667e+002		
6.681500e+002	7.010000e+003								2.769500e+002	3.966667e+002		
6.671500e+002	6.940000e+003								2.769000e+002	4.133333e+002		
6.661500e+002	6.570000e+003								2.768500e+002	4.500000e+002		
6.651500e+002	6.450000e+003								2.768000e+002	4.833333e+002		
6.641500e+002	6.530000e+003								2.767500e+002	5.200000e+002		
6.631500e+002	6.770000e+003								2.767000e+002	3.966667e+002		
6.621500e+002	6.940000e+003								2.766500e+002	4.300000e+002		
6.611500e+002	6.910000e+003								2.766000e+002	4.666667e+002		
6.601500e+002	7.340000e+003								2.765500e+002	4.400000e+002		
6.591500e+002	6.910000e+003								2.765000e+002	4.766667e+002		
6.581500e+002	6.860000e+003								2.764500e+002	4.966667e+002		
6.571500e+002	6.910000e+003								2.764000e+002	4.733333e+002		
6.561500e+002	6.670000e+003								2.763500e+002	4.633333e+002		
6.551500e+002	6.500000e+003								2.763000e+002	4.600000e+002		
6.541500e+002	6.840000e+003								2.762500e+002	3.766667e+002		
6.531500e+002	6.510000e+003								2.762000e+002	4.633333e+002		
6.521500e+002	6.460000e+003								2.761500e+002	4.066667e+002		
6.511500e+002	6.650000e+003								2.761000e+002	4.266667e+002		
6.501500e+002	6.840000e+003								2.760500e+002	4.033333e+002		
6.491500e+002	6.710000e+003								2.760000e+002	4.633333e+002		
6.481500e+002	6.620000e+003								2.759500e+002	4.866667e+002		
6.471500e+002	6.650000e+003								2.759000e+002	4.733333e+002		
6.461500e+002	6.770000e+003								2.758500e+002	5.233333e+002		
6.451500e+002	7.170000e+003								2.758000e+002	4.433333e+002		
6.441500e+002	6.680000e+003								2.757500e+002	4.166667e+002		
6.431500e+002	6.750000e+003								2.757000e+002	4.700000e+002		
6.421500e+002	7.010000e+003								2.756500e+002	5.066667e+002		
6.411500e+002	6.620000e+003											
6.401500e+002	6.900000e+003											
6.391500e+002	7.280000e+003											
6.381500e+002	7.140000e+003											
6.371500e+002	7.090000e+003											
6.361500e+002	6.800000e+003											
6.351500e+002	6.570000e+003											
6.341500e+002	6.820000e+003											
6.331500e+002	6.790000e+003											
6.321500e+002	6.760000e+003											
6.311500e+002	6.920000e+003											
6.301500e+002	6.860000e+003											
6.291500e+002	7.200000e+003											
6.281500e+002	7.430000e+003											
6.271500e+002	7.270000e+003											
6.261500e+002	7.280000e+003											
6.251500e+002	7.150000e+003											
6.241500e+002	6.680000e+003											
6.231500e+002	6.830000e+003											
6.221500e+002	6.900000e+003											
6.211500e+002	7.250000e+003											
6.201500e+002	6.770000e+003											
6.191500e+002	6.970000e+003											
6.181500e+002	6.710000e+003											
6.171500e+002	6.600000e+003											
6.161500e+002	7.100000e+003											
6.151500e+002	7.310000e+003											
6.141500e+002	7.160000e+003											
6.131500e+002	7.060000e+003											
6.121500e+002	7.310000e+003											
6.111500e+002	7.090000e+003											
6.101500e+002	7.350000e+003											
6.091500e+002	7.560000e+003											
6.081500e+002	7.300000e+003											
6.071500e+002	7.350000e+003											
6.061500e+002	6.990000e+003											
6.051500e+002	6.990000e+003											
6.041500e+002	7.480000e+003											
6.031500e+002	6.950000e+003											
6.021500e+002	6.990000e+003											
6.011500e+002	7.340000e+003											
6.001500e+002	7.440000e+003											
5.991500e+002	6.940000e+003											
5.981500e+002	6.670000e+003											
5.971500e+002	7.020000e+003											
5.961500e+002	7.080000e+003											
5.951500e+002	7.340000e+003											
5.941500e+002	7.130000e+003											
5.931500e+002	7.400000e+003											
5.921500e+002	7.450000e+003											
5.911500e+002	7.360000e+003											
5.901500e+002	7.390000e+003											
5.891500e+002	7.350000e+003											
5.881500e+002	7.400000e+003											
5.871500e+002	7.420000e+003											
5.861500e+002	7.380000e+003											
5.851500e+002	7.380000e+003											
5.841500e+002	7.000000e+003											
5.831500e+002	7.080000e+003											
5.821500e+002	7.200000e+003											
5.811500e+002	7.500000e+003											
5.801500e+002	7.410000e+003											
5.791500e+002	7.410000e+003											
5.781500e+002	7.470000e+003											
5.771500e+002	6.910000e+003											
5.761500e+002	7.940000e+003											
5.751500e+002	7.670000e+003											
5.741500e+002	7.440000e+003											
5.731500e+002	7.480000e+003											
5.721500e+002	7.590000e+003											
5.711500e+002	7.420000e+003											
5.701500e+002	7.380000e+003											
5.691500e+002	7.040000e+003											
5.681500e+002	7.210000e+003											
5.671500e+002	7.260000e+003											
5.661500e+002	7.400000e+003											
5.651500e+002	7.530000e+003											
5.641500e+002	7.570000e+003											
5.631500e+002	7.670000e+003											
5.621500e+002	7.810000e+003											
5.611500e+002	7.560000e+003											
5.601500e+002	7.580000e+003											
5.591500e+002	7.850000e+003											
5.581500e+002	7.790000e+003											
5.571500e+002	7.820000e+003											
5.561500e+002	7.830000e+003											
5.551500e+002	7.920000e+003											
5.541500e+002	8.090000e+003											
5.531500e+002	7.480000e+003											
5.521500e+002	7.290000e+003											
5.511500e+002	7.550000e+003											
5.501500e+002	7.460000e+003											
5.491500e+002	7.460000e+003											
5.481500e+002	6.970000e+003											
5.471500e+002	7.040000e+003											
5.461500e+002	7.320000e+003											
5.451500e+002	7.180000e+003											
5.441500e+002	6.800000e+003											
5.431500e+002	6.540000e+003											
5.421500e+002	6.500000e+003											
5.411500e+002	5.900000e+003											
5.401500e+002	6.420000e+003											
5.391500e+002	6.320000e+003											
5.381500e+002	6.130000e+003											
5.371500e+002	6.090000e+003											
5.361500e+002	6.870000e+003											
5.351500e+002	8.650000e+003											
5.341500e+002	1.288000e+004											
5.331500e+002	1.864000e+004											
5.321500e+002	1.812000e+004											
5.311500e+002	1.212000e+004											
5.301500e+002	7.510000e+003											
5.291500e+002	6.280000e+003											
5.281500e+002	5.830000e+003											
5.271500e+002	6.040000e+003											
5.261500e+002	5.870000e+003											
5.251500e+002	5.430000e+003											
5.241500e+002	5.820000e+003											
5.231500e+002	5.690000e+003											
5.221500e+002	5.740000e+003											
5.211500e+002	5.890000e+003											
5.201500e+002	5.860000e+003											
5.191500e+002	5.820000e+003											
5.181500e+002	5.920000e+003											
5.171500e+002	5.740000e+003											
5.161500e+002	5.740000e+003											
5.151500e+002	5.880000e+003											
5.141500e+002	5.670000e+003											
5.131500e+002	5.760000e+003											
5.121500e+002	5.850000e+003											
5.111500e+002	6.100000e+003											
5.101500e+002	6.030000e+003											
5.091500e+002	6.080000e+003											
5.081500e+002	5.830000e+003											
5.071500e+002	6.000000e+003											
5.061500e+002	5.480000e+003											
5.051500e+002	5.940000e+003											
5.041500e+002	5.950000e+003											
5.031500e+002	5.450000e+003											
5.021500e+002	5.820000e+003											
5.011500e+002	5.920000e+003											
5.001500e+002	5.730000e+003											
4.991500e+002	5.850000e+003											
4.981500e+002	5.820000e+003											
4.971500e+002	5.830000e+003											
4.961500e+002	5.730000e+003											
4.951500e+002	6.050000e+003											
4.941500e+002	6.090000e+003											
4.931500e+002	6.000000e+003											
4.921500e+002	6.080000e+003											
4.911500e+002	5.760000e+003											
4.901500e+002	5.650000e+003											
4.891500e+002	5.860000e+003											
4.881500e+002	6.130000e+003											
4.871500e+002	5.960000e+003											
4.861500e+002	6.000000e+003											
4.851500e+002	5.800000e+003											
4.841500e+002	6.030000e+003											
4.831500e+002	6.080000e+003											
4.821500e+002	6.210000e+003											
4.811500e+002	5.920000e+003											
4.801500e+002	5.520000e+003											
4.791500e+002	5.880000e+003											
4.781500e+002	6.050000e+003											
4.771500e+002	6.290000e+003											
4.761500e+002	6.110000e+003											
4.751500e+002	6.070000e+003											
4.741500e+002	5.900000e+003											
4.731500e+002	5.230000e+003											
4.721500e+002	5.440000e+003											
4.711500e+002	6.060000e+003											
4.701500e+002	6.360000e+003											
4.691500e+002	5.790000e+003											
4.681500e+002	5.810000e+003											
4.671500e+002	6.240000e+003											
4.661500e+002	6.240000e+003											
4.651500e+002	6.060000e+003											
4.641500e+002	6.030000e+003											
4.631500e+002	5.850000e+003											
4.621500e+002	5.650000e+003											
4.611500e+002	5.890000e+003											
4.601500e+002	5.950000e+003											
4.591500e+002	6.060000e+003											
4.581500e+002	6.030000e+003											
4.571500e+002	6.300000e+003											
4.561500e+002	5.580000e+003											
4.551500e+002	5.710000e+003											
4.541500e+002	5.580000e+003											
4.531500e+002	5.910000e+003											
4.521500e+002	6.270000e+003											
4.511500e+002	6.660000e+003											
4.501500e+002	5.930000e+003											
4.491500e+002	5.950000e+003											
4.481500e+002	5.980000e+003											
4.471500e+002	6.320000e+003											
4.461500e+002	6.410000e+003											
4.451500e+002	6.300000e+003											
4.441500e+002	5.970000e+003											
4.431500e+002	6.310000e+003											
4.421500e+002	6.210000e+003											
4.411500e+002	6.190000e+003											
4.401500e+002	6.330000e+003											
4.391500e+002	6.560000e+003											
4.381500e+002	6.390000e+003											
4.371500e+002	6.380000e+003											
4.361500e+002	6.100000e+003											
4.351500e+002	5.970000e+003											
4.341500e+002	6.100000e+003											
4.331500e+002	5.720000e+003											
4.321500e+002	6.130000e+003											
4.311500e+002	6.290000e+003											
4.301500e+002	6.140000e+003											
4.291500e+002	6.230000e+003											
4.281500e+002	6.400000e+003											
4.271500e+002	6.250000e+003											
4.261500e+002	6.540000e+003											
4.251500e+002	6.570000e+003											
4.241500e+002	6.330000e+003											
4.231500e+002	6.380000e+003											
4.221500e+002	6.350000e+003											
4.211500e+002	6.270000e+003											
4.201500e+002	6.370000e+003											
4.191500e+002	5.870000e+003											
4.181500e+002	5.900000e+003											
4.171500e+002	5.870000e+003											
4.161500e+002	6.280000e+003											
4.151500e+002	6.230000e+003											
4.141500e+002	6.270000e+003											
4.131500e+002	5.950000e+003											
4.121500e+002	6.470000e+003											
4.111500e+002	6.360000e+003											
4.101500e+002	6.430000e+003											
4.091500e+002	6.110000e+003											
4.081500e+002	6.230000e+003											
4.071500e+002	6.430000e+003											
4.061500e+002	6.700000e+003											
4.051500e+002	6.250000e+003											
4.041500e+002	6.450000e+003											
4.031500e+002	6.710000e+003											
4.021500e+002	6.840000e+003											
4.011500e+002	6.830000e+003											
4.001500e+002	6.360000e+003											
3.991500e+002	6.400000e+003											
3.981500e+002	6.420000e+003											
3.971500e+002	6.570000e+003											
3.961500e+002	6.450000e+003											
3.951500e+002	6.460000e+003											
3.941500e+002	6.460000e+003											
3.931500e+002	6.260000e+003											
3.921500e+002	6.650000e+003											
3.911500e+002	6.460000e+003											
3.901500e+002	6.220000e+003											
3.891500e+002	6.170000e+003											
3.881500e+002	6.400000e+003											
3.871500e+002	6.600000e+003											
3.861500e+002	6.890000e+003											
3.851500e+002	6.630000e+003											
3.841500e+002	6.590000e+003											
3.831500e+002	7.030000e+003											
3.821500e+002	6.490000e+003											
3.811500e+002	6.520000e+003											
3.801500e+002	6.480000e+003											
3.791500e+002	6.760000e+003											
3.781500e+002	6.580000e+003											
3.771500e+002	6.430000e+003											
3.761500e+002	6.940000e+003											
3.751500e+002	6.960000e+003											
3.741500e+002	6.670000e+003											
3.731500e+002	6.480000e+003											
3.721500e+002	6.450000e+003											
3.711500e+002	6.500000e+003											
3.701500e+002	6.530000e+003											
3.691500e+002	6.800000e+003											
3.681500e+002	6.840000e+003											
3.671500e+002	6.790000e+003											
3.661500e+002	6.910000e+003											
3.651500e+002	6.910000e+003											
3.641500e+002	7.020000e+003											
3.631500e+002	7.140000e+003											
3.621500e+002	7.330000e+003											
3.611500e+002	7.120000e+003											
3.601500e+002	6.650000e+003											
3.591500e+002	6.770000e+003											
3.581500e+002	6.810000e+003											
3.571500e+002	6.860000e+003											
3.561500e+002	6.960000e+003											
3.551500e+002	7.270000e+003											
3.541500e+002	7.160000e+003											
3.531500e+002	6.990000e+003											
3.521500e+002	6.810000e+003											
3.511500e+002	6.740000e+003											
3.501500e+002	7.120000e+003											
3.491500e+002	6.870000e+003											
3.481500e+002	6.690000e+003											
3.471500e+002	6.860000e+003											
3.461500e+002	7.170000e+003											
3.451500e+002	7.250000e+003											
3.441500e+002	6.940000e+003											
3.431500e+002	6.920000e+003											
3.421500e+002	6.820000e+003											
3.411500e+002	7.460000e+003											
3.401500e+002	7.160000e+003											
3.391500e+002	7.270000e+003											
3.381500e+002	7.670000e+003											
3.371500e+002	7.110000e+003											
3.361500e+002	7.110000e+003											
3.351500e+002	6.670000e+003											
3.341500e+002	6.930000e+003											
3.331500e+002	6.800000e+003											
3.321500e+002	7.520000e+003											
3.311500e+002	7.340000e+003											
3.301500e+002	7.270000e+003											
3.291500e+002	7.240000e+003											
3.281500e+002	7.470000e+003											
3.271500e+002	7.760000e+003											
3.261500e+002	7.320000e+003											
3.251500e+002	7.670000e+003											
3.241500e+002	7.890000e+003											
3.231500e+002	7.710000e+003											
3.221500e+002	7.630000e+003											
3.211500e+002	7.620000e+003											
3.201500e+002	7.870000e+003											
3.191500e+002	8.030000e+003											
3.181500e+002	7.650000e+003											
3.171500e+002	7.600000e+003											
3.161500e+002	7.830000e+003											
3.151500e+002	7.670000e+003											
3.141500e+002	7.890000e+003											
3.131500e+002	7.680000e+003											
3.121500e+002	7.680000e+003											
3.111500e+002	7.510000e+003											
3.101500e+002	7.180000e+003											
3.091500e+002	7.390000e+003											
3.081500e+002	7.000000e+003											
3.071500e+002	6.740000e+003											
3.061500e+002	6.480000e+003											
3.051500e+002	6.240000e+003											
3.041500e+002	6.200000e+003											
3.031500e+002	5.910000e+003											
3.021500e+002	5.700000e+003											
3.011500e+002	5.520000e+003											
3.001500e+002	5.330000e+003											
2.991500e+002	4.990000e+003											
2.981500e+002	4.000000e+003											
2.971500e+002	3.460000e+003											
2.961500e+002	2.900000e+003											
2.951500e+002	2.790000e+003											
2.941500e+002	3.030000e+003											
2.931500e+002	3.630000e+003											
2.921500e+002	5.750000e+003											
2.911500e+002	1.133000e+004											
2.901500e+002	3.265000e+004											
2.891500e+002	3.646000e+004											
2.881500e+002	1.433000e+004											
2.871500e+002	9.970000e+003											
2.861500e+002	1.093000e+004											
2.851500e+002	1.720000e+004											
2.841500e+002	1.946000e+004											
2.831500e+002	6.840000e+003											
2.821500e+002	1.910000e+003											
2.811500e+002	1.340000e+003											
2.801500e+002	1.180000e+003											
2.791500e+002	1.260000e+003											
2.781500e+002	1.130000e+003											
2.771500e+002	1.190000e+003											
2.761500e+002	1.140000e+003											
2.751500e+002	1.260000e+003											
2.741500e+002	1.260000e+003											
2.731500e+002	1.280000e+003											
2.721500e+002	1.290000e+003											
2.711500e+002	1.200000e+003											
2.701500e+002	1.320000e+003											
2.691500e+002	1.170000e+003											
2.681500e+002	1.280000e+003											
2.671500e+002	1.240000e+003											
2.661500e+002	1.170000e+003											
2.651500e+002	1.190000e+003											
2.641500e+002	1.280000e+003											
2.631500e+002	1.270000e+003											
2.621500e+002	1.360000e+003											
2.611500e+002	1.320000e+003											
2.601500e+002	1.150000e+003											
2.591500e+002	1.120000e+003											
2.581500e+002	1.210000e+003											
2.571500e+002	1.130000e+003											
2.561500e+002	1.140000e+003											
2.551500e+002	1.080000e+003											
2.541500e+002	1.200000e+003											
2.531500e+002	1.160000e+003											
2.521500e+002	1.290000e+003											
2.511500e+002	1.100000e+003											
2.501500e+002	1.290000e+003											
2.491500e+002	1.190000e+003											
2.481500e+002	1.230000e+003											
2.471500e+002	1.170000e+003											
2.461500e+002	1.270000e+003											
2.451500e+002	1.230000e+003											
2.441500e+002	1.280000e+003											
2.431500e+002	1.170000e+003											
2.421500e+002	1.120000e+003											
2.411500e+002	1.130000e+003											
2.401500e+002	1.080000e+003											
2.391500e+002	1.080000e+003											
2.381500e+002	1.270000e+003											
2.371500e+002	1.190000e+003											
2.361500e+002	1.290000e+003											
2.351500e+002	1.220000e+003											
2.341500e+002	1.280000e+003											
2.331500e+002	1.430000e+003											
2.321500e+002	1.430000e+003											
2.311500e+002	1.520000e+003											
2.301500e+002	1.240000e+003											
2.291500e+002	1.200000e+003											
2.281500e+002	1.290000e+003											
2.271500e+002	1.210000e+003											
2.261500e+002	1.300000e+003											
2.251500e+002	1.340000e+003											
2.241500e+002	1.290000e+003											
2.231500e+002	1.310000e+003											
2.221500e+002	1.210000e+003											
2.211500e+002	1.360000e+003											
2.201500e+002	1.240000e+003											
2.191500e+002	1.110000e+003											
2.181500e+002	1.200000e+003											
2.171500e+002	1.230000e+003											
2.161500e+002	1.110000e+003											
2.151500e+002	1.320000e+003											
2.141500e+002	1.250000e+003											
2.131500e+002	1.320000e+003											
2.121500e+002	1.310000e+003											
2.111500e+002	1.030000e+003											
2.101500e+002	1.110000e+003											
2.091500e+002	1.080000e+003											
2.081500e+002	1.210000e+003											
2.071500e+002	1.400000e+003											
2.061500e+002	1.040000e+003											
2.051500e+002	1.120000e+003											
2.041500e+002	1.320000e+003											
2.031500e+002	1.230000e+003											
2.021500e+002	1.330000e+003											
2.011500e+002	1.450000e+003											
2.001500e+002	1.290000e+003											
1.991500e+002	1.220000e+003											
1.981500e+002	1.210000e+003											
1.971500e+002	1.240000e+003											
1.961500e+002	1.280000e+003											
1.951500e+002	1.150000e+003											
1.941500e+002	1.350000e+003											
1.931500e+002	1.150000e+003											
1.921500e+002	1.210000e+003											
1.911500e+002	1.420000e+003											
1.901500e+002	1.300000e+003											
1.891500e+002	1.090000e+003											
1.881500e+002	1.140000e+003											
1.871500e+002	1.170000e+003											
1.861500e+002	1.280000e+003											
1.851500e+002	1.200000e+003											
1.841500e+002	1.200000e+003											
1.831500e+002	1.480000e+003											
1.821500e+002	1.170000e+003											
1.811500e+002	1.150000e+003											
1.801500e+002	1.130000e+003											
1.791500e+002	1.310000e+003											
1.781500e+002	1.230000e+003											
1.771500e+002	1.270000e+003											
1.761500e+002	1.170000e+003											
1.751500e+002	1.470000e+003											
1.741500e+002	1.320000e+003											
1.731500e+002	1.170000e+003											
1.721500e+002	1.430000e+003											
1.711500e+002	1.330000e+003											
1.701500e+002	1.450000e+003											
1.691500e+002	1.770000e+003											
1.681500e+002	1.600000e+003											
1.671500e+002	1.410000e+003											
1.661500e+002	1.340000e+003											
1.651500e+002	1.350000e+003											
1.641500e+002	1.460000e+003											
1.631500e+002	1.390000e+003											
1.621500e+002	1.260000e+003											
1.611500e+002	1.350000e+003											
1.601500e+002	1.300000e+003											
1.591500e+002	1.280000e+003											
1.581500e+002	1.220000e+003											
1.571500e+002	1.100000e+003											
1.561500e+002	1.210000e+003											
1.551500e+002	1.270000e+003											
1.541500e+002	1.460000e+003											
1.531500e+002	1.710000e+003											
1.521500e+002	1.650000e+003											
1.511500e+002	1.440000e+003											
1.501500e+002	1.300000e+003											
1.491500e+002	1.290000e+003											
1.481500e+002	1.200000e+003											
1.471500e+002	1.220000e+003											
1.461500e+002	1.360000e+003											
1.451500e+002	1.300000e+003											
1.441500e+002	1.380000e+003											
1.431500e+002	1.350000e+003											
1.421500e+002	1.280000e+003											
1.411500e+002	1.280000e+003											
1.401500e+002	1.320000e+003											
1.391500e+002	1.160000e+003											
1.381500e+002	1.130000e+003											
1.371500e+002	1.210000e+003											
1.361500e+002	1.550000e+003											
1.351500e+002	1.290000e+003											
1.341500e+002	1.400000e+003											
1.331500e+002	1.250000e+003											
1.321500e+002	1.280000e+003											
1.311500e+002	1.170000e+003											
1.301500e+002	1.250000e+003											
1.291500e+002	1.450000e+003											
1.281500e+002	1.350000e+003											
1.271500e+002	1.170000e+003											
1.261500e+002	1.250000e+003											
1.251500e+002	1.270000e+003											
1.241500e+002	1.330000e+003											
1.231500e+002	1.280000e+003											
1.221500e+002	1.170000e+003											
1.211500e+002	1.320000e+003											
1.201500e+002	1.240000e+003											
1.191500e+002	1.370000e+003											
1.181500e+002	1.380000e+003											
1.171500e+002	1.550000e+003											
1.161500e+002	1.360000e+003											
1.151500e+002	1.290000e+003											
1.141500e+002	1.300000e+003											
1.131500e+002	1.410000e+003											
1.121500e+002	1.450000e+003											
1.111500e+002	1.390000e+003											
1.101500e+002	1.510000e+003											
1.091500e+002	1.250000e+003											
1.081500e+002	1.380000e+003											
1.071500e+002	1.500000e+003											
1.061500e+002	1.210000e+003											
1.051500e+002	1.380000e+003											
1.041500e+002	1.340000e+003											
1.031500e+002	1.260000e+003											
1.021500e+002	1.710000e+003											
1.011500e+002	1.630000e+003											
1.001500e+002	1.440000e+003											
9.915000e+001	1.450000e+003											
9.815000e+001	1.360000e+003											
9.715000e+001	1.380000e+003											
9.615000e+001	1.310000e+003											
9.515000e+001	1.440000e+003											
9.415000e+001	1.430000e+003											
9.315000e+001	1.330000e+003											
9.215000e+001	1.230000e+003											
9.115000e+001	1.470000e+003											
9.015000e+001	1.320000e+003											
8.915000e+001	1.370000e+003											
8.815000e+001	1.410000e+003											
8.715000e+001	1.370000e+003											
8.615000e+001	1.240000e+003											
8.515000e+001	1.200000e+003											
8.415000e+001	1.360000e+003											
8.315000e+001	1.360000e+003											
8.215000e+001	1.380000e+003											
8.115000e+001	1.480000e+003											
8.015000e+001	1.240000e+003											
7.915000e+001	1.260000e+003											
7.815000e+001	1.290000e+003											
7.715000e+001	1.330000e+003											
7.615000e+001	1.350000e+003											
7.515000e+001	1.380000e+003											
7.415000e+001	1.420000e+003											
7.315000e+001	1.360000e+003											
7.215000e+001	1.470000e+003											
7.115000e+001	1.380000e+003											
7.015000e+001	1.400000e+003											
6.915000e+001	1.460000e+003											
6.815000e+001	1.480000e+003											
6.715000e+001	1.680000e+003											
6.615000e+001	1.390000e+003											
6.515000e+001	1.520000e+003											
6.415000e+001	1.530000e+003											
6.315000e+001	1.530000e+003											
6.215000e+001	1.410000e+003											
6.115000e+001	1.500000e+003											
6.015000e+001	1.410000e+003											
5.915000e+001	1.310000e+003											
5.815000e+001	1.540000e+003											
5.715000e+001	1.520000e+003											
5.615000e+001	1.520000e+003											
5.515000e+001	1.340000e+003											
5.415000e+001	1.500000e+003											
5.315000e+001	1.590000e+003											
5.215000e+001	1.520000e+003											
5.115000e+001	1.390000e+003											
5.015000e+001	1.290000e+003											
4.915000e+001	1.350000e+003											
4.815000e+001	1.310000e+003											
4.715000e+001	1.070000e+003											
4.615000e+001	9.800000e+002											
4.515000e+001	1.360000e+003											
4.415000e+001	1.300000e+003											
4.315000e+001	9.200000e+002											
4.215000e+001	1.120000e+003											
4.115000e+001	1.130000e+003											
4.015000e+001	1.130000e+003											
3.915000e+001	1.120000e+003											
3.815000e+001	1.360000e+003											
3.715000e+001	1.710000e+003											
3.615000e+001	2.720000e+003											
3.515000e+001	3.970000e+003											
3.415000e+001	4.860000e+003											
3.315000e+001	4.620000e+003											
3.215000e+001	3.090000e+003											
3.115000e+001	1.710000e+003											
3.015000e+001	1.190000e+003											
2.915000e+001	1.180000e+003											
2.815000e+001	8.500000e+002											
2.715000e+001	7.700000e+002											
2.615000e+001	7.700000e+002											
2.515000e+001	7.700000e+002											
2.415000e+001	8.000000e+002											
2.315000e+001	8.100000e+002											
2.215000e+001	8.800000e+002											
2.115000e+001	1.120000e+003											
2.015000e+001	9.500000e+002											
1.915000e+001	8.600000e+002											
1.815000e+001	7.900000e+002											
1.715000e+001	8.500000e+002											
1.615000e+001	9.800000e+002											
1.515000e+001	1.150000e+003											
1.415000e+001	1.190000e+003											
1.315000e+001	1.170000e+003											
1.215000e+001	1.220000e+003											
1.115000e+001	1.460000e+003											
1.015000e+001	1.610000e+003											
9.150000e+000	1.040000e+003											
8.150000e+000	6.300000e+002											
7.150000e+000	5.000000e+002											
6.150000e+000	3.700000e+002											
5.150000e+000	2.800000e+002											
4.150000e+000	1.000000e+002											
3.150000e+000	5.000000e+001											
2.150000e+000	1.000000e+001											