B.E.	wide/2:CPS		B.E.	F 1s/5:CPS		B.E.	O 1s/6:CPS		B.E.	C 1s/7:CPS		
1.102095e+003	3.179000e+004		6.981450e+002	4.806667e+003		5.420950e+002	2.806667e+003		2.985950e+002	1.710000e+003		
1.101095e+003	3.272000e+004		6.980950e+002	4.900000e+003		5.420450e+002	2.788889e+003		2.985450e+002	1.580000e+003		
1.100095e+003	3.340000e+004		6.980450e+002	4.816667e+003		5.419950e+002	2.762222e+003		2.984950e+002	1.603333e+003		
1.099095e+003	3.259000e+004		6.979950e+002	4.730000e+003		5.419450e+002	2.695556e+003		2.984450e+002	1.626667e+003		
1.098095e+003	3.232000e+004		6.979450e+002	4.783333e+003		5.418950e+002	2.693333e+003		2.983950e+002	1.623333e+003		
1.097095e+003	3.307000e+004		6.978950e+002	4.776667e+003		5.418450e+002	2.784444e+003		2.983450e+002	1.503333e+003		
1.096095e+003	3.225000e+004		6.978450e+002	4.710000e+003		5.417950e+002	2.740000e+003		2.982950e+002	1.470000e+003		
1.095095e+003	3.258000e+004		6.977950e+002	4.436667e+003		5.417450e+002	2.735556e+003		2.982450e+002	1.516667e+003		
1.094095e+003	3.364000e+004		6.977450e+002	4.676667e+003		5.416950e+002	2.642222e+003		2.981950e+002	1.633333e+003		
1.093095e+003	3.318000e+004		6.976950e+002	4.720000e+003		5.416450e+002	2.726667e+003		2.981450e+002	1.510000e+003		
1.092095e+003	3.310000e+004		6.976450e+002	4.506667e+003		5.415950e+002	2.775556e+003		2.980950e+002	1.403333e+003		
1.091095e+003	3.329000e+004		6.975950e+002	4.470000e+003		5.415450e+002	2.855556e+003		2.980450e+002	1.416667e+003		
1.090095e+003	3.343000e+004		6.975450e+002	4.586667e+003		5.414950e+002	2.744444e+003		2.979950e+002	1.473333e+003		
1.089095e+003	3.358000e+004		6.974950e+002	4.613333e+003		5.414450e+002	2.735556e+003		2.979450e+002	1.563333e+003		
1.088095e+003	3.290000e+004		6.974450e+002	4.573333e+003		5.413950e+002	2.655556e+003		2.978950e+002	1.480000e+003		
1.087095e+003	3.405000e+004		6.973950e+002	4.480000e+003		5.413450e+002	2.677778e+003		2.978450e+002	1.490000e+003		
1.086095e+003	3.299000e+004		6.973450e+002	4.646667e+003		5.412950e+002	2.777778e+003		2.977950e+002	1.513333e+003		
1.085095e+003	3.299000e+004		6.972950e+002	4.366667e+003		5.412450e+002	2.704444e+003		2.977450e+002	1.590000e+003		
1.084095e+003	3.203000e+004		6.972450e+002	4.443333e+003		5.411950e+002	2.726667e+003		2.976950e+002	1.430000e+003		
1.083095e+003	3.239000e+004		6.971950e+002	4.413333e+003		5.411450e+002	2.693333e+003		2.976450e+002	1.413333e+003		
1.082095e+003	3.225000e+004		6.971450e+002	4.390000e+003		5.410950e+002	2.800000e+003		2.975950e+002	1.456667e+003		
1.081095e+003	3.236000e+004		6.970950e+002	4.213333e+003		5.410450e+002	2.746667e+003		2.975450e+002	1.523333e+003		
1.080095e+003	3.308000e+004		6.970450e+002	4.033333e+003		5.409950e+002	2.715556e+003		2.974950e+002	1.433333e+003		
1.079095e+003	3.360000e+004		6.969950e+002	4.243333e+003		5.409450e+002	2.711111e+003		2.974450e+002	1.496667e+003		
1.078095e+003	3.256000e+004		6.969450e+002	4.276667e+003		5.408950e+002	2.671111e+003		2.973950e+002	1.323333e+003		
1.077095e+003	3.253000e+004		6.968950e+002	4.280000e+003		5.408450e+002	2.686667e+003		2.973450e+002	1.556667e+003		
1.076095e+003	3.370000e+004		6.968450e+002	4.010000e+003		5.407950e+002	2.753333e+003		2.972950e+002	1.326667e+003		
1.075095e+003	3.351000e+004		6.967950e+002	4.096667e+003		5.407450e+002	2.844444e+003		2.972450e+002	1.430000e+003		
1.074095e+003	3.376000e+004		6.967450e+002	3.880000e+003		5.406950e+002	2.782222e+003		2.971950e+002	1.350000e+003		
1.073095e+003	3.414000e+004		6.966950e+002	3.903333e+003		5.406450e+002	2.702222e+003		2.971450e+002	1.426667e+003		
1.072095e+003	3.361000e+004		6.966450e+002	3.973333e+003		5.405950e+002	2.726667e+003		2.970950e+002	1.376667e+003		
1.071095e+003	3.376000e+004		6.965950e+002	4.003333e+003		5.405450e+002	2.664444e+003		2.970450e+002	1.403333e+003		
1.070095e+003	3.365000e+004		6.965450e+002	4.050000e+003		5.404950e+002	2.700000e+003		2.969950e+002	1.363333e+003		
1.069095e+003	3.392000e+004		6.964950e+002	3.870000e+003		5.404450e+002	2.662222e+003		2.969450e+002	1.350000e+003		
1.068095e+003	3.357000e+004		6.964450e+002	4.010000e+003		5.403950e+002	2.740000e+003		2.968950e+002	1.403333e+003		
1.067095e+003	3.369000e+004		6.963950e+002	3.940000e+003		5.403450e+002	2.668889e+003		2.968450e+002	1.333333e+003		
1.066095e+003	3.290000e+004		6.963450e+002	3.966667e+003		5.402950e+002	2.791111e+003		2.967950e+002	1.323333e+003		
1.065095e+003	3.381000e+004		6.962950e+002	3.926667e+003		5.402450e+002	2.700000e+003		2.967450e+002	1.313333e+003		
1.064095e+003	3.427000e+004		6.962450e+002	4.000000e+003		5.401950e+002	2.697778e+003		2.966950e+002	1.363333e+003		
1.063095e+003	3.382000e+004		6.961950e+002	3.893333e+003		5.401450e+002	2.733333e+003		2.966450e+002	1.366667e+003		
1.062095e+003	3.312000e+004		6.961450e+002	3.823333e+003		5.400950e+002	2.722222e+003		2.965950e+002	1.213333e+003		
1.061095e+003	3.331000e+004		6.960950e+002	3.756667e+003		5.400450e+002	2.740000e+003		2.965450e+002	1.226667e+003		
1.060095e+003	3.348000e+004		6.960450e+002	3.936667e+003		5.399950e+002	2.755556e+003		2.964950e+002	1.270000e+003		
1.059095e+003	3.357000e+004		6.959950e+002	3.906667e+003		5.399450e+002	2.755556e+003		2.964450e+002	1.176667e+003		
1.058095e+003	3.386000e+004		6.959450e+002	3.950000e+003		5.398950e+002	2.668889e+003		2.963950e+002	1.313333e+003		
1.057095e+003	3.383000e+004		6.958950e+002	3.953333e+003		5.398450e+002	2.617778e+003		2.963450e+002	1.370000e+003		
1.056095e+003	3.375000e+004		6.958450e+002	3.953333e+003		5.397950e+002	2.584444e+003		2.962950e+002	1.253333e+003		
1.055095e+003	3.375000e+004		6.957950e+002	4.060000e+003		5.397450e+002	2.755556e+003		2.962450e+002	1.243333e+003		
1.054095e+003	3.338000e+004		6.957450e+002	3.853333e+003		5.396950e+002	2.746667e+003		2.961950e+002	1.283333e+003		
1.053095e+003	3.359000e+004		6.956950e+002	3.916667e+003		5.396450e+002	2.731111e+003		2.961450e+002	1.293333e+003		
1.052095e+003	3.394000e+004		6.956450e+002	3.816667e+003		5.395950e+002	2.688889e+003		2.960950e+002	1.373333e+003		
1.051095e+003	3.305000e+004		6.955950e+002	3.633333e+003		5.395450e+002	2.731111e+003		2.960450e+002	1.256667e+003		
1.050095e+003	3.313000e+004		6.955450e+002	3.893333e+003		5.394950e+002	2.628889e+003		2.959950e+002	1.200000e+003		
1.049095e+003	3.376000e+004		6.954950e+002	3.943333e+003		5.394450e+002	2.715556e+003		2.959450e+002	1.283333e+003		
1.048095e+003	3.467000e+004		6.954450e+002	3.823333e+003		5.393950e+002	2.624444e+003		2.958950e+002	1.300000e+003		
1.047095e+003	3.562000e+004		6.953950e+002	3.896667e+003		5.393450e+002	2.664444e+003		2.958450e+002	1.270000e+003		
1.046095e+003	3.535000e+004		6.953450e+002	3.700000e+003		5.392950e+002	2.731111e+003		2.957950e+002	1.226667e+003		
1.045095e+003	3.431000e+004		6.952950e+002	3.730000e+003		5.392450e+002	2.622222e+003		2.957450e+002	1.210000e+003		
1.044095e+003	3.523000e+004		6.952450e+002	3.820000e+003		5.391950e+002	2.660000e+003		2.956950e+002	1.270000e+003		
1.043095e+003	3.464000e+004		6.951950e+002	3.936667e+003		5.391450e+002	2.680000e+003		2.956450e+002	1.223333e+003		
1.042095e+003	3.523000e+004		6.951450e+002	3.870000e+003		5.390950e+002	2.706667e+003		2.955950e+002	1.303333e+003		
1.041095e+003	3.549000e+004		6.950950e+002	3.940000e+003		5.390450e+002	2.748889e+003		2.955450e+002	1.253333e+003		
1.040095e+003	3.457000e+004		6.950450e+002	3.723333e+003		5.389950e+002	2.806667e+003		2.954950e+002	1.250000e+003		
1.039095e+003	3.432000e+004		6.949950e+002	3.750000e+003		5.389450e+002	2.728889e+003		2.954450e+002	1.313333e+003		
1.038095e+003	3.384000e+004		6.949450e+002	3.866667e+003		5.388950e+002	2.622222e+003		2.953950e+002	1.273333e+003		
1.037095e+003	3.390000e+004		6.948950e+002	3.793333e+003		5.388450e+002	2.660000e+003		2.953450e+002	1.136667e+003		
1.036095e+003	3.428000e+004		6.948450e+002	3.880000e+003		5.387950e+002	2.635556e+003		2.952950e+002	1.126667e+003		
1.035095e+003	3.439000e+004		6.947950e+002	3.856667e+003		5.387450e+002	2.768889e+003		2.952450e+002	1.260000e+003		
1.034095e+003	3.506000e+004		6.947450e+002	3.956667e+003		5.386950e+002	2.746667e+003		2.951950e+002	1.340000e+003		
1.033095e+003	3.599000e+004		6.946950e+002	3.996667e+003		5.386450e+002	2.711111e+003		2.951450e+002	1.223333e+003		
1.032095e+003	3.512000e+004		6.946450e+002	4.010000e+003		5.385950e+002	2.722222e+003		2.950950e+002	1.170000e+003		
1.031095e+003	3.411000e+004		6.945950e+002	3.953333e+003		5.385450e+002	2.733333e+003		2.950450e+002	1.150000e+003		
1.030095e+003	3.472000e+004		6.945450e+002	3.860000e+003		5.384950e+002	2.760000e+003		2.949950e+002	1.226667e+003		
1.029095e+003	3.471000e+004		6.944950e+002	3.833333e+003		5.384450e+002	2.675556e+003		2.949450e+002	1.176667e+003		
1.028095e+003	3.515000e+004		6.944450e+002	3.853333e+003		5.383950e+002	2.700000e+003		2.948950e+002	1.153333e+003		
1.027095e+003	3.453000e+004		6.943950e+002	3.886667e+003		5.383450e+002	2.655556e+003		2.948450e+002	1.150000e+003		
1.026095e+003	3.449000e+004		6.943450e+002	3.993333e+003		5.382950e+002	2.700000e+003		2.947950e+002	1.106667e+003		
1.025095e+003	3.493000e+004		6.942950e+002	3.940000e+003		5.382450e+002	2.768889e+003		2.947450e+002	1.220000e+003		
1.024095e+003	3.415000e+004		6.942450e+002	3.766667e+003		5.381950e+002	2.691111e+003		2.946950e+002	1.196667e+003		
1.023095e+003	3.525000e+004		6.941950e+002	3.866667e+003		5.381450e+002	2.664444e+003		2.946450e+002	1.160000e+003		
1.022095e+003	3.453000e+004		6.941450e+002	3.770000e+003		5.380950e+002	2.597778e+003		2.945950e+002	1.100000e+003		
1.021095e+003	3.459000e+004		6.940950e+002	3.876667e+003		5.380450e+002	2.626667e+003		2.945450e+002	1.233333e+003		
1.020095e+003	3.450000e+004		6.940450e+002	3.853333e+003		5.379950e+002	2.640000e+003		2.944950e+002	1.123333e+003		
1.019095e+003	3.527000e+004		6.939950e+002	3.703333e+003		5.379450e+002	2.728889e+003		2.944450e+002	1.126667e+003		
1.018095e+003	3.481000e+004		6.939450e+002	3.780000e+003		5.378950e+002	2.704444e+003		2.943950e+002	1.213333e+003		
1.017095e+003	3.569000e+004		6.938950e+002	3.766667e+003		5.378450e+002	2.693333e+003		2.943450e+002	1.180000e+003		
1.016095e+003	3.506000e+004		6.938450e+002	3.866667e+003		5.377950e+002	2.755556e+003		2.942950e+002	1.236667e+003		
1.015095e+003	3.466000e+004		6.937950e+002	3.873333e+003		5.377450e+002	2.811111e+003		2.942450e+002	1.206667e+003		
1.014095e+003	3.484000e+004		6.937450e+002	3.946667e+003		5.376950e+002	2.746667e+003		2.941950e+002	1.210000e+003		
1.013095e+003	3.533000e+004		6.936950e+002	3.913333e+003		5.376450e+002	2.777778e+003		2.941450e+002	1.243333e+003		
1.012095e+003	3.611000e+004		6.936450e+002	3.860000e+003		5.375950e+002	2.764444e+003		2.940950e+002	1.216667e+003		
1.011095e+003	3.624000e+004		6.935950e+002	3.996667e+003		5.375450e+002	2.793333e+003		2.940450e+002	1.333333e+003		
1.010095e+003	3.580000e+004		6.935450e+002	4.056667e+003		5.374950e+002	2.791111e+003		2.939950e+002	1.343333e+003		
1.009095e+003	3.575000e+004		6.934950e+002	4.030000e+003		5.374450e+002	2.835556e+003		2.939450e+002	1.270000e+003		
1.008095e+003	3.560000e+004		6.934450e+002	3.916667e+003		5.373950e+002	2.882222e+003		2.938950e+002	1.223333e+003		
1.007095e+003	3.547000e+004		6.933950e+002	4.063333e+003		5.373450e+002	2.708889e+003		2.938450e+002	1.236667e+003		
1.006095e+003	3.595000e+004		6.933450e+002	4.116667e+003		5.372950e+002	2.617778e+003		2.937950e+002	1.180000e+003		
1.005095e+003	3.551000e+004		6.932950e+002	4.050000e+003		5.372450e+002	2.697778e+003		2.937450e+002	1.306667e+003		
1.004095e+003	3.584000e+004		6.932450e+002	3.980000e+003		5.371950e+002	2.780000e+003		2.936950e+002	1.193333e+003		
1.003095e+003	3.676000e+004		6.931950e+002	4.230000e+003		5.371450e+002	2.746667e+003		2.936450e+002	1.303333e+003		
1.002095e+003	3.609000e+004		6.931450e+002	4.146667e+003		5.370950e+002	2.642222e+003		2.935950e+002	1.313333e+003		
1.001095e+003	3.571000e+004		6.930950e+002	4.083333e+003		5.370450e+002	2.762222e+003		2.935450e+002	1.276667e+003		
1.000095e+003	3.500000e+004		6.930450e+002	3.890000e+003		5.369950e+002	2.855556e+003		2.934950e+002	1.310000e+003		
9.990950e+002	3.560000e+004		6.929950e+002	3.950000e+003		5.369450e+002	2.733333e+003		2.934450e+002	1.286667e+003		
9.980950e+002	3.619000e+004		6.929450e+002	4.060000e+003		5.368950e+002	2.637778e+003		2.933950e+002	1.366667e+003		
9.970950e+002	3.599000e+004		6.928950e+002	4.160000e+003		5.368450e+002	2.755556e+003		2.933450e+002	1.303333e+003		
9.960950e+002	3.660000e+004		6.928450e+002	4.226667e+003		5.367950e+002	2.724444e+003		2.932950e+002	1.330000e+003		
9.950950e+002	3.602000e+004		6.927950e+002	4.230000e+003		5.367450e+002	2.744444e+003		2.932450e+002	1.370000e+003		
9.940950e+002	3.536000e+004		6.927450e+002	4.233333e+003		5.366950e+002	2.684444e+003		2.931950e+002	1.306667e+003		
9.930950e+002	3.654000e+004		6.926950e+002	4.160000e+003		5.366450e+002	2.853333e+003		2.931450e+002	1.363333e+003		
9.920950e+002	3.599000e+004		6.926450e+002	4.270000e+003		5.365950e+002	2.844444e+003		2.930950e+002	1.400000e+003		
9.910950e+002	3.449000e+004		6.925950e+002	4.363333e+003		5.365450e+002	2.866667e+003		2.930450e+002	1.386667e+003		
9.900950e+002	3.465000e+004		6.925450e+002	4.136667e+003		5.364950e+002	2.837778e+003		2.929950e+002	1.533333e+003		
9.890950e+002	3.571000e+004		6.924950e+002	4.080000e+003		5.364450e+002	2.842222e+003		2.929450e+002	1.640000e+003		
9.880950e+002	3.567000e+004		6.924450e+002	4.226667e+003		5.363950e+002	2.924444e+003		2.928950e+002	1.650000e+003		
9.870950e+002	3.633000e+004		6.923950e+002	4.436667e+003		5.363450e+002	2.977778e+003		2.928450e+002	1.586667e+003		
9.860950e+002	3.562000e+004		6.923450e+002	4.406667e+003		5.362950e+002	2.920000e+003		2.927950e+002	1.560000e+003		
9.850950e+002	3.695000e+004		6.922950e+002	4.410000e+003		5.362450e+002	2.940000e+003		2.927450e+002	1.723333e+003		
9.840950e+002	3.651000e+004		6.922450e+002	4.456667e+003		5.361950e+002	2.928889e+003		2.926950e+002	1.780000e+003		
9.830950e+002	3.647000e+004		6.921950e+002	4.546667e+003		5.361450e+002	3.062222e+003		2.926450e+002	1.926667e+003		
9.820950e+002	3.725000e+004		6.921450e+002	4.523333e+003		5.360950e+002	2.884444e+003		2.925950e+002	1.946667e+003		
9.810950e+002	3.669000e+004		6.920950e+002	4.640000e+003		5.360450e+002	3.057778e+003		2.925450e+002	2.126667e+003		
9.800950e+002	3.689000e+004		6.920450e+002	4.670000e+003		5.359950e+002	2.973333e+003		2.924950e+002	2.173333e+003		
9.790950e+002	3.700000e+004		6.919950e+002	4.470000e+003		5.359450e+002	2.997778e+003		2.924450e+002	2.200000e+003		
9.780950e+002	3.719000e+004		6.919450e+002	4.563333e+003		5.358950e+002	3.064444e+003		2.923950e+002	2.286667e+003		
9.770950e+002	3.723000e+004		6.918950e+002	4.603333e+003		5.358450e+002	3.173333e+003		2.923450e+002	2.583333e+003		
9.760950e+002	3.783000e+004		6.918450e+002	4.693333e+003		5.357950e+002	3.068889e+003		2.922950e+002	2.620000e+003		
9.750950e+002	3.721000e+004		6.917950e+002	4.750000e+003		5.357450e+002	3.066667e+003		2.922450e+002	2.806667e+003		
9.740950e+002	3.711000e+004		6.917450e+002	4.773333e+003		5.356950e+002	3.075556e+003		2.921950e+002	3.046667e+003		
9.730950e+002	3.699000e+004		6.916950e+002	4.650000e+003		5.356450e+002	3.226667e+003		2.921450e+002	3.070000e+003		
9.720950e+002	3.755000e+004		6.916450e+002	5.083333e+003		5.355950e+002	3.117778e+003		2.920950e+002	3.100000e+003		
9.710950e+002	3.619000e+004		6.915950e+002	5.000000e+003		5.355450e+002	3.235556e+003		2.920450e+002	3.180000e+003		
9.700950e+002	3.650000e+004		6.915450e+002	5.156667e+003		5.354950e+002	3.337778e+003		2.919950e+002	3.393333e+003		
9.690950e+002	3.502000e+004		6.914950e+002	5.066667e+003		5.354450e+002	3.222222e+003		2.919450e+002	3.443333e+003		
9.680950e+002	3.537000e+004		6.914450e+002	5.156667e+003		5.353950e+002	3.282222e+003		2.918950e+002	3.486667e+003		
9.670950e+002	3.553000e+004		6.913950e+002	5.123333e+003		5.353450e+002	3.382222e+003		2.918450e+002	3.653333e+003		
9.660950e+002	3.590000e+004		6.913450e+002	5.296667e+003		5.352950e+002	3.477778e+003		2.917950e+002	3.786667e+003		
9.650950e+002	3.499000e+004		6.912950e+002	5.250000e+003		5.352450e+002	3.531111e+003		2.917450e+002	3.680000e+003		
9.640950e+002	3.455000e+004		6.912450e+002	5.516667e+003		5.351950e+002	3.513333e+003		2.916950e+002	3.623333e+003		
9.630950e+002	3.492000e+004		6.911950e+002	5.600000e+003		5.351450e+002	3.546667e+003		2.916450e+002	3.940000e+003		
9.620950e+002	3.549000e+004		6.911450e+002	5.820000e+003		5.350950e+002	3.506667e+003		2.915950e+002	3.706667e+003		
9.610950e+002	3.470000e+004		6.910950e+002	5.990000e+003		5.350450e+002	3.744444e+003		2.915450e+002	3.850000e+003		
9.600950e+002	3.484000e+004		6.910450e+002	6.270000e+003		5.349950e+002	3.822222e+003		2.914950e+002	3.883333e+003		
9.590950e+002	3.592000e+004		6.909950e+002	6.346667e+003		5.349450e+002	4.075556e+003		2.914450e+002	3.793333e+003		
9.580950e+002	3.527000e+004		6.909450e+002	6.830000e+003		5.348950e+002	3.804444e+003		2.913950e+002	3.876667e+003		
9.570950e+002	3.490000e+004		6.908950e+002	6.950000e+003		5.348450e+002	4.077778e+003		2.913450e+002	4.170000e+003		
9.560950e+002	3.661000e+004		6.908450e+002	7.293333e+003		5.347950e+002	4.306667e+003		2.912950e+002	3.953333e+003		
9.550950e+002	3.569000e+004		6.907950e+002	7.346667e+003		5.347450e+002	4.288889e+003		2.912450e+002	4.170000e+003		
9.540950e+002	3.568000e+004		6.907450e+002	7.933333e+003		5.346950e+002	4.428889e+003		2.911950e+002	4.606667e+003		
9.530950e+002	3.640000e+004		6.906950e+002	8.283333e+003		5.346450e+002	4.548889e+003		2.911450e+002	4.700000e+003		
9.520950e+002	3.614000e+004		6.906450e+002	8.960000e+003		5.345950e+002	4.664444e+003		2.910950e+002	4.823333e+003		
9.510950e+002	3.558000e+004		6.905950e+002	9.146667e+003		5.345450e+002	4.795556e+003		2.910450e+002	5.240000e+003		
9.500950e+002	3.555000e+004		6.905450e+002	9.920000e+003		5.344950e+002	4.993333e+003		2.909950e+002	5.676667e+003		
9.490950e+002	3.623000e+004		6.904950e+002	1.029000e+004		5.344450e+002	4.948889e+003		2.909450e+002	6.286667e+003		
9.480950e+002	3.582000e+004		6.904450e+002	1.123000e+004		5.343950e+002	5.146667e+003		2.908950e+002	6.920000e+003		
9.470950e+002	3.608000e+004		6.903950e+002	1.194667e+004		5.343450e+002	5.173333e+003		2.908450e+002	7.496667e+003		
9.460950e+002	3.702000e+004		6.903450e+002	1.332333e+004		5.342950e+002	5.480000e+003		2.907950e+002	8.270000e+003		
9.450950e+002	3.573000e+004		6.902950e+002	1.407667e+004		5.342450e+002	5.544444e+003		2.907450e+002	9.280000e+003		
9.440950e+002	3.509000e+004		6.902450e+002	1.493333e+004		5.341950e+002	5.797778e+003		2.906950e+002	1.013667e+004		
9.430950e+002	3.523000e+004		6.901950e+002	1.615333e+004		5.341450e+002	5.933333e+003		2.906450e+002	1.119667e+004		
9.420950e+002	3.558000e+004		6.901450e+002	1.777333e+004		5.340950e+002	6.026667e+003		2.905950e+002	1.218333e+004		
9.410950e+002	3.528000e+004		6.900950e+002	1.954333e+004		5.340450e+002	6.093333e+003		2.905450e+002	1.300333e+004		
9.400950e+002	3.616000e+004		6.900450e+002	2.055667e+004		5.339950e+002	6.348889e+003		2.904950e+002	1.484667e+004		
9.390950e+002	3.617000e+004		6.899950e+002	2.250333e+004		5.339450e+002	6.426667e+003		2.904450e+002	1.634333e+004		
9.380950e+002	3.642000e+004		6.899450e+002	2.458000e+004		5.338950e+002	6.511111e+003		2.903950e+002	1.774667e+004		
9.370950e+002	3.597000e+004		6.898950e+002	2.661000e+004		5.338450e+002	6.693333e+003		2.903450e+002	1.863000e+004		
9.360950e+002	3.571000e+004		6.898450e+002	2.885333e+004		5.337950e+002	6.753333e+003		2.902950e+002	2.070667e+004		
9.350950e+002	3.657000e+004		6.897950e+002	3.187667e+004		5.337450e+002	6.844444e+003		2.902450e+002	2.266333e+004		
9.340950e+002	3.635000e+004		6.897450e+002	3.418333e+004		5.336950e+002	6.924444e+003		2.901950e+002	2.353667e+004		
9.330950e+002	3.601000e+004		6.896950e+002	3.649333e+004		5.336450e+002	7.082222e+003		2.901450e+002	2.480667e+004		
9.320950e+002	3.555000e+004		6.896450e+002	4.001333e+004		5.335950e+002	7.168889e+003		2.900950e+002	2.611333e+004		
9.310950e+002	3.569000e+004		6.895950e+002	4.370000e+004		5.335450e+002	7.500000e+003		2.900450e+002	2.705667e+004		
9.300950e+002	3.671000e+004		6.895450e+002	4.692333e+004		5.334950e+002	7.613333e+003		2.899950e+002	2.820333e+004		
9.290950e+002	3.665000e+004		6.894950e+002	4.992000e+004		5.334450e+002	7.553333e+003		2.899450e+002	2.848000e+004		
9.280950e+002	3.654000e+004		6.894450e+002	5.423667e+004		5.333950e+002	7.617778e+003		2.898950e+002	2.926667e+004		
9.270950e+002	3.663000e+004		6.893950e+002	5.740000e+004		5.333450e+002	7.535556e+003		2.898450e+002	2.940000e+004		
9.260950e+002	3.650000e+004		6.893450e+002	6.101333e+004		5.332950e+002	7.480000e+003		2.897950e+002	2.898667e+004		
9.250950e+002	3.651000e+004		6.892950e+002	6.441667e+004		5.332450e+002	7.613333e+003		2.897450e+002	2.938000e+004		
9.240950e+002	3.729000e+004		6.892450e+002	6.904333e+004		5.331950e+002	7.622222e+003		2.896950e+002	2.856667e+004		
9.230950e+002	3.686000e+004		6.891950e+002	7.282000e+004		5.331450e+002	7.544444e+003		2.896450e+002	2.685333e+004		
9.220950e+002	3.667000e+004		6.891450e+002	7.669000e+004		5.330950e+002	7.351111e+003		2.895950e+002	2.582333e+004		
9.210950e+002	3.729000e+004		6.890950e+002	8.013000e+004		5.330450e+002	7.682222e+003		2.895450e+002	2.419667e+004		
9.200950e+002	3.698000e+004		6.890450e+002	8.348667e+004		5.329950e+002	7.395556e+003		2.894950e+002	2.263667e+004		
9.190950e+002	3.659000e+004		6.889950e+002	8.637333e+004		5.329450e+002	7.560000e+003		2.894450e+002	2.128667e+004		
9.180950e+002	3.649000e+004		6.889450e+002	8.934000e+004		5.328950e+002	7.635556e+003		2.893950e+002	1.976667e+004		
9.170950e+002	3.678000e+004		6.888950e+002	9.228667e+004		5.328450e+002	7.317778e+003		2.893450e+002	1.825000e+004		
9.160950e+002	3.689000e+004		6.888450e+002	9.481000e+004		5.327950e+002	7.397778e+003		2.892950e+002	1.667333e+004		
9.150950e+002	3.686000e+004		6.887950e+002	9.623000e+004		5.327450e+002	7.348889e+003		2.892450e+002	1.489667e+004		
9.140950e+002	3.708000e+004		6.887450e+002	9.701333e+004		5.326950e+002	7.177778e+003		2.891950e+002	1.343333e+004		
9.130950e+002	3.789000e+004		6.886950e+002	9.859667e+004		5.326450e+002	6.946667e+003		2.891450e+002	1.218333e+004		
9.120950e+002	3.707000e+004		6.886450e+002	9.946000e+004		5.325950e+002	6.782222e+003		2.890950e+002	1.081667e+004		
9.110950e+002	3.701000e+004		6.885950e+002	9.925333e+004		5.325450e+002	6.940000e+003		2.890450e+002	9.936667e+003		
9.100950e+002	3.792000e+004		6.885450e+002	9.922000e+004		5.324950e+002	6.900000e+003		2.889950e+002	8.886667e+003		
9.090950e+002	3.685000e+004		6.884950e+002	9.672667e+004		5.324450e+002	6.724444e+003		2.889450e+002	7.980000e+003		
9.080950e+002	3.594000e+004		6.884450e+002	9.488333e+004		5.323950e+002	6.633333e+003		2.888950e+002	7.336667e+003		
9.070950e+002	3.626000e+004		6.883950e+002	9.319333e+004		5.323450e+002	6.475556e+003		2.888450e+002	6.740000e+003		
9.060950e+002	3.704000e+004		6.883450e+002	9.033000e+004		5.322950e+002	6.315556e+003		2.887950e+002	6.200000e+003		
9.050950e+002	3.663000e+004		6.882950e+002	8.757667e+004		5.322450e+002	6.144444e+003		2.887450e+002	5.813333e+003		
9.040950e+002	3.716000e+004		6.882450e+002	8.344667e+004		5.321950e+002	6.151111e+003		2.886950e+002	5.263333e+003		
9.030950e+002	3.701000e+004		6.881950e+002	8.102667e+004		5.321450e+002	6.064444e+003		2.886450e+002	5.076667e+003		
9.020950e+002	3.799000e+004		6.881450e+002	7.701000e+004		5.320950e+002	5.902222e+003		2.885950e+002	4.553333e+003		
9.010950e+002	3.810000e+004		6.880950e+002	7.248000e+004		5.320450e+002	5.768889e+003		2.885450e+002	4.286667e+003		
9.000950e+002	3.686000e+004		6.880450e+002	6.801667e+004		5.319950e+002	5.788889e+003		2.884950e+002	4.106667e+003		
8.990950e+002	3.776000e+004		6.879950e+002	6.349667e+004		5.319450e+002	5.548889e+003		2.884450e+002	4.086667e+003		
8.980950e+002	3.715000e+004		6.879450e+002	5.910000e+004		5.318950e+002	5.657778e+003		2.883950e+002	3.896667e+003		
8.970950e+002	3.790000e+004		6.878950e+002	5.499000e+004		5.318450e+002	5.415556e+003		2.883450e+002	3.876667e+003		
8.960950e+002	3.868000e+004		6.878450e+002	5.114667e+004		5.317950e+002	5.095556e+003		2.882950e+002	3.516667e+003		
8.950950e+002	3.858000e+004		6.877950e+002	4.746000e+004		5.317450e+002	5.017778e+003		2.882450e+002	3.513333e+003		
8.940950e+002	3.815000e+004		6.877450e+002	4.365000e+004		5.316950e+002	5.073333e+003		2.881950e+002	3.590000e+003		
8.930950e+002	3.764000e+004		6.876950e+002	3.973333e+004		5.316450e+002	4.888889e+003		2.881450e+002	3.616667e+003		
8.920950e+002	3.815000e+004		6.876450e+002	3.655333e+004		5.315950e+002	4.617778e+003		2.880950e+002	3.530000e+003		
8.910950e+002	3.799000e+004		6.875950e+002	3.338000e+004		5.315450e+002	4.666667e+003		2.880450e+002	3.476667e+003		
8.900950e+002	3.837000e+004		6.875450e+002	2.998000e+004		5.314950e+002	4.551111e+003		2.879950e+002	3.386667e+003		
8.890950e+002	3.866000e+004		6.874950e+002	2.802667e+004		5.314450e+002	4.280000e+003		2.879450e+002	3.473333e+003		
8.880950e+002	3.885000e+004		6.874450e+002	2.539667e+004		5.313950e+002	4.333333e+003		2.878950e+002	3.473333e+003		
8.870950e+002	3.796000e+004		6.873950e+002	2.310333e+004		5.313450e+002	4.086667e+003		2.878450e+002	3.426667e+003		
8.860950e+002	3.872000e+004		6.873450e+002	2.120667e+004		5.312950e+002	3.875556e+003		2.877950e+002	3.440000e+003		
8.850950e+002	3.999000e+004		6.872950e+002	1.970333e+004		5.312450e+002	3.940000e+003		2.877450e+002	3.483333e+003		
8.840950e+002	4.007000e+004		6.872450e+002	1.803000e+004		5.311950e+002	3.784444e+003		2.876950e+002	3.500000e+003		
8.830950e+002	3.936000e+004		6.871950e+002	1.600000e+004		5.311450e+002	3.693333e+003		2.876450e+002	3.636667e+003		
8.820950e+002	3.986000e+004		6.871450e+002	1.449667e+004		5.310950e+002	3.602222e+003		2.875950e+002	3.556667e+003		
8.810950e+002	4.075000e+004		6.870950e+002	1.394333e+004		5.310450e+002	3.508889e+003		2.875450e+002	3.536667e+003		
8.800950e+002	4.160000e+004		6.870450e+002	1.274000e+004		5.309950e+002	3.357778e+003		2.874950e+002	3.716667e+003		
8.790950e+002	4.133000e+004		6.869950e+002	1.175000e+004		5.309450e+002	3.335556e+003		2.874450e+002	3.663333e+003		
8.780950e+002	3.998000e+004		6.869450e+002	1.084000e+004		5.308950e+002	3.331111e+003		2.873950e+002	3.663333e+003		
8.770950e+002	3.940000e+004		6.868950e+002	1.008667e+004		5.308450e+002	3.204444e+003		2.873450e+002	3.670000e+003		
8.760950e+002	3.947000e+004		6.868450e+002	9.333333e+003		5.307950e+002	3.053333e+003		2.872950e+002	3.656667e+003		
8.750950e+002	3.953000e+004		6.867950e+002	8.790000e+003		5.307450e+002	3.108889e+003		2.872450e+002	3.586667e+003		
8.740950e+002	3.835000e+004		6.867450e+002	8.180000e+003		5.306950e+002	3.046667e+003		2.871950e+002	3.660000e+003		
8.730950e+002	3.871000e+004		6.866950e+002	7.516667e+003		5.306450e+002	2.997778e+003		2.871450e+002	3.540000e+003		
8.720950e+002	3.782000e+004		6.866450e+002	7.360000e+003		5.305950e+002	2.942222e+003		2.870950e+002	3.663333e+003		
8.710950e+002	3.837000e+004		6.865950e+002	6.943333e+003		5.305450e+002	2.971111e+003		2.870450e+002	3.670000e+003		
8.700950e+002	3.880000e+004		6.865450e+002	6.666667e+003		5.304950e+002	2.828889e+003		2.869950e+002	3.773333e+003		
8.690950e+002	3.895000e+004		6.864950e+002	6.513333e+003		5.304450e+002	2.895556e+003		2.869450e+002	3.620000e+003		
8.680950e+002	3.806000e+004		6.864450e+002	6.253333e+003		5.303950e+002	2.651111e+003		2.868950e+002	3.753333e+003		
8.670950e+002	3.942000e+004		6.863950e+002	5.836667e+003		5.303450e+002	2.648889e+003		2.868450e+002	3.716667e+003		
8.660950e+002	3.973000e+004		6.863450e+002	5.510000e+003		5.302950e+002	2.764444e+003		2.867950e+002	3.710000e+003		
8.650950e+002	4.103000e+004		6.862950e+002	5.293333e+003		5.302450e+002	2.784444e+003		2.867450e+002	3.583333e+003		
8.640950e+002	4.219000e+004		6.862450e+002	5.243333e+003		5.301950e+002	2.686667e+003		2.866950e+002	3.810000e+003		
8.630950e+002	4.274000e+004		6.861950e+002	5.053333e+003		5.301450e+002	2.595556e+003		2.866450e+002	3.706667e+003		
8.620950e+002	4.437000e+004		6.861450e+002	5.056667e+003		5.300950e+002	2.655556e+003		2.865950e+002	3.926667e+003		
8.610950e+002	4.521000e+004		6.860950e+002	4.986667e+003		5.300450e+002	2.608889e+003		2.865450e+002	3.926667e+003		
8.600950e+002	4.618000e+004		6.860450e+002	4.573333e+003		5.299950e+002	2.571111e+003		2.864950e+002	3.853333e+003		
8.590950e+002	4.572000e+004		6.859950e+002	4.400000e+003		5.299450e+002	2.671111e+003		2.864450e+002	3.873333e+003		
8.580950e+002	4.508000e+004		6.859450e+002	4.623333e+003		5.298950e+002	2.744444e+003		2.863950e+002	3.930000e+003		
8.570950e+002	4.423000e+004		6.858950e+002	4.383333e+003		5.298450e+002	2.684444e+003		2.863450e+002	4.076667e+003		
8.560950e+002	4.165000e+004		6.858450e+002	4.240000e+003		5.297950e+002	2.680000e+003		2.862950e+002	4.133333e+003		
8.550950e+002	4.186000e+004		6.857950e+002	4.280000e+003		5.297450e+002	2.593333e+003		2.862450e+002	4.106667e+003		
8.540950e+002	4.106000e+004		6.857450e+002	4.086667e+003		5.296950e+002	2.664444e+003		2.861950e+002	4.176667e+003		
8.530950e+002	4.093000e+004		6.856950e+002	4.073333e+003		5.296450e+002	2.615556e+003		2.861450e+002	4.350000e+003		
8.520950e+002	4.025000e+004		6.856450e+002	4.193333e+003		5.295950e+002	2.560000e+003		2.860950e+002	4.353333e+003		
8.510950e+002	3.829000e+004		6.855950e+002	4.053333e+003		5.295450e+002	2.548889e+003		2.860450e+002	4.330000e+003		
8.500950e+002	3.823000e+004		6.855450e+002	3.763333e+003		5.294950e+002	2.560000e+003		2.859950e+002	4.486667e+003		
8.490950e+002	3.708000e+004		6.854950e+002	3.833333e+003		5.294450e+002	2.582222e+003		2.859450e+002	4.536667e+003		
8.480950e+002	3.565000e+004		6.854450e+002	3.926667e+003		5.293950e+002	2.584444e+003		2.858950e+002	4.683333e+003		
8.470950e+002	3.567000e+004		6.853950e+002	3.653333e+003		5.293450e+002	2.722222e+003		2.858450e+002	4.816667e+003		
8.460950e+002	3.500000e+004		6.853450e+002	3.656667e+003		5.292950e+002	2.713333e+003		2.857950e+002	5.243333e+003		
8.450950e+002	3.436000e+004		6.852950e+002	3.653333e+003		5.292450e+002	2.546667e+003		2.857450e+002	5.220000e+003		
8.440950e+002	3.376000e+004		6.852450e+002	3.656667e+003		5.291950e+002	2.691111e+003		2.856950e+002	5.393333e+003		
8.430950e+002	3.385000e+004		6.851950e+002	3.670000e+003		5.291450e+002	2.577778e+003		2.856450e+002	5.776667e+003		
8.420950e+002	3.460000e+004		6.851450e+002	3.646667e+003		5.290950e+002	2.528889e+003		2.855950e+002	5.796667e+003		
8.410950e+002	3.636000e+004		6.850950e+002	3.536667e+003		5.290450e+002	2.628889e+003		2.855450e+002	6.166667e+003		
8.400950e+002	3.577000e+004		6.850450e+002	3.486667e+003		5.289950e+002	2.648889e+003		2.854950e+002	6.416667e+003		
8.390950e+002	3.663000e+004		6.849950e+002	3.486667e+003		5.289450e+002	2.546667e+003		2.854450e+002	6.750000e+003		
8.380950e+002	3.969000e+004		6.849450e+002	3.693333e+003		5.288950e+002	2.522222e+003		2.853950e+002	6.906667e+003		
8.370950e+002	4.427000e+004		6.848950e+002	3.570000e+003		5.288450e+002	2.586667e+003		2.853450e+002	6.926667e+003		
8.360950e+002	4.914000e+004		6.848450e+002	3.456667e+003		5.287950e+002	2.557778e+003		2.852950e+002	7.450000e+003		
8.350950e+002	5.548000e+004		6.847950e+002	3.556667e+003		5.287450e+002	2.575556e+003		2.852450e+002	8.060000e+003		
8.340950e+002	5.916000e+004		6.847450e+002	3.430000e+003		5.286950e+002	2.486667e+003		2.851950e+002	8.410000e+003		
8.330950e+002	6.122000e+004		6.846950e+002	3.493333e+003		5.286450e+002	2.573333e+003		2.851450e+002	8.846667e+003		
8.320950e+002	5.994000e+004		6.846450e+002	3.440000e+003		5.285950e+002	2.417778e+003		2.850950e+002	9.063333e+003		
8.310950e+002	5.435000e+004		6.845950e+002	3.303333e+003		5.285450e+002	2.524444e+003		2.850450e+002	9.043333e+003		
8.300950e+002	4.983000e+004		6.845450e+002	3.280000e+003		5.284950e+002	2.544444e+003		2.849950e+002	9.853333e+003		
8.290950e+002	4.555000e+004		6.844950e+002	3.423333e+003		5.284450e+002	2.728889e+003		2.849450e+002	1.022000e+004		
8.280950e+002	4.117000e+004		6.844450e+002	3.413333e+003		5.283950e+002	2.697778e+003		2.848950e+002	1.056667e+004		
8.270950e+002	3.834000e+004		6.843950e+002	3.443333e+003		5.283450e+002	2.620000e+003		2.848450e+002	1.067333e+004		
8.260950e+002	3.533000e+004		6.843450e+002	3.306667e+003		5.282950e+002	2.660000e+003		2.847950e+002	1.115333e+004		
8.250950e+002	3.299000e+004		6.842950e+002	3.300000e+003		5.282450e+002	2.602222e+003		2.847450e+002	1.099667e+004		
8.240950e+002	3.076000e+004		6.842450e+002	3.246667e+003		5.281950e+002	2.622222e+003		2.846950e+002	1.123667e+004		
8.230950e+002	2.919000e+004		6.841950e+002	3.370000e+003		5.281450e+002	2.582222e+003		2.846450e+002	1.124333e+004		
8.220950e+002	2.763000e+004		6.841450e+002	3.186667e+003		5.280950e+002	2.624444e+003		2.845950e+002	1.107333e+004		
8.210950e+002	2.641000e+004		6.840950e+002	3.393333e+003		5.280450e+002	2.597778e+003		2.845450e+002	1.133333e+004		
8.200950e+002	2.554000e+004		6.840450e+002	3.293333e+003		5.279950e+002	2.582222e+003		2.844950e+002	1.091000e+004		
8.190950e+002	2.409000e+004		6.839950e+002	3.243333e+003		5.279450e+002	2.526667e+003		2.844450e+002	1.087000e+004		
8.180950e+002	2.453000e+004		6.839450e+002	3.163333e+003		5.278950e+002	2.568889e+003		2.843950e+002	1.054333e+004		
8.170950e+002	2.466000e+004		6.838950e+002	3.116667e+003		5.278450e+002	2.602222e+003		2.843450e+002	1.006000e+004		
8.160950e+002	2.346000e+004		6.838450e+002	3.263333e+003		5.277950e+002	2.644444e+003		2.842950e+002	9.656667e+003		
8.150950e+002	2.402000e+004		6.837950e+002	3.080000e+003		5.277450e+002	2.642222e+003		2.842450e+002	9.280000e+003		
8.140950e+002	2.328000e+004		6.837450e+002	3.240000e+003		5.276950e+002	2.575556e+003		2.841950e+002	8.633333e+003		
8.130950e+002	2.254000e+004		6.836950e+002	3.250000e+003		5.276450e+002	2.568889e+003		2.841450e+002	8.043333e+003		
8.120950e+002	2.284000e+004		6.836450e+002	3.140000e+003		5.275950e+002	2.611111e+003		2.840950e+002	7.513333e+003		
8.110950e+002	2.332000e+004		6.835950e+002	3.210000e+003		5.275450e+002	2.504444e+003		2.840450e+002	6.546667e+003		
8.100950e+002	2.345000e+004		6.835450e+002	3.073333e+003		5.274950e+002	2.595556e+003		2.839950e+002	6.103333e+003		
8.090950e+002	2.308000e+004		6.834950e+002	3.093333e+003		5.274450e+002	2.600000e+003		2.839450e+002	5.460000e+003		
8.080950e+002	2.345000e+004		6.834450e+002	3.110000e+003		5.273950e+002	2.482222e+003		2.838950e+002	4.963333e+003		
8.070950e+002	2.295000e+004		6.833950e+002	3.100000e+003		5.273450e+002	2.524444e+003		2.838450e+002	4.353333e+003		
8.060950e+002	2.303000e+004		6.833450e+002	3.063333e+003		5.272950e+002	2.611111e+003		2.837950e+002	3.890000e+003		
8.050950e+002	2.294000e+004		6.832950e+002	3.033333e+003		5.272450e+002	2.484444e+003		2.837450e+002	3.290000e+003		
8.040950e+002	2.316000e+004		6.832450e+002	3.103333e+003		5.271950e+002	2.526667e+003		2.836950e+002	3.020000e+003		
8.030950e+002	2.325000e+004		6.831950e+002	2.960000e+003		5.271450e+002	2.508889e+003		2.836450e+002	2.590000e+003		
8.020950e+002	2.322000e+004		6.831450e+002	2.930000e+003		5.270950e+002	2.564444e+003		2.835950e+002	2.230000e+003		
8.010950e+002	2.275000e+004		6.830950e+002	3.013333e+003		5.270450e+002	2.548889e+003		2.835450e+002	1.803333e+003		
8.000950e+002	2.352000e+004		6.830450e+002	3.176667e+003		5.269950e+002	2.611111e+003		2.834950e+002	1.553333e+003		
7.990950e+002	2.285000e+004		6.829950e+002	3.143333e+003		5.269450e+002	2.520000e+003		2.834450e+002	1.540000e+003		
7.980950e+002	2.271000e+004		6.829450e+002	3.133333e+003		5.268950e+002	2.588889e+003		2.833950e+002	1.343333e+003		
7.970950e+002	2.298000e+004		6.828950e+002	3.043333e+003		5.268450e+002	2.611111e+003		2.833450e+002	1.206667e+003		
7.960950e+002	2.429000e+004		6.828450e+002	3.093333e+003		5.267950e+002	2.482222e+003		2.832950e+002	1.163333e+003		
7.950950e+002	2.320000e+004		6.827950e+002	3.050000e+003		5.267450e+002	2.551111e+003		2.832450e+002	1.023333e+003		
7.940950e+002	2.349000e+004		6.827450e+002	2.996667e+003		5.266950e+002	2.553333e+003		2.831950e+002	1.006667e+003		
7.930950e+002	2.352000e+004		6.826950e+002	3.026667e+003		5.266450e+002	2.673333e+003		2.831450e+002	8.966667e+002		
7.920950e+002	2.367000e+004		6.826450e+002	3.146667e+003		5.265950e+002	2.586667e+003		2.830950e+002	7.333333e+002		
7.910950e+002	2.372000e+004		6.825950e+002	3.100000e+003		5.265450e+002	2.604444e+003		2.830450e+002	8.466667e+002		
7.900950e+002	2.333000e+004		6.825450e+002	3.070000e+003		5.264950e+002	2.628889e+003		2.829950e+002	7.400000e+002		
7.890950e+002	2.341000e+004		6.824950e+002	2.940000e+003		5.264450e+002	2.640000e+003		2.829450e+002	7.333333e+002		
7.880950e+002	2.346000e+004		6.824450e+002	3.086667e+003		5.263950e+002	2.560000e+003		2.828950e+002	7.533333e+002		
7.870950e+002	2.384000e+004		6.823950e+002	2.953333e+003		5.263450e+002	2.480000e+003		2.828450e+002	6.600000e+002		
7.860950e+002	2.278000e+004		6.823450e+002	2.920000e+003		5.262950e+002	2.520000e+003		2.827950e+002	6.433333e+002		
7.850950e+002	2.287000e+004		6.822950e+002	3.080000e+003		5.262450e+002	2.424444e+003		2.827450e+002	6.166667e+002		
7.840950e+002	2.343000e+004		6.822450e+002	2.993333e+003		5.261950e+002	2.400000e+003		2.826950e+002	6.500000e+002		
7.830950e+002	2.312000e+004		6.821950e+002	3.043333e+003		5.261450e+002	2.571111e+003		2.826450e+002	6.766667e+002		
7.820950e+002	2.344000e+004		6.821450e+002	2.993333e+003		5.260950e+002	2.531111e+003		2.825950e+002	6.100000e+002		
7.810950e+002	2.318000e+004		6.820950e+002	3.003333e+003		5.260450e+002	2.577778e+003		2.825450e+002	6.966667e+002		
7.800950e+002	2.366000e+004		6.820450e+002	3.076667e+003		5.259950e+002	2.602222e+003		2.824950e+002	5.833333e+002		
7.790950e+002	2.387000e+004		6.819950e+002	2.920000e+003		5.259450e+002	2.573333e+003		2.824450e+002	6.000000e+002		
7.780950e+002	2.337000e+004		6.819450e+002	2.963333e+003		5.258950e+002	2.557778e+003		2.823950e+002	6.133333e+002		
7.770950e+002	2.347000e+004		6.818950e+002	2.996667e+003		5.258450e+002	2.471111e+003		2.823450e+002	6.200000e+002		
7.760950e+002	2.375000e+004		6.818450e+002	3.050000e+003		5.257950e+002	2.633333e+003		2.822950e+002	6.233333e+002		
7.750950e+002	2.326000e+004		6.817950e+002	3.090000e+003		5.257450e+002	2.604444e+003		2.822450e+002	5.700000e+002		
7.740950e+002	2.254000e+004		6.817450e+002	2.983333e+003		5.256950e+002	2.588889e+003		2.821950e+002	5.900000e+002		
7.730950e+002	2.304000e+004		6.816950e+002	2.950000e+003		5.256450e+002	2.622222e+003		2.821450e+002	6.400000e+002		
7.720950e+002	2.356000e+004		6.816450e+002	3.003333e+003		5.255950e+002	2.566667e+003		2.820950e+002	5.800000e+002		
7.710950e+002	2.338000e+004		6.815950e+002	2.953333e+003		5.255450e+002	2.626667e+003		2.820450e+002	5.700000e+002		
7.700950e+002	2.340000e+004		6.815450e+002	2.886667e+003		5.254950e+002	2.626667e+003		2.819950e+002	4.533333e+002		
7.690950e+002	2.393000e+004		6.814950e+002	2.840000e+003		5.254450e+002	2.644444e+003		2.819450e+002	5.800000e+002		
7.680950e+002	2.409000e+004		6.814450e+002	2.836667e+003		5.253950e+002	2.584444e+003		2.818950e+002	6.233333e+002		
7.670950e+002	2.397000e+004		6.813950e+002	3.003333e+003		5.253450e+002	2.602222e+003		2.818450e+002	5.366667e+002		
7.660950e+002	2.383000e+004		6.813450e+002	2.943333e+003		5.252950e+002	2.573333e+003		2.817950e+002	5.466667e+002		
7.650950e+002	2.364000e+004		6.812950e+002	3.026667e+003		5.252450e+002	2.515556e+003		2.817450e+002	5.666667e+002		
7.640950e+002	2.371000e+004		6.812450e+002	2.920000e+003		5.251950e+002	2.673333e+003		2.816950e+002	5.500000e+002		
7.630950e+002	2.325000e+004		6.811950e+002	2.986667e+003		5.251450e+002	2.484444e+003		2.816450e+002	5.400000e+002		
7.620950e+002	2.424000e+004		6.811450e+002	2.996667e+003		5.250950e+002	2.573333e+003		2.815950e+002	5.966667e+002		
7.610950e+002	2.454000e+004		6.810950e+002	3.050000e+003		5.250450e+002	2.500000e+003		2.815450e+002	5.800000e+002		
7.600950e+002	2.466000e+004		6.810450e+002	3.016667e+003		5.249950e+002	2.646667e+003		2.814950e+002	5.666667e+002		
7.590950e+002	2.377000e+004		6.809950e+002	2.776667e+003		5.249450e+002	2.660000e+003		2.814450e+002	5.266667e+002		
7.580950e+002	2.391000e+004		6.809450e+002	2.793333e+003		5.248950e+002	2.486667e+003		2.813950e+002	5.833333e+002		
7.570950e+002	2.474000e+004		6.808950e+002	2.783333e+003		5.248450e+002	2.488889e+003		2.813450e+002	6.033333e+002		
7.560950e+002	2.466000e+004		6.808450e+002	2.940000e+003		5.247950e+002	2.464444e+003		2.812950e+002	5.966667e+002		
7.550950e+002	2.511000e+004		6.807950e+002	2.846667e+003		5.247450e+002	2.544444e+003		2.812450e+002	5.600000e+002		
7.540950e+002	2.376000e+004		6.807450e+002	3.123333e+003		5.246950e+002	2.611111e+003		2.811950e+002	5.166667e+002		
7.530950e+002	2.404000e+004		6.806950e+002	2.993333e+003		5.246450e+002	2.544444e+003		2.811450e+002	4.866667e+002		
7.520950e+002	2.393000e+004		6.806450e+002	2.953333e+003		5.245950e+002	2.571111e+003		2.810950e+002	5.366667e+002		
7.510950e+002	2.392000e+004		6.805950e+002	2.976667e+003		5.245450e+002	2.704444e+003		2.810450e+002	5.166667e+002		
7.500950e+002	2.442000e+004		6.805450e+002	3.070000e+003		5.244950e+002	2.504444e+003		2.809950e+002	5.866667e+002		
7.490950e+002	2.473000e+004		6.804950e+002	3.046667e+003		5.244450e+002	2.580000e+003		2.809450e+002	6.600000e+002		
7.480950e+002	2.501000e+004		6.804450e+002	2.913333e+003		5.243950e+002	2.451111e+003		2.808950e+002	5.733333e+002		
7.470950e+002	2.409000e+004		6.803950e+002	2.916667e+003		5.243450e+002	2.575556e+003		2.808450e+002	5.500000e+002		
7.460950e+002	2.354000e+004		6.803450e+002	2.953333e+003		5.242950e+002	2.515556e+003		2.807950e+002	5.566667e+002		
7.450950e+002	2.399000e+004		6.802950e+002	2.856667e+003		5.242450e+002	2.473333e+003		2.807450e+002	5.033333e+002		
7.440950e+002	2.380000e+004		6.802450e+002	3.013333e+003		5.241950e+002	2.648889e+003		2.806950e+002	5.533333e+002		
7.430950e+002	2.394000e+004		6.801950e+002	2.890000e+003		5.241450e+002	2.551111e+003		2.806450e+002	5.000000e+002		
7.420950e+002	2.442000e+004		6.801450e+002	2.916667e+003		5.240950e+002	2.642222e+003		2.805950e+002	5.366667e+002		
7.410950e+002	2.425000e+004		6.800950e+002	2.923333e+003					2.805450e+002	5.400000e+002		
7.400950e+002	2.466000e+004		6.800450e+002	2.983333e+003					2.804950e+002	5.700000e+002		
7.390950e+002	2.395000e+004		6.799950e+002	2.956667e+003					2.804450e+002	5.066667e+002		
7.380950e+002	2.412000e+004		6.799450e+002	2.870000e+003					2.803950e+002	5.933333e+002		
7.370950e+002	2.388000e+004		6.798950e+002	2.970000e+003					2.803450e+002	6.133333e+002		
7.360950e+002	2.381000e+004		6.798450e+002	2.880000e+003					2.802950e+002	5.300000e+002		
7.350950e+002	2.291000e+004		6.797950e+002	2.873333e+003					2.802450e+002	4.933333e+002		
7.340950e+002	2.385000e+004		6.797450e+002	3.020000e+003					2.801950e+002	5.600000e+002		
7.330950e+002	2.411000e+004		6.796950e+002	2.953333e+003					2.801450e+002	5.566667e+002		
7.320950e+002	2.339000e+004		6.796450e+002	2.973333e+003					2.800950e+002	5.300000e+002		
7.310950e+002	2.350000e+004		6.795950e+002	2.930000e+003					2.800450e+002	5.400000e+002		
7.300950e+002	2.407000e+004		6.795450e+002	2.950000e+003					2.799950e+002	5.833333e+002		
7.290950e+002	2.447000e+004		6.794950e+002	3.036667e+003					2.799450e+002	5.733333e+002		
7.280950e+002	2.326000e+004		6.794450e+002	2.870000e+003					2.798950e+002	5.766667e+002		
7.270950e+002	2.310000e+004		6.793950e+002	2.883333e+003					2.798450e+002	4.933333e+002		
7.260950e+002	2.345000e+004		6.793450e+002	2.890000e+003					2.797950e+002	5.600000e+002		
7.250950e+002	2.335000e+004		6.792950e+002	2.786667e+003					2.797450e+002	4.900000e+002		
7.240950e+002	2.476000e+004		6.792450e+002	2.926667e+003					2.796950e+002	4.933333e+002		
7.230950e+002	2.512000e+004		6.791950e+002	3.056667e+003					2.796450e+002	4.600000e+002		
7.220950e+002	2.507000e+004		6.791450e+002	2.973333e+003					2.795950e+002	5.900000e+002		
7.210950e+002	2.550000e+004		6.790950e+002	2.876667e+003					2.795450e+002	5.033333e+002		
7.200950e+002	2.561000e+004		6.790450e+002	2.986667e+003					2.794950e+002	4.966667e+002		
7.190950e+002	2.565000e+004		6.789950e+002	2.980000e+003					2.794450e+002	5.400000e+002		
7.180950e+002	2.616000e+004		6.789450e+002	2.813333e+003					2.793950e+002	5.666667e+002		
7.170950e+002	2.568000e+004		6.788950e+002	3.030000e+003					2.793450e+002	5.933333e+002		
7.160950e+002	2.498000e+004		6.788450e+002	3.000000e+003					2.792950e+002	5.366667e+002		
7.150950e+002	2.554000e+004		6.787950e+002	2.863333e+003					2.792450e+002	4.766667e+002		
7.140950e+002	2.500000e+004		6.787450e+002	2.986667e+003					2.791950e+002	4.933333e+002		
7.130950e+002	2.579000e+004		6.786950e+002	2.926667e+003					2.791450e+002	5.233333e+002		
7.120950e+002	2.560000e+004		6.786450e+002	2.920000e+003					2.790950e+002	5.866667e+002		
7.110950e+002	2.589000e+004		6.785950e+002	2.883333e+003					2.790450e+002	5.466667e+002		
7.100950e+002	2.446000e+004		6.785450e+002	2.883333e+003					2.789950e+002	5.200000e+002		
7.090950e+002	2.448000e+004		6.784950e+002	3.136667e+003					2.789450e+002	4.833333e+002		
7.080950e+002	2.398000e+004		6.784450e+002	3.053333e+003					2.788950e+002	5.733333e+002		
7.070950e+002	2.293000e+004		6.783950e+002	2.870000e+003					2.788450e+002	5.200000e+002		
7.060950e+002	2.198000e+004		6.783450e+002	2.910000e+003					2.787950e+002	4.833333e+002		
7.050950e+002	2.061000e+004		6.782950e+002	2.986667e+003					2.787450e+002	5.766667e+002		
7.040950e+002	1.937000e+004		6.782450e+002	2.916667e+003					2.786950e+002	5.133333e+002		
7.030950e+002	1.846000e+004		6.781950e+002	2.896667e+003					2.786450e+002	5.000000e+002		
7.020950e+002	1.811000e+004		6.781450e+002	2.930000e+003					2.785950e+002	5.066667e+002		
7.010950e+002	1.700000e+004		6.780950e+002	3.123333e+003					2.785450e+002	4.933333e+002		
7.000950e+002	1.576000e+004		6.780450e+002	2.870000e+003					2.784950e+002	5.233333e+002		
6.990950e+002	1.465000e+004								2.784450e+002	4.666667e+002		
6.980950e+002	1.337000e+004								2.783950e+002	4.600000e+002		
6.970950e+002	1.177000e+004								2.783450e+002	5.233333e+002		
6.960950e+002	1.093000e+004								2.782950e+002	5.566667e+002		
6.950950e+002	1.053000e+004								2.782450e+002	5.433333e+002		
6.940950e+002	1.030000e+004								2.781950e+002	5.166667e+002		
6.930950e+002	1.108000e+004								2.781450e+002	4.700000e+002		
6.920950e+002	1.338000e+004								2.780950e+002	5.566667e+002		
6.910950e+002	1.995000e+004								2.780450e+002	6.366667e+002		
6.900950e+002	5.247000e+004								2.779950e+002	4.566667e+002		
6.890950e+002	1.442500e+005								2.779450e+002	5.066667e+002		
6.880950e+002	1.810300e+005								2.778950e+002	4.966667e+002		
6.870950e+002	7.999000e+004								2.778450e+002	5.833333e+002		
6.860950e+002	2.067000e+004								2.777950e+002	5.633333e+002		
6.850950e+002	1.052000e+004								2.777450e+002	4.566667e+002		
6.840950e+002	8.490000e+003								2.776950e+002	5.766667e+002		
6.830950e+002	7.920000e+003								2.776450e+002	4.933333e+002		
6.820950e+002	7.830000e+003								2.775950e+002	5.033333e+002		
6.810950e+002	8.010000e+003								2.775450e+002	5.133333e+002		
6.800950e+002	7.890000e+003								2.774950e+002	4.733333e+002		
6.790950e+002	7.500000e+003								2.774450e+002	4.733333e+002		
6.780950e+002	7.570000e+003								2.773950e+002	5.766667e+002		
6.770950e+002	7.880000e+003								2.773450e+002	5.133333e+002		
6.760950e+002	7.350000e+003								2.772950e+002	5.266667e+002		
6.750950e+002	7.500000e+003								2.772450e+002	5.200000e+002		
6.740950e+002	7.450000e+003								2.771950e+002	5.333333e+002		
6.730950e+002	7.560000e+003								2.771450e+002	5.600000e+002		
6.720950e+002	7.430000e+003								2.770950e+002	5.033333e+002		
6.710950e+002	7.260000e+003								2.770450e+002	4.933333e+002		
6.700950e+002	7.320000e+003								2.769950e+002	5.100000e+002		
6.690950e+002	7.140000e+003								2.769450e+002	5.100000e+002		
6.680950e+002	7.760000e+003								2.768950e+002	4.866667e+002		
6.670950e+002	8.150000e+003								2.768450e+002	5.133333e+002		
6.660950e+002	7.700000e+003								2.767950e+002	5.600000e+002		
6.650950e+002	7.660000e+003								2.767450e+002	5.400000e+002		
6.640950e+002	7.310000e+003								2.766950e+002	5.000000e+002		
6.630950e+002	7.260000e+003								2.766450e+002	5.533333e+002		
6.620950e+002	7.700000e+003								2.765950e+002	5.333333e+002		
6.610950e+002	7.410000e+003								2.765450e+002	5.366667e+002		
6.600950e+002	7.700000e+003								2.764950e+002	5.066667e+002		
6.590950e+002	7.900000e+003								2.764450e+002	4.866667e+002		
6.580950e+002	8.070000e+003								2.763950e+002	5.033333e+002		
6.570950e+002	7.620000e+003								2.763450e+002	5.100000e+002		
6.560950e+002	6.890000e+003								2.762950e+002	5.466667e+002		
6.550950e+002	7.310000e+003								2.762450e+002	5.266667e+002		
6.540950e+002	7.730000e+003								2.761950e+002	5.233333e+002		
6.530950e+002	7.640000e+003								2.761450e+002	4.933333e+002		
6.520950e+002	7.710000e+003								2.760950e+002	5.000000e+002		
6.510950e+002	7.980000e+003								2.760450e+002	5.233333e+002		
6.500950e+002	7.660000e+003								2.759950e+002	5.733333e+002		
6.490950e+002	7.860000e+003								2.759450e+002	5.000000e+002		
6.480950e+002	7.910000e+003								2.758950e+002	5.933333e+002		
6.470950e+002	7.370000e+003								2.758450e+002	6.100000e+002		
6.460950e+002	7.640000e+003								2.757950e+002	5.333333e+002		
6.450950e+002	7.100000e+003								2.757450e+002	5.066667e+002		
6.440950e+002	7.540000e+003								2.756950e+002	5.133333e+002		
6.430950e+002	7.900000e+003								2.756450e+002	4.833333e+002		
6.420950e+002	7.660000e+003								2.755950e+002	4.966667e+002		
6.410950e+002	7.840000e+003											
6.400950e+002	8.040000e+003											
6.390950e+002	7.980000e+003											
6.380950e+002	7.580000e+003											
6.370950e+002	7.700000e+003											
6.360950e+002	7.760000e+003											
6.350950e+002	7.600000e+003											
6.340950e+002	8.210000e+003											
6.330950e+002	7.700000e+003											
6.320950e+002	7.260000e+003											
6.310950e+002	7.690000e+003											
6.300950e+002	7.810000e+003											
6.290950e+002	7.850000e+003											
6.280950e+002	7.550000e+003											
6.270950e+002	7.920000e+003											
6.260950e+002	7.740000e+003											
6.250950e+002	7.740000e+003											
6.240950e+002	7.520000e+003											
6.230950e+002	7.640000e+003											
6.220950e+002	7.200000e+003											
6.210950e+002	7.590000e+003											
6.200950e+002	7.850000e+003											
6.190950e+002	8.100000e+003											
6.180950e+002	7.860000e+003											
6.170950e+002	7.850000e+003											
6.160950e+002	7.740000e+003											
6.150950e+002	8.080000e+003											
6.140950e+002	7.990000e+003											
6.130950e+002	7.750000e+003											
6.120950e+002	7.900000e+003											
6.110950e+002	8.400000e+003											
6.100950e+002	8.010000e+003											
6.090950e+002	7.290000e+003											
6.080950e+002	8.160000e+003											
6.070950e+002	8.080000e+003											
6.060950e+002	7.690000e+003											
6.050950e+002	7.570000e+003											
6.040950e+002	7.480000e+003											
6.030950e+002	7.690000e+003											
6.020950e+002	7.910000e+003											
6.010950e+002	7.820000e+003											
6.000950e+002	7.740000e+003											
5.990950e+002	7.450000e+003											
5.980950e+002	7.970000e+003											
5.970950e+002	7.920000e+003											
5.960950e+002	8.080000e+003											
5.950950e+002	7.990000e+003											
5.940950e+002	7.890000e+003											
5.930950e+002	7.910000e+003											
5.920950e+002	7.930000e+003											
5.910950e+002	7.880000e+003											
5.900950e+002	7.820000e+003											
5.890950e+002	7.900000e+003											
5.880950e+002	8.010000e+003											
5.870950e+002	7.840000e+003											
5.860950e+002	8.020000e+003											
5.850950e+002	8.050000e+003											
5.840950e+002	7.980000e+003											
5.830950e+002	8.380000e+003											
5.820950e+002	8.360000e+003											
5.810950e+002	7.830000e+003											
5.800950e+002	7.880000e+003											
5.790950e+002	8.480000e+003											
5.780950e+002	8.180000e+003											
5.770950e+002	8.320000e+003											
5.760950e+002	8.070000e+003											
5.750950e+002	7.950000e+003											
5.740950e+002	8.110000e+003											
5.730950e+002	8.170000e+003											
5.720950e+002	8.170000e+003											
5.710950e+002	7.970000e+003											
5.700950e+002	8.150000e+003											
5.690950e+002	8.190000e+003											
5.680950e+002	8.400000e+003											
5.670950e+002	8.300000e+003											
5.660950e+002	7.890000e+003											
5.650950e+002	8.120000e+003											
5.640950e+002	8.360000e+003											
5.630950e+002	7.920000e+003											
5.620950e+002	8.180000e+003											
5.610950e+002	8.130000e+003											
5.600950e+002	8.180000e+003											
5.590950e+002	8.410000e+003											
5.580950e+002	8.330000e+003											
5.570950e+002	8.780000e+003											
5.560950e+002	8.520000e+003											
5.550950e+002	8.930000e+003											
5.540950e+002	8.440000e+003											
5.530950e+002	8.520000e+003											
5.520950e+002	7.960000e+003											
5.510950e+002	7.990000e+003											
5.500950e+002	8.120000e+003											
5.490950e+002	7.960000e+003											
5.480950e+002	7.950000e+003											
5.470950e+002	7.870000e+003											
5.460950e+002	7.670000e+003											
5.450950e+002	7.720000e+003											
5.440950e+002	7.900000e+003											
5.430950e+002	7.530000e+003											
5.420950e+002	7.030000e+003											
5.410950e+002	6.820000e+003											
5.400950e+002	6.990000e+003											
5.390950e+002	7.110000e+003											
5.380950e+002	7.250000e+003											
5.370950e+002	7.240000e+003											
5.360950e+002	7.830000e+003											
5.350950e+002	9.430000e+003											
5.340950e+002	1.382000e+004											
5.330950e+002	1.777000e+004											
5.320950e+002	1.646000e+004											
5.310950e+002	1.138000e+004											
5.300950e+002	8.090000e+003											
5.290950e+002	6.930000e+003											
5.280950e+002	6.970000e+003											
5.270950e+002	6.750000e+003											
5.260950e+002	6.930000e+003											
5.250950e+002	6.550000e+003											
5.240950e+002	6.720000e+003											
5.230950e+002	6.550000e+003											
5.220950e+002	6.980000e+003											
5.210950e+002	6.920000e+003											
5.200950e+002	6.600000e+003											
5.190950e+002	6.890000e+003											
5.180950e+002	6.830000e+003											
5.170950e+002	6.760000e+003											
5.160950e+002	7.080000e+003											
5.150950e+002	6.830000e+003											
5.140950e+002	6.780000e+003											
5.130950e+002	6.660000e+003											
5.120950e+002	6.810000e+003											
5.110950e+002	6.670000e+003											
5.100950e+002	6.860000e+003											
5.090950e+002	7.050000e+003											
5.080950e+002	6.540000e+003											
5.070950e+002	6.810000e+003											
5.060950e+002	6.930000e+003											
5.050950e+002	6.510000e+003											
5.040950e+002	7.090000e+003											
5.030950e+002	6.880000e+003											
5.020950e+002	6.940000e+003											
5.010950e+002	6.900000e+003											
5.000950e+002	6.810000e+003											
4.990950e+002	6.940000e+003											
4.980950e+002	6.780000e+003											
4.970950e+002	6.910000e+003											
4.960950e+002	6.900000e+003											
4.950950e+002	6.580000e+003											
4.940950e+002	6.920000e+003											
4.930950e+002	6.750000e+003											
4.920950e+002	6.740000e+003											
4.910950e+002	6.930000e+003											
4.900950e+002	7.010000e+003											
4.890950e+002	7.140000e+003											
4.880950e+002	6.860000e+003											
4.870950e+002	6.880000e+003											
4.860950e+002	6.810000e+003											
4.850950e+002	7.130000e+003											
4.840950e+002	7.080000e+003											
4.830950e+002	7.110000e+003											
4.820950e+002	6.990000e+003											
4.810950e+002	6.590000e+003											
4.800950e+002	6.900000e+003											
4.790950e+002	6.850000e+003											
4.780950e+002	6.750000e+003											
4.770950e+002	6.920000e+003											
4.760950e+002	6.980000e+003											
4.750950e+002	6.920000e+003											
4.740950e+002	7.200000e+003											
4.730950e+002	6.820000e+003											
4.720950e+002	6.960000e+003											
4.710950e+002	7.500000e+003											
4.700950e+002	7.170000e+003											
4.690950e+002	6.720000e+003											
4.680950e+002	6.960000e+003											
4.670950e+002	7.310000e+003											
4.660950e+002	6.820000e+003											
4.650950e+002	6.850000e+003											
4.640950e+002	7.040000e+003											
4.630950e+002	7.300000e+003											
4.620950e+002	7.180000e+003											
4.610950e+002	7.090000e+003											
4.600950e+002	6.900000e+003											
4.590950e+002	7.100000e+003											
4.580950e+002	7.160000e+003											
4.570950e+002	7.300000e+003											
4.560950e+002	7.140000e+003											
4.550950e+002	6.820000e+003											
4.540950e+002	6.630000e+003											
4.530950e+002	7.220000e+003											
4.520950e+002	7.430000e+003											
4.510950e+002	7.080000e+003											
4.500950e+002	7.170000e+003											
4.490950e+002	7.140000e+003											
4.480950e+002	7.040000e+003											
4.470950e+002	6.900000e+003											
4.460950e+002	6.940000e+003											
4.450950e+002	7.450000e+003											
4.440950e+002	7.320000e+003											
4.430950e+002	6.970000e+003											
4.420950e+002	6.840000e+003											
4.410950e+002	6.890000e+003											
4.400950e+002	7.450000e+003											
4.390950e+002	7.110000e+003											
4.380950e+002	7.070000e+003											
4.370950e+002	7.300000e+003											
4.360950e+002	7.110000e+003											
4.350950e+002	7.300000e+003											
4.340950e+002	7.380000e+003											
4.330950e+002	7.470000e+003											
4.320950e+002	7.660000e+003											
4.310950e+002	7.440000e+003											
4.300950e+002	7.520000e+003											
4.290950e+002	7.140000e+003											
4.280950e+002	7.330000e+003											
4.270950e+002	7.050000e+003											
4.260950e+002	7.350000e+003											
4.250950e+002	7.790000e+003											
4.240950e+002	7.240000e+003											
4.230950e+002	7.460000e+003											
4.220950e+002	6.980000e+003											
4.210950e+002	7.380000e+003											
4.200950e+002	7.280000e+003											
4.190950e+002	7.350000e+003											
4.180950e+002	7.600000e+003											
4.170950e+002	7.040000e+003											
4.160950e+002	7.390000e+003											
4.150950e+002	7.340000e+003											
4.140950e+002	7.430000e+003											
4.130950e+002	7.470000e+003											
4.120950e+002	7.450000e+003											
4.110950e+002	7.710000e+003											
4.100950e+002	7.650000e+003											
4.090950e+002	7.560000e+003											
4.080950e+002	7.730000e+003											
4.070950e+002	7.660000e+003											
4.060950e+002	7.480000e+003											
4.050950e+002	7.630000e+003											
4.040950e+002	7.700000e+003											
4.030950e+002	7.970000e+003											
4.020950e+002	8.000000e+003											
4.010950e+002	7.760000e+003											
4.000950e+002	7.850000e+003											
3.990950e+002	7.960000e+003											
3.980950e+002	7.970000e+003											
3.970950e+002	7.220000e+003											
3.960950e+002	7.110000e+003											
3.950950e+002	7.450000e+003											
3.940950e+002	7.520000e+003											
3.930950e+002	7.520000e+003											
3.920950e+002	7.380000e+003											
3.910950e+002	7.600000e+003											
3.900950e+002	7.630000e+003											
3.890950e+002	7.980000e+003											
3.880950e+002	7.510000e+003											
3.870950e+002	7.650000e+003											
3.860950e+002	7.630000e+003											
3.850950e+002	7.930000e+003											
3.840950e+002	7.870000e+003											
3.830950e+002	8.050000e+003											
3.820950e+002	7.840000e+003											
3.810950e+002	7.880000e+003											
3.800950e+002	7.930000e+003											
3.790950e+002	7.820000e+003											
3.780950e+002	7.640000e+003											
3.770950e+002	7.970000e+003											
3.760950e+002	7.950000e+003											
3.750950e+002	7.910000e+003											
3.740950e+002	8.060000e+003											
3.730950e+002	8.500000e+003											
3.720950e+002	8.110000e+003											
3.710950e+002	7.730000e+003											
3.700950e+002	7.770000e+003											
3.690950e+002	8.140000e+003											
3.680950e+002	7.510000e+003											
3.670950e+002	7.670000e+003											
3.660950e+002	8.150000e+003											
3.650950e+002	7.860000e+003											
3.640950e+002	7.920000e+003											
3.630950e+002	8.000000e+003											
3.620950e+002	8.060000e+003											
3.610950e+002	7.910000e+003											
3.600950e+002	7.880000e+003											
3.590950e+002	8.050000e+003											
3.580950e+002	8.130000e+003											
3.570950e+002	8.270000e+003											
3.560950e+002	7.840000e+003											
3.550950e+002	8.080000e+003											
3.540950e+002	8.290000e+003											
3.530950e+002	8.510000e+003											
3.520950e+002	8.200000e+003											
3.510950e+002	8.400000e+003											
3.500950e+002	8.890000e+003											
3.490950e+002	8.530000e+003											
3.480950e+002	8.180000e+003											
3.470950e+002	8.940000e+003											
3.460950e+002	8.730000e+003											
3.450950e+002	8.540000e+003											
3.440950e+002	7.860000e+003											
3.430950e+002	8.120000e+003											
3.420950e+002	8.340000e+003											
3.410950e+002	8.450000e+003											
3.400950e+002	8.460000e+003											
3.390950e+002	8.190000e+003											
3.380950e+002	8.520000e+003											
3.370950e+002	8.070000e+003											
3.360950e+002	8.230000e+003											
3.350950e+002	8.600000e+003											
3.340950e+002	8.490000e+003											
3.330950e+002	8.330000e+003											
3.320950e+002	8.010000e+003											
3.310950e+002	8.300000e+003											
3.300950e+002	9.040000e+003											
3.290950e+002	8.660000e+003											
3.280950e+002	9.010000e+003											
3.270950e+002	8.540000e+003											
3.260950e+002	8.960000e+003											
3.250950e+002	9.000000e+003											
3.240950e+002	9.470000e+003											
3.230950e+002	8.680000e+003											
3.220950e+002	9.170000e+003											
3.210950e+002	9.620000e+003											
3.200950e+002	9.740000e+003											
3.190950e+002	9.250000e+003											
3.180950e+002	8.770000e+003											
3.170950e+002	8.920000e+003											
3.160950e+002	9.330000e+003											
3.150950e+002	8.730000e+003											
3.140950e+002	8.990000e+003											
3.130950e+002	8.840000e+003											
3.120950e+002	8.700000e+003											
3.110950e+002	8.620000e+003											
3.100950e+002	8.680000e+003											
3.090950e+002	8.430000e+003											
3.080950e+002	8.340000e+003											
3.070950e+002	7.760000e+003											
3.060950e+002	7.830000e+003											
3.050950e+002	7.540000e+003											
3.040950e+002	7.440000e+003											
3.030950e+002	7.180000e+003											
3.020950e+002	6.470000e+003											
3.010950e+002	6.140000e+003											
3.000950e+002	5.580000e+003											
2.990950e+002	4.850000e+003											
2.980950e+002	4.800000e+003											
2.970950e+002	4.150000e+003											
2.960950e+002	3.710000e+003											
2.950950e+002	3.520000e+003											
2.940950e+002	3.380000e+003											
2.930950e+002	4.520000e+003											
2.920950e+002	8.270000e+003											
2.910950e+002	1.756000e+004											
2.900950e+002	4.347000e+004											
2.890950e+002	4.322000e+004											
2.880950e+002	1.596000e+004											
2.870950e+002	1.025000e+004											
2.860950e+002	1.177000e+004											
2.850950e+002	1.896000e+004											
2.840950e+002	1.994000e+004											
2.830950e+002	7.390000e+003											
2.820950e+002	2.430000e+003											
2.810950e+002	1.650000e+003											
2.800950e+002	1.380000e+003											
2.790950e+002	1.300000e+003											
2.780950e+002	1.310000e+003											
2.770950e+002	1.320000e+003											
2.760950e+002	1.470000e+003											
2.750950e+002	1.320000e+003											
2.740950e+002	1.420000e+003											
2.730950e+002	1.480000e+003											
2.720950e+002	1.450000e+003											
2.710950e+002	1.500000e+003											
2.700950e+002	1.550000e+003											
2.690950e+002	1.580000e+003											
2.680950e+002	1.250000e+003											
2.670950e+002	1.260000e+003											
2.660950e+002	1.330000e+003											
2.650950e+002	1.320000e+003											
2.640950e+002	1.470000e+003											
2.630950e+002	1.380000e+003											
2.620950e+002	1.320000e+003											
2.610950e+002	1.450000e+003											
2.600950e+002	1.370000e+003											
2.590950e+002	1.450000e+003											
2.580950e+002	1.400000e+003											
2.570950e+002	1.180000e+003											
2.560950e+002	1.460000e+003											
2.550950e+002	1.340000e+003											
2.540950e+002	1.490000e+003											
2.530950e+002	1.330000e+003											
2.520950e+002	1.510000e+003											
2.510950e+002	1.430000e+003											
2.500950e+002	1.440000e+003											
2.490950e+002	1.450000e+003											
2.480950e+002	1.450000e+003											
2.470950e+002	1.510000e+003											
2.460950e+002	1.400000e+003											
2.450950e+002	1.340000e+003											
2.440950e+002	1.500000e+003											
2.430950e+002	1.280000e+003											
2.420950e+002	1.480000e+003											
2.410950e+002	1.460000e+003											
2.400950e+002	1.590000e+003											
2.390950e+002	1.480000e+003											
2.380950e+002	1.260000e+003											
2.370950e+002	1.400000e+003											
2.360950e+002	1.490000e+003											
2.350950e+002	1.450000e+003											
2.340950e+002	1.510000e+003											
2.330950e+002	1.410000e+003											
2.320950e+002	1.560000e+003											
2.310950e+002	1.570000e+003											
2.300950e+002	1.450000e+003											
2.290950e+002	1.450000e+003											
2.280950e+002	1.310000e+003											
2.270950e+002	1.460000e+003											
2.260950e+002	1.500000e+003											
2.250950e+002	1.400000e+003											
2.240950e+002	1.200000e+003											
2.230950e+002	1.490000e+003											
2.220950e+002	1.360000e+003											
2.210950e+002	1.430000e+003											
2.200950e+002	1.540000e+003											
2.190950e+002	1.330000e+003											
2.180950e+002	1.100000e+003											
2.170950e+002	1.510000e+003											
2.160950e+002	1.400000e+003											
2.150950e+002	1.400000e+003											
2.140950e+002	1.620000e+003											
2.130950e+002	1.410000e+003											
2.120950e+002	1.540000e+003											
2.110950e+002	1.460000e+003											
2.100950e+002	1.530000e+003											
2.090950e+002	1.550000e+003											
2.080950e+002	1.410000e+003											
2.070950e+002	1.510000e+003											
2.060950e+002	1.650000e+003											
2.050950e+002	1.420000e+003											
2.040950e+002	1.440000e+003											
2.030950e+002	1.460000e+003											
2.020950e+002	1.460000e+003											
2.010950e+002	1.620000e+003											
2.000950e+002	1.490000e+003											
1.990950e+002	1.560000e+003											
1.980950e+002	1.380000e+003											
1.970950e+002	1.470000e+003											
1.960950e+002	1.480000e+003											
1.950950e+002	1.560000e+003											
1.940950e+002	1.450000e+003											
1.930950e+002	1.400000e+003											
1.920950e+002	1.430000e+003											
1.910950e+002	1.540000e+003											
1.900950e+002	1.620000e+003											
1.890950e+002	1.250000e+003											
1.880950e+002	1.290000e+003											
1.870950e+002	1.580000e+003											
1.860950e+002	1.680000e+003											
1.850950e+002	1.380000e+003											
1.840950e+002	1.490000e+003											
1.830950e+002	1.440000e+003											
1.820950e+002	1.480000e+003											
1.810950e+002	1.470000e+003											
1.800950e+002	1.460000e+003											
1.790950e+002	1.510000e+003											
1.780950e+002	1.480000e+003											
1.770950e+002	1.590000e+003											
1.760950e+002	1.430000e+003											
1.750950e+002	1.490000e+003											
1.740950e+002	1.340000e+003											
1.730950e+002	1.550000e+003											
1.720950e+002	1.440000e+003											
1.710950e+002	1.500000e+003											
1.700950e+002	1.700000e+003											
1.690950e+002	1.720000e+003											
1.680950e+002	1.700000e+003											
1.670950e+002	1.590000e+003											
1.660950e+002	1.490000e+003											
1.650950e+002	1.620000e+003											
1.640950e+002	1.480000e+003											
1.630950e+002	1.320000e+003											
1.620950e+002	1.410000e+003											
1.610950e+002	1.490000e+003											
1.600950e+002	1.560000e+003											
1.590950e+002	1.420000e+003											
1.580950e+002	1.230000e+003											
1.570950e+002	1.480000e+003											
1.560950e+002	1.400000e+003											
1.550950e+002	1.520000e+003											
1.540950e+002	1.560000e+003											
1.530950e+002	1.840000e+003											
1.520950e+002	1.560000e+003											
1.510950e+002	1.610000e+003											
1.500950e+002	1.590000e+003											
1.490950e+002	1.430000e+003											
1.480950e+002	1.400000e+003											
1.470950e+002	1.450000e+003											
1.460950e+002	1.370000e+003											
1.450950e+002	1.420000e+003											
1.440950e+002	1.420000e+003											
1.430950e+002	1.600000e+003											
1.420950e+002	1.510000e+003											
1.410950e+002	1.440000e+003											
1.400950e+002	1.450000e+003											
1.390950e+002	1.380000e+003											
1.380950e+002	1.620000e+003											
1.370950e+002	1.700000e+003											
1.360950e+002	1.570000e+003											
1.350950e+002	1.510000e+003											
1.340950e+002	1.620000e+003											
1.330950e+002	1.470000e+003											
1.320950e+002	1.510000e+003											
1.310950e+002	1.620000e+003											
1.300950e+002	1.680000e+003											
1.290950e+002	1.510000e+003											
1.280950e+002	1.530000e+003											
1.270950e+002	1.590000e+003											
1.260950e+002	1.640000e+003											
1.250950e+002	1.660000e+003											
1.240950e+002	1.750000e+003											
1.230950e+002	1.550000e+003											
1.220950e+002	1.420000e+003											
1.210950e+002	1.460000e+003											
1.200950e+002	1.460000e+003											
1.190950e+002	1.500000e+003											
1.180950e+002	1.490000e+003											
1.170950e+002	1.710000e+003											
1.160950e+002	1.640000e+003											
1.150950e+002	1.590000e+003											
1.140950e+002	1.600000e+003											
1.130950e+002	1.520000e+003											
1.120950e+002	1.550000e+003											
1.110950e+002	1.460000e+003											
1.100950e+002	1.440000e+003											
1.090950e+002	1.700000e+003											
1.080950e+002	1.460000e+003											
1.070950e+002	1.450000e+003											
1.060950e+002	1.540000e+003											
1.050950e+002	1.570000e+003											
1.040950e+002	1.500000e+003											
1.030950e+002	1.680000e+003											
1.020950e+002	1.780000e+003											
1.010950e+002	1.840000e+003											
1.000950e+002	1.860000e+003											
9.909500e+001	1.570000e+003											
9.809500e+001	1.440000e+003											
9.709500e+001	1.850000e+003											
9.609500e+001	1.630000e+003											
9.509500e+001	1.680000e+003											
9.409500e+001	1.620000e+003											
9.309500e+001	1.590000e+003											
9.209500e+001	1.490000e+003											
9.109500e+001	1.780000e+003											
9.009500e+001	1.730000e+003											
8.909500e+001	1.690000e+003											
8.809500e+001	1.460000e+003											
8.709500e+001	1.570000e+003											
8.609500e+001	1.680000e+003											
8.509500e+001	1.470000e+003											
8.409500e+001	1.480000e+003											
8.309500e+001	1.460000e+003											
8.209500e+001	1.530000e+003											
8.109500e+001	1.590000e+003											
8.009500e+001	1.760000e+003											
7.909500e+001	1.550000e+003											
7.809500e+001	1.440000e+003											
7.709500e+001	1.580000e+003											
7.609500e+001	1.710000e+003											
7.509500e+001	1.600000e+003											
7.409500e+001	1.720000e+003											
7.309500e+001	1.580000e+003											
7.209500e+001	1.700000e+003											
7.109500e+001	1.630000e+003											
7.009500e+001	1.710000e+003											
6.909500e+001	1.720000e+003											
6.809500e+001	1.730000e+003											
6.709500e+001	1.810000e+003											
6.609500e+001	1.650000e+003											
6.509500e+001	1.800000e+003											
6.409500e+001	1.740000e+003											
6.309500e+001	1.820000e+003											
6.209500e+001	1.720000e+003											
6.109500e+001	1.890000e+003											
6.009500e+001	1.860000e+003											
5.909500e+001	1.590000e+003											
5.809500e+001	1.650000e+003											
5.709500e+001	1.840000e+003											
5.609500e+001	1.680000e+003											
5.509500e+001	1.630000e+003											
5.409500e+001	1.470000e+003											
5.309500e+001	1.780000e+003											
5.209500e+001	1.610000e+003											
5.109500e+001	1.680000e+003											
5.009500e+001	1.510000e+003											
4.909500e+001	1.670000e+003											
4.809500e+001	1.440000e+003											
4.709500e+001	1.300000e+003											
4.609500e+001	1.560000e+003											
4.509500e+001	1.470000e+003											
4.409500e+001	1.190000e+003											
4.309500e+001	1.260000e+003											
4.209500e+001	1.310000e+003											
4.109500e+001	1.220000e+003											
4.009500e+001	1.340000e+003											
3.909500e+001	1.420000e+003											
3.809500e+001	1.610000e+003											
3.709500e+001	2.130000e+003											
3.609500e+001	3.320000e+003											
3.509500e+001	5.060000e+003											
3.409500e+001	6.260000e+003											
3.309500e+001	5.410000e+003											
3.209500e+001	3.230000e+003											
3.109500e+001	2.150000e+003											
3.009500e+001	1.600000e+003											
2.909500e+001	1.310000e+003											
2.809500e+001	1.200000e+003											
2.709500e+001	9.300000e+002											
2.609500e+001	1.030000e+003											
2.509500e+001	8.200000e+002											
2.409500e+001	7.800000e+002											
2.309500e+001	8.800000e+002											
2.209500e+001	1.160000e+003											
2.109500e+001	1.290000e+003											
2.009500e+001	1.300000e+003											
1.909500e+001	1.320000e+003											
1.809500e+001	1.200000e+003											
1.709500e+001	1.140000e+003											
1.609500e+001	1.430000e+003											
1.509500e+001	1.440000e+003											
1.409500e+001	1.730000e+003											
1.309500e+001	1.480000e+003											
1.209500e+001	1.360000e+003											
1.109500e+001	1.610000e+003											
1.009500e+001	1.810000e+003											
9.095000e+000	1.320000e+003											
8.095000e+000	8.200000e+002											
7.095000e+000	5.600000e+002											
6.095000e+000	4.400000e+002											
5.095000e+000	3.000000e+002											
4.095000e+000	2.000000e+002											
3.095000e+000	8.000000e+001											
2.095000e+000	1.000000e+001											