B.E.	wide/2:CPS		B.E.	F 1s/5:CPS		B.E.	O 1s/6:CPS		B.E.	C 1s/7:CPS		
1.102122e+003	2.857000e+004		6.981720e+002	4.253333e+003		5.421220e+002	2.444444e+003		2.986220e+002	1.483333e+003		
1.101122e+003	2.809000e+004		6.981220e+002	4.290000e+003		5.420720e+002	2.428889e+003		2.985720e+002	1.576667e+003		
1.100122e+003	2.808000e+004		6.980720e+002	4.090000e+003		5.420220e+002	2.531111e+003		2.985220e+002	1.410000e+003		
1.099122e+003	2.753000e+004		6.980220e+002	4.173333e+003		5.419720e+002	2.391111e+003		2.984720e+002	1.453333e+003		
1.098122e+003	2.751000e+004		6.979720e+002	4.003333e+003		5.419220e+002	2.535556e+003		2.984220e+002	1.373333e+003		
1.097122e+003	2.779000e+004		6.979220e+002	4.160000e+003		5.418720e+002	2.526667e+003		2.983720e+002	1.436667e+003		
1.096122e+003	2.788000e+004		6.978720e+002	4.106667e+003		5.418220e+002	2.560000e+003		2.983220e+002	1.473333e+003		
1.095122e+003	2.790000e+004		6.978220e+002	3.923333e+003		5.417720e+002	2.480000e+003		2.982720e+002	1.416667e+003		
1.094122e+003	2.763000e+004		6.977720e+002	4.116667e+003		5.417220e+002	2.506667e+003		2.982220e+002	1.530000e+003		
1.093122e+003	2.807000e+004		6.977220e+002	4.006667e+003		5.416720e+002	2.560000e+003		2.981720e+002	1.416667e+003		
1.092122e+003	2.838000e+004		6.976720e+002	4.043333e+003		5.416220e+002	2.435556e+003		2.981220e+002	1.430000e+003		
1.091122e+003	2.759000e+004		6.976220e+002	3.906667e+003		5.415720e+002	2.468889e+003		2.980720e+002	1.426667e+003		
1.090122e+003	2.773000e+004		6.975720e+002	3.956667e+003		5.415220e+002	2.528889e+003		2.980220e+002	1.296667e+003		
1.089122e+003	2.810000e+004		6.975220e+002	3.970000e+003		5.414720e+002	2.544444e+003		2.979720e+002	1.396667e+003		
1.088122e+003	2.768000e+004		6.974720e+002	4.050000e+003		5.414220e+002	2.455556e+003		2.979220e+002	1.446667e+003		
1.087122e+003	2.782000e+004		6.974220e+002	3.756667e+003		5.413720e+002	2.460000e+003		2.978720e+002	1.303333e+003		
1.086122e+003	2.816000e+004		6.973720e+002	3.843333e+003		5.413220e+002	2.515556e+003		2.978220e+002	1.440000e+003		
1.085122e+003	2.779000e+004		6.973220e+002	3.706667e+003		5.412720e+002	2.333333e+003		2.977720e+002	1.406667e+003		
1.084122e+003	2.855000e+004		6.972720e+002	3.696667e+003		5.412220e+002	2.560000e+003		2.977220e+002	1.323333e+003		
1.083122e+003	2.746000e+004		6.972220e+002	3.720000e+003		5.411720e+002	2.528889e+003		2.976720e+002	1.326667e+003		
1.082122e+003	2.758000e+004		6.971720e+002	3.690000e+003		5.411220e+002	2.431111e+003		2.976220e+002	1.370000e+003		
1.081122e+003	2.810000e+004		6.971220e+002	3.803333e+003		5.410720e+002	2.431111e+003		2.975720e+002	1.290000e+003		
1.080122e+003	2.752000e+004		6.970720e+002	3.606667e+003		5.410220e+002	2.477778e+003		2.975220e+002	1.226667e+003		
1.079122e+003	2.747000e+004		6.970220e+002	3.703333e+003		5.409720e+002	2.428889e+003		2.974720e+002	1.320000e+003		
1.078122e+003	2.852000e+004		6.969720e+002	3.543333e+003		5.409220e+002	2.440000e+003		2.974220e+002	1.356667e+003		
1.077122e+003	2.832000e+004		6.969220e+002	3.500000e+003		5.408720e+002	2.511111e+003		2.973720e+002	1.306667e+003		
1.076122e+003	2.828000e+004		6.968720e+002	3.460000e+003		5.408220e+002	2.420000e+003		2.973220e+002	1.273333e+003		
1.075122e+003	2.808000e+004		6.968220e+002	3.606667e+003		5.407720e+002	2.466667e+003		2.972720e+002	1.280000e+003		
1.074122e+003	2.793000e+004		6.967720e+002	3.530000e+003		5.407220e+002	2.455556e+003		2.972220e+002	1.403333e+003		
1.073122e+003	2.781000e+004		6.967220e+002	3.473333e+003		5.406720e+002	2.431111e+003		2.971720e+002	1.263333e+003		
1.072122e+003	2.762000e+004		6.966720e+002	3.556667e+003		5.406220e+002	2.502222e+003		2.971220e+002	1.253333e+003		
1.071122e+003	2.876000e+004		6.966220e+002	3.413333e+003		5.405720e+002	2.475556e+003		2.970720e+002	1.326667e+003		
1.070122e+003	2.896000e+004		6.965720e+002	3.360000e+003		5.405220e+002	2.486667e+003		2.970220e+002	1.226667e+003		
1.069122e+003	2.791000e+004		6.965220e+002	3.320000e+003		5.404720e+002	2.482222e+003		2.969720e+002	1.260000e+003		
1.068122e+003	2.844000e+004		6.964720e+002	3.370000e+003		5.404220e+002	2.535556e+003		2.969220e+002	1.140000e+003		
1.067122e+003	2.834000e+004		6.964220e+002	3.360000e+003		5.403720e+002	2.468889e+003		2.968720e+002	1.226667e+003		
1.066122e+003	2.835000e+004		6.963720e+002	3.243333e+003		5.403220e+002	2.475556e+003		2.968220e+002	1.223333e+003		
1.065122e+003	2.849000e+004		6.963220e+002	3.400000e+003		5.402720e+002	2.495556e+003		2.967720e+002	1.293333e+003		
1.064122e+003	2.852000e+004		6.962720e+002	3.286667e+003		5.402220e+002	2.448889e+003		2.967220e+002	1.206667e+003		
1.063122e+003	2.949000e+004		6.962220e+002	3.250000e+003		5.401720e+002	2.480000e+003		2.966720e+002	1.223333e+003		
1.062122e+003	2.879000e+004		6.961720e+002	3.316667e+003		5.401220e+002	2.508889e+003		2.966220e+002	1.226667e+003		
1.061122e+003	2.803000e+004		6.961220e+002	3.230000e+003		5.400720e+002	2.493333e+003		2.965720e+002	1.116667e+003		
1.060122e+003	2.897000e+004		6.960720e+002	3.450000e+003		5.400220e+002	2.460000e+003		2.965220e+002	1.160000e+003		
1.059122e+003	2.881000e+004		6.960220e+002	3.303333e+003		5.399720e+002	2.484444e+003		2.964720e+002	1.236667e+003		
1.058122e+003	2.843000e+004		6.959720e+002	3.246667e+003		5.399220e+002	2.473333e+003		2.964220e+002	1.193333e+003		
1.057122e+003	2.809000e+004		6.959220e+002	3.423333e+003		5.398720e+002	2.477778e+003		2.963720e+002	1.266667e+003		
1.056122e+003	2.827000e+004		6.958720e+002	3.300000e+003		5.398220e+002	2.591111e+003		2.963220e+002	1.216667e+003		
1.055122e+003	2.875000e+004		6.958220e+002	3.373333e+003		5.397720e+002	2.455556e+003		2.962720e+002	1.050000e+003		
1.054122e+003	2.910000e+004		6.957720e+002	3.456667e+003		5.397220e+002	2.571111e+003		2.962220e+002	1.116667e+003		
1.053122e+003	2.883000e+004		6.957220e+002	3.176667e+003		5.396720e+002	2.606667e+003		2.961720e+002	1.190000e+003		
1.052122e+003	2.893000e+004		6.956720e+002	3.396667e+003		5.396220e+002	2.602222e+003		2.961220e+002	1.166667e+003		
1.051122e+003	2.822000e+004		6.956220e+002	3.410000e+003		5.395720e+002	2.508889e+003		2.960720e+002	1.203333e+003		
1.050122e+003	2.771000e+004		6.955720e+002	3.333333e+003		5.395220e+002	2.595556e+003		2.960220e+002	1.206667e+003		
1.049122e+003	2.791000e+004		6.955220e+002	3.366667e+003		5.394720e+002	2.473333e+003		2.959720e+002	1.273333e+003		
1.048122e+003	2.893000e+004		6.954720e+002	3.210000e+003		5.394220e+002	2.380000e+003		2.959220e+002	1.266667e+003		
1.047122e+003	2.882000e+004		6.954220e+002	3.236667e+003		5.393720e+002	2.451111e+003		2.958720e+002	1.206667e+003		
1.046122e+003	2.875000e+004		6.953720e+002	3.243333e+003		5.393220e+002	2.355556e+003		2.958220e+002	1.243333e+003		
1.045122e+003	2.957000e+004		6.953220e+002	3.136667e+003		5.392720e+002	2.522222e+003		2.957720e+002	1.126667e+003		
1.044122e+003	2.954000e+004		6.952720e+002	3.303333e+003		5.392220e+002	2.566667e+003		2.957220e+002	1.110000e+003		
1.043122e+003	2.886000e+004		6.952220e+002	3.336667e+003		5.391720e+002	2.488889e+003		2.956720e+002	1.250000e+003		
1.042122e+003	2.912000e+004		6.951720e+002	3.376667e+003		5.391220e+002	2.500000e+003		2.956220e+002	1.223333e+003		
1.041122e+003	2.878000e+004		6.951220e+002	3.296667e+003		5.390720e+002	2.413333e+003		2.955720e+002	1.083333e+003		
1.040122e+003	2.885000e+004		6.950720e+002	3.240000e+003		5.390220e+002	2.340000e+003		2.955220e+002	1.040000e+003		
1.039122e+003	2.906000e+004		6.950220e+002	3.243333e+003		5.389720e+002	2.466667e+003		2.954720e+002	1.160000e+003		
1.038122e+003	2.910000e+004		6.949720e+002	3.550000e+003		5.389220e+002	2.588889e+003		2.954220e+002	1.080000e+003		
1.037122e+003	2.895000e+004		6.949220e+002	3.456667e+003		5.388720e+002	2.537778e+003		2.953720e+002	1.100000e+003		
1.036122e+003	2.919000e+004		6.948720e+002	3.496667e+003		5.388220e+002	2.442222e+003		2.953220e+002	1.156667e+003		
1.035122e+003	2.848000e+004		6.948220e+002	3.263333e+003		5.387720e+002	2.491111e+003		2.952720e+002	1.133333e+003		
1.034122e+003	2.813000e+004		6.947720e+002	3.270000e+003		5.387220e+002	2.551111e+003		2.952220e+002	1.126667e+003		
1.033122e+003	2.935000e+004		6.947220e+002	3.363333e+003		5.386720e+002	2.428889e+003		2.951720e+002	1.200000e+003		
1.032122e+003	3.026000e+004		6.946720e+002	3.413333e+003		5.386220e+002	2.431111e+003		2.951220e+002	1.170000e+003		
1.031122e+003	2.884000e+004		6.946220e+002	3.343333e+003		5.385720e+002	2.537778e+003		2.950720e+002	1.170000e+003		
1.030122e+003	2.890000e+004		6.945720e+002	3.260000e+003		5.385220e+002	2.508889e+003		2.950220e+002	1.140000e+003		
1.029122e+003	2.970000e+004		6.945220e+002	3.343333e+003		5.384720e+002	2.584444e+003		2.949720e+002	1.140000e+003		
1.028122e+003	2.971000e+004		6.944720e+002	3.326667e+003		5.384220e+002	2.551111e+003		2.949220e+002	1.106667e+003		
1.027122e+003	2.961000e+004		6.944220e+002	3.356667e+003		5.383720e+002	2.504444e+003		2.948720e+002	1.083333e+003		
1.026122e+003	2.980000e+004		6.943720e+002	3.436667e+003		5.383220e+002	2.377778e+003		2.948220e+002	1.116667e+003		
1.025122e+003	3.014000e+004		6.943220e+002	3.363333e+003		5.382720e+002	2.433333e+003		2.947720e+002	1.140000e+003		
1.024122e+003	2.903000e+004		6.942720e+002	3.213333e+003		5.382220e+002	2.360000e+003		2.947220e+002	1.260000e+003		
1.023122e+003	2.905000e+004		6.942220e+002	3.276667e+003		5.381720e+002	2.515556e+003		2.946720e+002	1.153333e+003		
1.022122e+003	2.976000e+004		6.941720e+002	3.416667e+003		5.381220e+002	2.531111e+003		2.946220e+002	1.056667e+003		
1.021122e+003	2.934000e+004		6.941220e+002	3.443333e+003		5.380720e+002	2.524444e+003		2.945720e+002	1.123333e+003		
1.020122e+003	2.971000e+004		6.940720e+002	3.350000e+003		5.380220e+002	2.400000e+003		2.945220e+002	1.223333e+003		
1.019122e+003	2.978000e+004		6.940220e+002	3.430000e+003		5.379720e+002	2.451111e+003		2.944720e+002	1.210000e+003		
1.018122e+003	2.949000e+004		6.939720e+002	3.373333e+003		5.379220e+002	2.413333e+003		2.944220e+002	1.210000e+003		
1.017122e+003	2.959000e+004		6.939220e+002	3.320000e+003		5.378720e+002	2.546667e+003		2.943720e+002	1.156667e+003		
1.016122e+003	2.964000e+004		6.938720e+002	3.326667e+003		5.378220e+002	2.422222e+003		2.943220e+002	1.186667e+003		
1.015122e+003	3.020000e+004		6.938220e+002	3.420000e+003		5.377720e+002	2.482222e+003		2.942720e+002	1.146667e+003		
1.014122e+003	3.027000e+004		6.937720e+002	3.466667e+003		5.377220e+002	2.468889e+003		2.942220e+002	1.256667e+003		
1.013122e+003	2.952000e+004		6.937220e+002	3.500000e+003		5.376720e+002	2.466667e+003		2.941720e+002	1.216667e+003		
1.012122e+003	2.992000e+004		6.936720e+002	3.536667e+003		5.376220e+002	2.417778e+003		2.941220e+002	1.210000e+003		
1.011122e+003	3.118000e+004		6.936220e+002	3.380000e+003		5.375720e+002	2.497778e+003		2.940720e+002	1.206667e+003		
1.010122e+003	2.941000e+004		6.935720e+002	3.266667e+003		5.375220e+002	2.382222e+003		2.940220e+002	1.160000e+003		
1.009122e+003	3.008000e+004		6.935220e+002	3.586667e+003		5.374720e+002	2.502222e+003		2.939720e+002	1.356667e+003		
1.008122e+003	3.043000e+004		6.934720e+002	3.326667e+003		5.374220e+002	2.495556e+003		2.939220e+002	1.286667e+003		
1.007122e+003	3.017000e+004		6.934220e+002	3.306667e+003		5.373720e+002	2.520000e+003		2.938720e+002	1.133333e+003		
1.006122e+003	3.063000e+004		6.933720e+002	3.516667e+003		5.373220e+002	2.526667e+003		2.938220e+002	1.273333e+003		
1.005122e+003	3.010000e+004		6.933220e+002	3.590000e+003		5.372720e+002	2.535556e+003		2.937720e+002	1.290000e+003		
1.004122e+003	3.029000e+004		6.932720e+002	3.596667e+003		5.372220e+002	2.393333e+003		2.937220e+002	1.276667e+003		
1.003122e+003	3.100000e+004		6.932220e+002	3.643333e+003		5.371720e+002	2.555556e+003		2.936720e+002	1.303333e+003		
1.002122e+003	3.094000e+004		6.931720e+002	3.633333e+003		5.371220e+002	2.477778e+003		2.936220e+002	1.226667e+003		
1.001122e+003	3.099000e+004		6.931220e+002	3.570000e+003		5.370720e+002	2.515556e+003		2.935720e+002	1.273333e+003		
1.000122e+003	3.051000e+004		6.930720e+002	3.630000e+003		5.370220e+002	2.420000e+003		2.935220e+002	1.296667e+003		
9.991220e+002	3.029000e+004		6.930220e+002	3.516667e+003		5.369720e+002	2.537778e+003		2.934720e+002	1.380000e+003		
9.981220e+002	3.020000e+004		6.929720e+002	3.406667e+003		5.369220e+002	2.522222e+003		2.934220e+002	1.403333e+003		
9.971220e+002	3.058000e+004		6.929220e+002	3.636667e+003		5.368720e+002	2.504444e+003		2.933720e+002	1.420000e+003		
9.961220e+002	3.023000e+004		6.928720e+002	3.610000e+003		5.368220e+002	2.582222e+003		2.933220e+002	1.416667e+003		
9.951220e+002	3.031000e+004		6.928220e+002	3.720000e+003		5.367720e+002	2.497778e+003		2.932720e+002	1.523333e+003		
9.941220e+002	3.070000e+004		6.927720e+002	3.826667e+003		5.367220e+002	2.488889e+003		2.932220e+002	1.533333e+003		
9.931220e+002	2.978000e+004		6.927220e+002	3.716667e+003		5.366720e+002	2.600000e+003		2.931720e+002	1.446667e+003		
9.921220e+002	3.045000e+004		6.926720e+002	3.723333e+003		5.366220e+002	2.593333e+003		2.931220e+002	1.563333e+003		
9.911220e+002	3.099000e+004		6.926220e+002	3.780000e+003		5.365720e+002	2.600000e+003		2.930720e+002	1.630000e+003		
9.901220e+002	3.058000e+004		6.925720e+002	3.670000e+003		5.365220e+002	2.515556e+003		2.930220e+002	1.483333e+003		
9.891220e+002	3.026000e+004		6.925220e+002	3.776667e+003		5.364720e+002	2.624444e+003		2.929720e+002	1.563333e+003		
9.881220e+002	3.095000e+004		6.924720e+002	3.950000e+003		5.364220e+002	2.640000e+003		2.929220e+002	1.580000e+003		
9.871220e+002	3.026000e+004		6.924220e+002	3.873333e+003		5.363720e+002	2.506667e+003		2.928720e+002	1.680000e+003		
9.861220e+002	3.012000e+004		6.923720e+002	3.906667e+003		5.363220e+002	2.622222e+003		2.928220e+002	1.743333e+003		
9.851220e+002	3.162000e+004		6.923220e+002	3.906667e+003		5.362720e+002	2.584444e+003		2.927720e+002	1.873333e+003		
9.841220e+002	3.062000e+004		6.922720e+002	3.883333e+003		5.362220e+002	2.480000e+003		2.927220e+002	1.880000e+003		
9.831220e+002	2.994000e+004		6.922220e+002	3.956667e+003		5.361720e+002	2.555556e+003		2.926720e+002	1.883333e+003		
9.821220e+002	3.113000e+004		6.921720e+002	3.823333e+003		5.361220e+002	2.515556e+003		2.926220e+002	2.053333e+003		
9.811220e+002	3.077000e+004		6.921220e+002	4.010000e+003		5.360720e+002	2.555556e+003		2.925720e+002	2.080000e+003		
9.801220e+002	3.109000e+004		6.920720e+002	4.090000e+003		5.360220e+002	2.584444e+003		2.925220e+002	2.156667e+003		
9.791220e+002	3.193000e+004		6.920220e+002	4.060000e+003		5.359720e+002	2.593333e+003		2.924720e+002	2.306667e+003		
9.781220e+002	3.152000e+004		6.919720e+002	4.103333e+003		5.359220e+002	2.635556e+003		2.924220e+002	2.423333e+003		
9.771220e+002	3.081000e+004		6.919220e+002	4.073333e+003		5.358720e+002	2.664444e+003		2.923720e+002	2.573333e+003		
9.761220e+002	3.120000e+004		6.918720e+002	4.030000e+003		5.358220e+002	2.608889e+003		2.923220e+002	2.680000e+003		
9.751220e+002	3.089000e+004		6.918220e+002	4.330000e+003		5.357720e+002	2.646667e+003		2.922720e+002	2.913333e+003		
9.741220e+002	3.142000e+004		6.917720e+002	4.306667e+003		5.357220e+002	2.660000e+003		2.922220e+002	2.806667e+003		
9.731220e+002	3.109000e+004		6.917220e+002	4.360000e+003		5.356720e+002	2.657778e+003		2.921720e+002	3.076667e+003		
9.721220e+002	3.093000e+004		6.916720e+002	4.293333e+003		5.356220e+002	2.664444e+003		2.921220e+002	3.383333e+003		
9.711220e+002	3.091000e+004		6.916220e+002	4.546667e+003		5.355720e+002	2.640000e+003		2.920720e+002	3.473333e+003		
9.701220e+002	3.148000e+004		6.915720e+002	4.650000e+003		5.355220e+002	2.744444e+003		2.920220e+002	3.463333e+003		
9.691220e+002	3.018000e+004		6.915220e+002	4.660000e+003		5.354720e+002	2.753333e+003		2.919720e+002	3.453333e+003		
9.681220e+002	3.094000e+004		6.914720e+002	4.670000e+003		5.354220e+002	2.711111e+003		2.919220e+002	3.486667e+003		
9.671220e+002	3.056000e+004		6.914220e+002	4.763333e+003		5.353720e+002	2.731111e+003		2.918720e+002	3.573333e+003		
9.661220e+002	3.026000e+004		6.913720e+002	4.853333e+003		5.353220e+002	2.760000e+003		2.918220e+002	3.576667e+003		
9.651220e+002	3.136000e+004		6.913220e+002	4.976667e+003		5.352720e+002	2.688889e+003		2.917720e+002	3.650000e+003		
9.641220e+002	3.188000e+004		6.912720e+002	5.213333e+003		5.352220e+002	2.820000e+003		2.917220e+002	3.853333e+003		
9.631220e+002	3.068000e+004		6.912220e+002	5.120000e+003		5.351720e+002	2.768889e+003		2.916720e+002	3.740000e+003		
9.621220e+002	3.113000e+004		6.911720e+002	5.206667e+003		5.351220e+002	2.662222e+003		2.916220e+002	3.813333e+003		
9.611220e+002	3.174000e+004		6.911220e+002	5.633333e+003		5.350720e+002	2.720000e+003		2.915720e+002	3.756667e+003		
9.601220e+002	3.151000e+004		6.910720e+002	5.696667e+003		5.350220e+002	2.920000e+003		2.915220e+002	3.716667e+003		
9.591220e+002	3.052000e+004		6.910220e+002	6.040000e+003		5.349720e+002	2.737778e+003		2.914720e+002	3.783333e+003		
9.581220e+002	3.124000e+004		6.909720e+002	6.280000e+003		5.349220e+002	2.717778e+003		2.914220e+002	3.763333e+003		
9.571220e+002	3.132000e+004		6.909220e+002	6.366667e+003		5.348720e+002	2.880000e+003		2.913720e+002	3.846667e+003		
9.561220e+002	3.247000e+004		6.908720e+002	6.433333e+003		5.348220e+002	2.786667e+003		2.913220e+002	3.933333e+003		
9.551220e+002	3.102000e+004		6.908220e+002	6.890000e+003		5.347720e+002	2.675556e+003		2.912720e+002	4.326667e+003		
9.541220e+002	3.111000e+004		6.907720e+002	7.330000e+003		5.347220e+002	2.864444e+003		2.912220e+002	4.250000e+003		
9.531220e+002	3.131000e+004		6.907220e+002	7.530000e+003		5.346720e+002	2.822222e+003		2.911720e+002	4.526667e+003		
9.521220e+002	3.093000e+004		6.906720e+002	8.156667e+003		5.346220e+002	2.871111e+003		2.911220e+002	4.693333e+003		
9.511220e+002	3.052000e+004		6.906220e+002	8.376667e+003		5.345720e+002	2.744444e+003		2.910720e+002	4.776667e+003		
9.501220e+002	3.085000e+004		6.905720e+002	9.066667e+003		5.345220e+002	2.797778e+003		2.910220e+002	5.330000e+003		
9.491220e+002	3.082000e+004		6.905220e+002	9.833333e+003		5.344720e+002	2.784444e+003		2.909720e+002	5.650000e+003		
9.481220e+002	3.117000e+004		6.904720e+002	1.032667e+004		5.344220e+002	3.006667e+003		2.909220e+002	6.093333e+003		
9.471220e+002	3.108000e+004		6.904220e+002	1.092000e+004		5.343720e+002	2.911111e+003		2.908720e+002	6.663333e+003		
9.461220e+002	3.115000e+004		6.903720e+002	1.155000e+004		5.343220e+002	3.002222e+003		2.908220e+002	7.326667e+003		
9.451220e+002	3.163000e+004		6.903220e+002	1.265000e+004		5.342720e+002	2.984444e+003		2.907720e+002	7.803333e+003		
9.441220e+002	3.152000e+004		6.902720e+002	1.360667e+004		5.342220e+002	3.002222e+003		2.907220e+002	8.703333e+003		
9.431220e+002	3.174000e+004		6.902220e+002	1.465000e+004		5.341720e+002	3.002222e+003		2.906720e+002	9.640000e+003		
9.421220e+002	3.147000e+004		6.901720e+002	1.591333e+004		5.341220e+002	2.980000e+003		2.906220e+002	1.052667e+004		
9.411220e+002	3.193000e+004		6.901220e+002	1.657000e+004		5.340720e+002	2.995556e+003		2.905720e+002	1.152333e+004		
9.401220e+002	3.141000e+004		6.900720e+002	1.827333e+004		5.340220e+002	3.064444e+003		2.905220e+002	1.260667e+004		
9.391220e+002	3.160000e+004		6.900220e+002	2.003000e+004		5.339720e+002	3.164444e+003		2.904720e+002	1.382333e+004		
9.381220e+002	3.195000e+004		6.899720e+002	2.153667e+004		5.339220e+002	3.062222e+003		2.904220e+002	1.468667e+004		
9.371220e+002	3.133000e+004		6.899220e+002	2.339333e+004		5.338720e+002	3.060000e+003		2.903720e+002	1.591000e+004		
9.361220e+002	3.176000e+004		6.898720e+002	2.560667e+004		5.338220e+002	3.166667e+003		2.903220e+002	1.696000e+004		
9.351220e+002	3.170000e+004		6.898220e+002	2.744000e+004		5.337720e+002	3.202222e+003		2.902720e+002	1.821667e+004		
9.341220e+002	3.168000e+004		6.897720e+002	2.922667e+004		5.337220e+002	3.188889e+003		2.902220e+002	1.954000e+004		
9.331220e+002	3.144000e+004		6.897220e+002	3.165667e+004		5.336720e+002	3.162222e+003		2.901720e+002	2.082333e+004		
9.321220e+002	3.203000e+004		6.896720e+002	3.452667e+004		5.336220e+002	3.193333e+003		2.901220e+002	2.153333e+004		
9.311220e+002	3.214000e+004		6.896220e+002	3.682667e+004		5.335720e+002	3.202222e+003		2.900720e+002	2.243667e+004		
9.301220e+002	3.197000e+004		6.895720e+002	3.950667e+004		5.335220e+002	3.248889e+003		2.900220e+002	2.294333e+004		
9.291220e+002	3.153000e+004		6.895220e+002	4.239667e+004		5.334720e+002	3.268889e+003		2.899720e+002	2.321000e+004		
9.281220e+002	3.212000e+004		6.894720e+002	4.628667e+004		5.334220e+002	3.384444e+003		2.899220e+002	2.447000e+004		
9.271220e+002	3.240000e+004		6.894220e+002	4.911667e+004		5.333720e+002	3.202222e+003		2.898720e+002	2.417333e+004		
9.261220e+002	3.235000e+004		6.893720e+002	5.212333e+004		5.333220e+002	3.277778e+003		2.898220e+002	2.399667e+004		
9.251220e+002	3.228000e+004		6.893220e+002	5.532333e+004		5.332720e+002	3.248889e+003		2.897720e+002	2.398000e+004		
9.241220e+002	3.175000e+004		6.892720e+002	5.888667e+004		5.332220e+002	3.346667e+003		2.897220e+002	2.329667e+004		
9.231220e+002	3.190000e+004		6.892220e+002	6.208000e+004		5.331720e+002	3.273333e+003		2.896720e+002	2.231333e+004		
9.221220e+002	3.240000e+004		6.891720e+002	6.531667e+004		5.331220e+002	3.364444e+003		2.896220e+002	2.167333e+004		
9.211220e+002	3.184000e+004		6.891220e+002	6.767000e+004		5.330720e+002	3.504444e+003		2.895720e+002	2.082000e+004		
9.201220e+002	3.287000e+004		6.890720e+002	7.096000e+004		5.330220e+002	3.526667e+003		2.895220e+002	1.971333e+004		
9.191220e+002	3.289000e+004		6.890220e+002	7.303333e+004		5.329720e+002	3.413333e+003		2.894720e+002	1.834333e+004		
9.181220e+002	3.191000e+004		6.889720e+002	7.605000e+004		5.329220e+002	3.517778e+003		2.894220e+002	1.734000e+004		
9.171220e+002	3.256000e+004		6.889220e+002	7.822333e+004		5.328720e+002	3.360000e+003		2.893720e+002	1.621333e+004		
9.161220e+002	3.310000e+004		6.888720e+002	8.111333e+004		5.328220e+002	3.468889e+003		2.893220e+002	1.505667e+004		
9.151220e+002	3.343000e+004		6.888220e+002	8.202333e+004		5.327720e+002	3.393333e+003		2.892720e+002	1.373333e+004		
9.141220e+002	3.311000e+004		6.887720e+002	8.399333e+004		5.327220e+002	3.568889e+003		2.892220e+002	1.245000e+004		
9.131220e+002	3.275000e+004		6.887220e+002	8.462000e+004		5.326720e+002	3.548889e+003		2.891720e+002	1.131333e+004		
9.121220e+002	3.345000e+004		6.886720e+002	8.482000e+004		5.326220e+002	3.500000e+003		2.891220e+002	1.070000e+004		
9.111220e+002	3.306000e+004		6.886220e+002	8.416667e+004		5.325720e+002	3.486667e+003		2.890720e+002	9.583333e+003		
9.101220e+002	3.253000e+004		6.885720e+002	8.362000e+004		5.325220e+002	3.335556e+003		2.890220e+002	8.666667e+003		
9.091220e+002	3.287000e+004		6.885220e+002	8.360333e+004		5.324720e+002	3.553333e+003		2.889720e+002	8.080000e+003		
9.081220e+002	3.299000e+004		6.884720e+002	8.214000e+004		5.324220e+002	3.560000e+003		2.889220e+002	7.553333e+003		
9.071220e+002	3.280000e+004		6.884220e+002	8.121333e+004		5.323720e+002	3.802222e+003		2.888720e+002	6.843333e+003		
9.061220e+002	3.260000e+004		6.883720e+002	7.846667e+004		5.323220e+002	3.742222e+003		2.888220e+002	6.220000e+003		
9.051220e+002	3.321000e+004		6.883220e+002	7.652000e+004		5.322720e+002	3.555556e+003		2.887720e+002	5.693333e+003		
9.041220e+002	3.370000e+004		6.882720e+002	7.323000e+004		5.322220e+002	3.577778e+003		2.887220e+002	5.050000e+003		
9.031220e+002	3.361000e+004		6.882220e+002	7.034000e+004		5.321720e+002	3.613333e+003		2.886720e+002	4.726667e+003		
9.021220e+002	3.376000e+004		6.881720e+002	6.848000e+004		5.321220e+002	3.522222e+003		2.886220e+002	4.526667e+003		
9.011220e+002	3.346000e+004		6.881220e+002	6.547333e+004		5.320720e+002	3.566667e+003		2.885720e+002	4.270000e+003		
9.001220e+002	3.322000e+004		6.880720e+002	6.182000e+004		5.320220e+002	3.586667e+003		2.885220e+002	3.943333e+003		
8.991220e+002	3.369000e+004		6.880220e+002	5.793667e+004		5.319720e+002	3.580000e+003		2.884720e+002	3.653333e+003		
8.981220e+002	3.370000e+004		6.879720e+002	5.448333e+004		5.319220e+002	3.693333e+003		2.884220e+002	3.483333e+003		
8.971220e+002	3.341000e+004		6.879220e+002	5.141667e+004		5.318720e+002	3.515556e+003		2.883720e+002	3.300000e+003		
8.961220e+002	3.368000e+004		6.878720e+002	4.796000e+004		5.318220e+002	3.408889e+003		2.883220e+002	3.113333e+003		
8.951220e+002	3.347000e+004		6.878220e+002	4.467333e+004		5.317720e+002	3.311111e+003		2.882720e+002	2.966667e+003		
8.941220e+002	3.313000e+004		6.877720e+002	4.112000e+004		5.317220e+002	3.442222e+003		2.882220e+002	2.876667e+003		
8.931220e+002	3.359000e+004		6.877220e+002	3.824667e+004		5.316720e+002	3.328889e+003		2.881720e+002	2.710000e+003		
8.921220e+002	3.385000e+004		6.876720e+002	3.575667e+004		5.316220e+002	3.293333e+003		2.881220e+002	2.666667e+003		
8.911220e+002	3.354000e+004		6.876220e+002	3.247667e+004		5.315720e+002	3.151111e+003		2.880720e+002	2.563333e+003		
8.901220e+002	3.446000e+004		6.875720e+002	2.991667e+004		5.315220e+002	3.264444e+003		2.880220e+002	2.560000e+003		
8.891220e+002	3.405000e+004		6.875220e+002	2.778000e+004		5.314720e+002	3.264444e+003		2.879720e+002	2.320000e+003		
8.881220e+002	3.463000e+004		6.874720e+002	2.520333e+004		5.314220e+002	3.095556e+003		2.879220e+002	2.500000e+003		
8.871220e+002	3.451000e+004		6.874220e+002	2.301333e+004		5.313720e+002	3.020000e+003		2.878720e+002	2.246667e+003		
8.861220e+002	3.454000e+004		6.873720e+002	2.125000e+004		5.313220e+002	3.064444e+003		2.878220e+002	2.216667e+003		
8.851220e+002	3.522000e+004		6.873220e+002	1.959000e+004		5.312720e+002	3.035556e+003		2.877720e+002	2.370000e+003		
8.841220e+002	3.458000e+004		6.872720e+002	1.804333e+004		5.312220e+002	2.982222e+003		2.877220e+002	2.356667e+003		
8.831220e+002	3.523000e+004		6.872220e+002	1.690667e+004		5.311720e+002	2.973333e+003		2.876720e+002	2.243333e+003		
8.821220e+002	3.525000e+004		6.871720e+002	1.596667e+004		5.311220e+002	2.764444e+003		2.876220e+002	2.236667e+003		
8.811220e+002	3.546000e+004		6.871220e+002	1.436667e+004		5.310720e+002	2.773333e+003		2.875720e+002	2.170000e+003		
8.801220e+002	3.561000e+004		6.870720e+002	1.341333e+004		5.310220e+002	2.722222e+003		2.875220e+002	2.160000e+003		
8.791220e+002	3.709000e+004		6.870220e+002	1.242000e+004		5.309720e+002	2.704444e+003		2.874720e+002	2.193333e+003		
8.781220e+002	3.606000e+004		6.869720e+002	1.203333e+004		5.309220e+002	2.635556e+003		2.874220e+002	2.236667e+003		
8.771220e+002	3.527000e+004		6.869220e+002	1.105667e+004		5.308720e+002	2.631111e+003		2.873720e+002	2.323333e+003		
8.761220e+002	3.528000e+004		6.868720e+002	1.013000e+004		5.308220e+002	2.746667e+003		2.873220e+002	2.286667e+003		
8.751220e+002	3.485000e+004		6.868220e+002	9.306667e+003		5.307720e+002	2.717778e+003		2.872720e+002	2.233333e+003		
8.741220e+002	3.452000e+004		6.867720e+002	9.336667e+003		5.307220e+002	2.557778e+003		2.872220e+002	2.296667e+003		
8.731220e+002	3.445000e+004		6.867220e+002	8.533333e+003		5.306720e+002	2.533333e+003		2.871720e+002	2.336667e+003		
8.721220e+002	3.508000e+004		6.866720e+002	8.063333e+003		5.306220e+002	2.571111e+003		2.871220e+002	2.570000e+003		
8.711220e+002	3.394000e+004		6.866220e+002	7.743333e+003		5.305720e+002	2.482222e+003		2.870720e+002	2.520000e+003		
8.701220e+002	3.461000e+004		6.865720e+002	7.320000e+003		5.305220e+002	2.628889e+003		2.870220e+002	2.373333e+003		
8.691220e+002	3.537000e+004		6.865220e+002	6.806667e+003		5.304720e+002	2.473333e+003		2.869720e+002	2.503333e+003		
8.681220e+002	3.384000e+004		6.864720e+002	6.453333e+003		5.304220e+002	2.575556e+003		2.869220e+002	2.630000e+003		
8.671220e+002	3.399000e+004		6.864220e+002	6.660000e+003		5.303720e+002	2.597778e+003		2.868720e+002	2.640000e+003		
8.661220e+002	3.644000e+004		6.863720e+002	6.220000e+003		5.303220e+002	2.633333e+003		2.868220e+002	2.680000e+003		
8.651220e+002	3.585000e+004		6.863220e+002	5.716667e+003		5.302720e+002	2.540000e+003		2.867720e+002	2.670000e+003		
8.641220e+002	3.677000e+004		6.862720e+002	5.740000e+003		5.302220e+002	2.520000e+003		2.867220e+002	2.830000e+003		
8.631220e+002	3.802000e+004		6.862220e+002	5.526667e+003		5.301720e+002	2.508889e+003		2.866720e+002	2.826667e+003		
8.621220e+002	3.996000e+004		6.861720e+002	5.276667e+003		5.301220e+002	2.491111e+003		2.866220e+002	2.930000e+003		
8.611220e+002	4.089000e+004		6.861220e+002	5.163333e+003		5.300720e+002	2.471111e+003		2.865720e+002	2.980000e+003		
8.601220e+002	4.080000e+004		6.860720e+002	4.993333e+003		5.300220e+002	2.535556e+003		2.865220e+002	3.070000e+003		
8.591220e+002	4.115000e+004		6.860220e+002	5.040000e+003		5.299720e+002	2.428889e+003		2.864720e+002	3.176667e+003		
8.581220e+002	3.930000e+004		6.859720e+002	4.846667e+003		5.299220e+002	2.577778e+003		2.864220e+002	3.206667e+003		
8.571220e+002	3.967000e+004		6.859220e+002	4.613333e+003		5.298720e+002	2.488889e+003		2.863720e+002	3.266667e+003		
8.561220e+002	3.771000e+004		6.858720e+002	4.666667e+003		5.298220e+002	2.566667e+003		2.863220e+002	3.516667e+003		
8.551220e+002	3.772000e+004		6.858220e+002	4.540000e+003		5.297720e+002	2.391111e+003		2.862720e+002	3.456667e+003		
8.541220e+002	3.662000e+004		6.857720e+002	4.486667e+003		5.297220e+002	2.397778e+003		2.862220e+002	3.513333e+003		
8.531220e+002	3.639000e+004		6.857220e+002	4.440000e+003		5.296720e+002	2.484444e+003		2.861720e+002	3.596667e+003		
8.521220e+002	3.576000e+004		6.856720e+002	4.286667e+003		5.296220e+002	2.415556e+003		2.861220e+002	3.776667e+003		
8.511220e+002	3.479000e+004		6.856220e+002	4.133333e+003		5.295720e+002	2.493333e+003		2.860720e+002	3.733333e+003		
8.501220e+002	3.436000e+004		6.855720e+002	3.740000e+003		5.295220e+002	2.408889e+003		2.860220e+002	3.993333e+003		
8.491220e+002	3.299000e+004		6.855220e+002	3.963333e+003		5.294720e+002	2.375556e+003		2.859720e+002	4.093333e+003		
8.481220e+002	3.204000e+004		6.854720e+002	4.020000e+003		5.294220e+002	2.477778e+003		2.859220e+002	4.080000e+003		
8.471220e+002	3.193000e+004		6.854220e+002	3.920000e+003		5.293720e+002	2.455556e+003		2.858720e+002	4.086667e+003		
8.461220e+002	3.068000e+004		6.853720e+002	3.850000e+003		5.293220e+002	2.446667e+003		2.858220e+002	4.483333e+003		
8.451220e+002	3.053000e+004		6.853220e+002	3.690000e+003		5.292720e+002	2.513333e+003		2.857720e+002	4.336667e+003		
8.441220e+002	3.061000e+004		6.852720e+002	3.700000e+003		5.292220e+002	2.468889e+003		2.857220e+002	4.550000e+003		
8.431220e+002	3.112000e+004		6.852220e+002	3.546667e+003		5.291720e+002	2.495556e+003		2.856720e+002	4.833333e+003		
8.421220e+002	3.131000e+004		6.851720e+002	3.446667e+003		5.291220e+002	2.362222e+003		2.856220e+002	5.266667e+003		
8.411220e+002	3.138000e+004		6.851220e+002	3.336667e+003		5.290720e+002	2.433333e+003		2.855720e+002	5.396667e+003		
8.401220e+002	3.203000e+004		6.850720e+002	3.376667e+003		5.290220e+002	2.497778e+003		2.855220e+002	5.686667e+003		
8.391220e+002	3.307000e+004		6.850220e+002	3.376667e+003		5.289720e+002	2.504444e+003		2.854720e+002	6.043333e+003		
8.381220e+002	3.632000e+004		6.849720e+002	3.366667e+003		5.289220e+002	2.488889e+003		2.854220e+002	6.336667e+003		
8.371220e+002	4.020000e+004		6.849220e+002	3.256667e+003		5.288720e+002	2.504444e+003		2.853720e+002	6.666667e+003		
8.361220e+002	4.498000e+004		6.848720e+002	3.166667e+003		5.288220e+002	2.477778e+003		2.853220e+002	7.113333e+003		
8.351220e+002	4.951000e+004		6.848220e+002	2.950000e+003		5.287720e+002	2.408889e+003		2.852720e+002	7.433333e+003		
8.341220e+002	5.347000e+004		6.847720e+002	3.110000e+003		5.287220e+002	2.442222e+003		2.852220e+002	7.783333e+003		
8.331220e+002	5.579000e+004		6.847220e+002	3.080000e+003		5.286720e+002	2.593333e+003		2.851720e+002	8.546667e+003		
8.321220e+002	5.436000e+004		6.846720e+002	3.083333e+003		5.286220e+002	2.377778e+003		2.851220e+002	8.863333e+003		
8.311220e+002	4.970000e+004		6.846220e+002	3.020000e+003		5.285720e+002	2.426667e+003		2.850720e+002	9.160000e+003		
8.301220e+002	4.619000e+004		6.845720e+002	3.050000e+003		5.285220e+002	2.440000e+003		2.850220e+002	9.800000e+003		
8.291220e+002	4.166000e+004		6.845220e+002	2.946667e+003		5.284720e+002	2.553333e+003		2.849720e+002	1.002667e+004		
8.281220e+002	3.805000e+004		6.844720e+002	3.133333e+003		5.284220e+002	2.448889e+003		2.849220e+002	1.055000e+004		
8.271220e+002	3.533000e+004		6.844220e+002	3.006667e+003		5.283720e+002	2.508889e+003		2.848720e+002	1.128667e+004		
8.261220e+002	3.196000e+004		6.843720e+002	2.840000e+003		5.283220e+002	2.453333e+003		2.848220e+002	1.140333e+004		
8.251220e+002	2.938000e+004		6.843220e+002	3.060000e+003		5.282720e+002	2.577778e+003		2.847720e+002	1.222000e+004		
8.241220e+002	2.817000e+004		6.842720e+002	2.833333e+003		5.282220e+002	2.506667e+003		2.847220e+002	1.242000e+004		
8.231220e+002	2.613000e+004		6.842220e+002	2.740000e+003		5.281720e+002	2.580000e+003		2.846720e+002	1.278667e+004		
8.221220e+002	2.434000e+004		6.841720e+002	2.610000e+003		5.281220e+002	2.515556e+003		2.846220e+002	1.273667e+004		
8.211220e+002	2.327000e+004		6.841220e+002	2.753333e+003		5.280720e+002	2.633333e+003		2.845720e+002	1.320667e+004		
8.201220e+002	2.142000e+004		6.840720e+002	2.823333e+003		5.280220e+002	2.455556e+003		2.845220e+002	1.306333e+004		
8.191220e+002	2.132000e+004		6.840220e+002	2.693333e+003		5.279720e+002	2.422222e+003		2.844720e+002	1.279333e+004		
8.181220e+002	2.158000e+004		6.839720e+002	2.726667e+003		5.279220e+002	2.475556e+003		2.844220e+002	1.232333e+004		
8.171220e+002	2.106000e+004		6.839220e+002	2.766667e+003		5.278720e+002	2.582222e+003		2.843720e+002	1.220333e+004		
8.161220e+002	2.001000e+004		6.838720e+002	2.656667e+003		5.278220e+002	2.500000e+003		2.843220e+002	1.123333e+004		
8.151220e+002	2.004000e+004		6.838220e+002	2.693333e+003		5.277720e+002	2.413333e+003		2.842720e+002	1.047667e+004		
8.141220e+002	2.068000e+004		6.837720e+002	2.653333e+003		5.277220e+002	2.504444e+003		2.842220e+002	9.973333e+003		
8.131220e+002	2.028000e+004		6.837220e+002	2.813333e+003		5.276720e+002	2.364444e+003		2.841720e+002	9.360000e+003		
8.121220e+002	2.019000e+004		6.836720e+002	2.773333e+003		5.276220e+002	2.500000e+003		2.841220e+002	8.293333e+003		
8.111220e+002	1.995000e+004		6.836220e+002	2.673333e+003		5.275720e+002	2.468889e+003		2.840720e+002	7.736667e+003		
8.101220e+002	1.949000e+004		6.835720e+002	2.636667e+003		5.275220e+002	2.466667e+003		2.840220e+002	7.216667e+003		
8.091220e+002	1.955000e+004		6.835220e+002	2.840000e+003		5.274720e+002	2.515556e+003		2.839720e+002	6.486667e+003		
8.081220e+002	1.979000e+004		6.834720e+002	2.863333e+003		5.274220e+002	2.422222e+003		2.839220e+002	5.670000e+003		
8.071220e+002	1.969000e+004		6.834220e+002	2.776667e+003		5.273720e+002	2.484444e+003		2.838720e+002	4.753333e+003		
8.061220e+002	2.006000e+004		6.833720e+002	2.570000e+003		5.273220e+002	2.313333e+003		2.838220e+002	4.450000e+003		
8.051220e+002	1.956000e+004		6.833220e+002	2.486667e+003		5.272720e+002	2.464444e+003		2.837720e+002	3.846667e+003		
8.041220e+002	2.003000e+004		6.832720e+002	2.643333e+003		5.272220e+002	2.631111e+003		2.837220e+002	3.423333e+003		
8.031220e+002	1.987000e+004		6.832220e+002	2.760000e+003		5.271720e+002	2.435556e+003		2.836720e+002	3.040000e+003		
8.021220e+002	1.970000e+004		6.831720e+002	2.620000e+003		5.271220e+002	2.431111e+003		2.836220e+002	2.513333e+003		
8.011220e+002	1.955000e+004		6.831220e+002	2.633333e+003		5.270720e+002	2.424444e+003		2.835720e+002	2.313333e+003		
8.001220e+002	2.008000e+004		6.830720e+002	2.696667e+003		5.270220e+002	2.402222e+003		2.835220e+002	2.106667e+003		
7.991220e+002	2.008000e+004		6.830220e+002	2.550000e+003		5.269720e+002	2.453333e+003		2.834720e+002	1.823333e+003		
7.981220e+002	2.011000e+004		6.829720e+002	2.593333e+003		5.269220e+002	2.426667e+003		2.834220e+002	1.706667e+003		
7.971220e+002	2.065000e+004		6.829220e+002	2.560000e+003		5.268720e+002	2.384444e+003		2.833720e+002	1.563333e+003		
7.961220e+002	2.001000e+004		6.828720e+002	2.693333e+003		5.268220e+002	2.602222e+003		2.833220e+002	1.473333e+003		
7.951220e+002	1.930000e+004		6.828220e+002	2.516667e+003		5.267720e+002	2.577778e+003		2.832720e+002	1.293333e+003		
7.941220e+002	1.959000e+004		6.827720e+002	2.660000e+003		5.267220e+002	2.493333e+003		2.832220e+002	1.170000e+003		
7.931220e+002	1.955000e+004		6.827220e+002	2.603333e+003		5.266720e+002	2.457778e+003		2.831720e+002	1.060000e+003		
7.921220e+002	1.976000e+004		6.826720e+002	2.556667e+003		5.266220e+002	2.551111e+003		2.831220e+002	9.866667e+002		
7.911220e+002	2.115000e+004		6.826220e+002	2.586667e+003		5.265720e+002	2.584444e+003		2.830720e+002	9.233333e+002		
7.901220e+002	2.020000e+004		6.825720e+002	2.480000e+003		5.265220e+002	2.562222e+003		2.830220e+002	8.633333e+002		
7.891220e+002	1.992000e+004		6.825220e+002	2.520000e+003		5.264720e+002	2.364444e+003		2.829720e+002	7.666667e+002		
7.881220e+002	1.971000e+004		6.824720e+002	2.526667e+003		5.264220e+002	2.473333e+003		2.829220e+002	7.266667e+002		
7.871220e+002	1.991000e+004		6.824220e+002	2.470000e+003		5.263720e+002	2.551111e+003		2.828720e+002	7.200000e+002		
7.861220e+002	1.953000e+004		6.823720e+002	2.450000e+003		5.263220e+002	2.495556e+003		2.828220e+002	7.500000e+002		
7.851220e+002	2.004000e+004		6.823220e+002	2.636667e+003		5.262720e+002	2.477778e+003		2.827720e+002	6.533333e+002		
7.841220e+002	2.028000e+004		6.822720e+002	2.640000e+003		5.262220e+002	2.424444e+003		2.827220e+002	5.800000e+002		
7.831220e+002	2.026000e+004		6.822220e+002	2.593333e+003		5.261720e+002	2.431111e+003		2.826720e+002	6.300000e+002		
7.821220e+002	2.018000e+004		6.821720e+002	2.530000e+003		5.261220e+002	2.448889e+003		2.826220e+002	6.200000e+002		
7.811220e+002	1.954000e+004		6.821220e+002	2.563333e+003		5.260720e+002	2.551111e+003		2.825720e+002	5.600000e+002		
7.801220e+002	1.975000e+004		6.820720e+002	2.550000e+003		5.260220e+002	2.444444e+003		2.825220e+002	5.333333e+002		
7.791220e+002	1.995000e+004		6.820220e+002	2.570000e+003		5.259720e+002	2.506667e+003		2.824720e+002	5.133333e+002		
7.781220e+002	1.981000e+004		6.819720e+002	2.466667e+003		5.259220e+002	2.488889e+003		2.824220e+002	5.033333e+002		
7.771220e+002	1.968000e+004		6.819220e+002	2.556667e+003		5.258720e+002	2.508889e+003		2.823720e+002	6.133333e+002		
7.761220e+002	2.053000e+004		6.818720e+002	2.610000e+003		5.258220e+002	2.415556e+003		2.823220e+002	6.066667e+002		
7.751220e+002	2.005000e+004		6.818220e+002	2.580000e+003		5.257720e+002	2.471111e+003		2.822720e+002	4.633333e+002		
7.741220e+002	1.932000e+004		6.817720e+002	2.476667e+003		5.257220e+002	2.482222e+003		2.822220e+002	4.966667e+002		
7.731220e+002	2.045000e+004		6.817220e+002	2.553333e+003		5.256720e+002	2.475556e+003		2.821720e+002	5.133333e+002		
7.721220e+002	2.052000e+004		6.816720e+002	2.483333e+003		5.256220e+002	2.342222e+003		2.821220e+002	5.433333e+002		
7.711220e+002	2.046000e+004		6.816220e+002	2.550000e+003		5.255720e+002	2.537778e+003		2.820720e+002	4.666667e+002		
7.701220e+002	1.955000e+004		6.815720e+002	2.493333e+003		5.255220e+002	2.495556e+003		2.820220e+002	4.800000e+002		
7.691220e+002	1.943000e+004		6.815220e+002	2.420000e+003		5.254720e+002	2.648889e+003		2.819720e+002	4.333333e+002		
7.681220e+002	1.994000e+004		6.814720e+002	2.446667e+003		5.254220e+002	2.433333e+003		2.819220e+002	5.300000e+002		
7.671220e+002	2.028000e+004		6.814220e+002	2.596667e+003		5.253720e+002	2.388889e+003		2.818720e+002	4.700000e+002		
7.661220e+002	2.073000e+004		6.813720e+002	2.510000e+003		5.253220e+002	2.400000e+003		2.818220e+002	4.666667e+002		
7.651220e+002	1.988000e+004		6.813220e+002	2.516667e+003		5.252720e+002	2.331111e+003		2.817720e+002	4.900000e+002		
7.641220e+002	2.066000e+004		6.812720e+002	2.456667e+003		5.252220e+002	2.448889e+003		2.817220e+002	4.500000e+002		
7.631220e+002	2.025000e+004		6.812220e+002	2.403333e+003		5.251720e+002	2.597778e+003		2.816720e+002	4.333333e+002		
7.621220e+002	1.985000e+004		6.811720e+002	2.426667e+003		5.251220e+002	2.411111e+003		2.816220e+002	4.533333e+002		
7.611220e+002	2.044000e+004		6.811220e+002	2.413333e+003		5.250720e+002	2.506667e+003		2.815720e+002	4.866667e+002		
7.601220e+002	2.007000e+004		6.810720e+002	2.410000e+003		5.250220e+002	2.622222e+003		2.815220e+002	4.100000e+002		
7.591220e+002	2.040000e+004		6.810220e+002	2.490000e+003		5.249720e+002	2.520000e+003		2.814720e+002	4.600000e+002		
7.581220e+002	2.047000e+004		6.809720e+002	2.476667e+003		5.249220e+002	2.424444e+003		2.814220e+002	4.133333e+002		
7.571220e+002	2.025000e+004		6.809220e+002	2.570000e+003		5.248720e+002	2.466667e+003		2.813720e+002	4.700000e+002		
7.561220e+002	2.037000e+004		6.808720e+002	2.566667e+003		5.248220e+002	2.622222e+003		2.813220e+002	4.433333e+002		
7.551220e+002	2.071000e+004		6.808220e+002	2.423333e+003		5.247720e+002	2.411111e+003		2.812720e+002	4.733333e+002		
7.541220e+002	2.102000e+004		6.807720e+002	2.476667e+003		5.247220e+002	2.442222e+003		2.812220e+002	4.233333e+002		
7.531220e+002	2.074000e+004		6.807220e+002	2.626667e+003		5.246720e+002	2.453333e+003		2.811720e+002	4.166667e+002		
7.521220e+002	2.081000e+004		6.806720e+002	2.583333e+003		5.246220e+002	2.571111e+003		2.811220e+002	4.300000e+002		
7.511220e+002	2.031000e+004		6.806220e+002	2.446667e+003		5.245720e+002	2.535556e+003		2.810720e+002	4.266667e+002		
7.501220e+002	2.057000e+004		6.805720e+002	2.333333e+003		5.245220e+002	2.420000e+003		2.810220e+002	4.600000e+002		
7.491220e+002	2.051000e+004		6.805220e+002	2.536667e+003		5.244720e+002	2.400000e+003		2.809720e+002	3.933333e+002		
7.481220e+002	2.032000e+004		6.804720e+002	2.356667e+003		5.244220e+002	2.528889e+003		2.809220e+002	4.266667e+002		
7.471220e+002	2.117000e+004		6.804220e+002	2.440000e+003		5.243720e+002	2.437778e+003		2.808720e+002	3.900000e+002		
7.461220e+002	2.054000e+004		6.803720e+002	2.446667e+003		5.243220e+002	2.500000e+003		2.808220e+002	4.166667e+002		
7.451220e+002	2.064000e+004		6.803220e+002	2.366667e+003		5.242720e+002	2.488889e+003		2.807720e+002	3.900000e+002		
7.441220e+002	2.046000e+004		6.802720e+002	2.470000e+003		5.242220e+002	2.517778e+003		2.807220e+002	4.800000e+002		
7.431220e+002	2.055000e+004		6.802220e+002	2.493333e+003		5.241720e+002	2.486667e+003		2.806720e+002	4.466667e+002		
7.421220e+002	2.088000e+004		6.801720e+002	2.510000e+003		5.241220e+002	2.444444e+003		2.806220e+002	4.933333e+002		
7.411220e+002	2.136000e+004		6.801220e+002	2.520000e+003					2.805720e+002	4.233333e+002		
7.401220e+002	2.118000e+004		6.800720e+002	2.513333e+003					2.805220e+002	4.600000e+002		
7.391220e+002	2.116000e+004		6.800220e+002	2.446667e+003					2.804720e+002	4.700000e+002		
7.381220e+002	2.026000e+004		6.799720e+002	2.450000e+003					2.804220e+002	4.466667e+002		
7.371220e+002	2.089000e+004		6.799220e+002	2.360000e+003					2.803720e+002	4.166667e+002		
7.361220e+002	2.059000e+004		6.798720e+002	2.553333e+003					2.803220e+002	4.400000e+002		
7.351220e+002	2.015000e+004		6.798220e+002	2.453333e+003					2.802720e+002	4.166667e+002		
7.341220e+002	2.006000e+004		6.797720e+002	2.376667e+003					2.802220e+002	4.066667e+002		
7.331220e+002	1.999000e+004		6.797220e+002	2.506667e+003					2.801720e+002	4.466667e+002		
7.321220e+002	1.988000e+004		6.796720e+002	2.510000e+003					2.801220e+002	4.200000e+002		
7.311220e+002	1.995000e+004		6.796220e+002	2.413333e+003					2.800720e+002	4.500000e+002		
7.301220e+002	2.008000e+004		6.795720e+002	2.376667e+003					2.800220e+002	4.666667e+002		
7.291220e+002	2.005000e+004		6.795220e+002	2.486667e+003					2.799720e+002	3.600000e+002		
7.281220e+002	1.974000e+004		6.794720e+002	2.440000e+003					2.799220e+002	4.033333e+002		
7.271220e+002	2.046000e+004		6.794220e+002	2.436667e+003					2.798720e+002	4.266667e+002		
7.261220e+002	2.120000e+004		6.793720e+002	2.553333e+003					2.798220e+002	4.866667e+002		
7.251220e+002	2.113000e+004		6.793220e+002	2.446667e+003					2.797720e+002	4.600000e+002		
7.241220e+002	2.162000e+004		6.792720e+002	2.380000e+003					2.797220e+002	5.033333e+002		
7.231220e+002	2.199000e+004		6.792220e+002	2.400000e+003					2.796720e+002	4.900000e+002		
7.221220e+002	2.226000e+004		6.791720e+002	2.493333e+003					2.796220e+002	3.666667e+002		
7.211220e+002	2.243000e+004		6.791220e+002	2.406667e+003					2.795720e+002	4.000000e+002		
7.201220e+002	2.232000e+004		6.790720e+002	2.436667e+003					2.795220e+002	3.600000e+002		
7.191220e+002	2.268000e+004		6.790220e+002	2.480000e+003					2.794720e+002	3.933333e+002		
7.181220e+002	2.289000e+004		6.789720e+002	2.436667e+003					2.794220e+002	3.966667e+002		
7.171220e+002	2.205000e+004		6.789220e+002	2.403333e+003					2.793720e+002	3.933333e+002		
7.161220e+002	2.236000e+004		6.788720e+002	2.456667e+003					2.793220e+002	4.233333e+002		
7.151220e+002	2.207000e+004		6.788220e+002	2.493333e+003					2.792720e+002	3.966667e+002		
7.141220e+002	2.222000e+004		6.787720e+002	2.480000e+003					2.792220e+002	4.366667e+002		
7.131220e+002	2.254000e+004		6.787220e+002	2.530000e+003					2.791720e+002	4.066667e+002		
7.121220e+002	2.143000e+004		6.786720e+002	2.480000e+003					2.791220e+002	3.900000e+002		
7.111220e+002	2.159000e+004		6.786220e+002	2.470000e+003					2.790720e+002	4.066667e+002		
7.101220e+002	2.175000e+004		6.785720e+002	2.556667e+003					2.790220e+002	3.933333e+002		
7.091220e+002	2.136000e+004		6.785220e+002	2.443333e+003					2.789720e+002	4.166667e+002		
7.081220e+002	2.058000e+004		6.784720e+002	2.340000e+003					2.789220e+002	4.466667e+002		
7.071220e+002	1.918000e+004		6.784220e+002	2.376667e+003					2.788720e+002	4.166667e+002		
7.061220e+002	1.835000e+004		6.783720e+002	2.363333e+003					2.788220e+002	3.666667e+002		
7.051220e+002	1.803000e+004		6.783220e+002	2.456667e+003					2.787720e+002	3.733333e+002		
7.041220e+002	1.686000e+004		6.782720e+002	2.533333e+003					2.787220e+002	3.966667e+002		
7.031220e+002	1.612000e+004		6.782220e+002	2.590000e+003					2.786720e+002	3.900000e+002		
7.021220e+002	1.511000e+004		6.781720e+002	2.460000e+003					2.786220e+002	3.966667e+002		
7.011220e+002	1.458000e+004		6.781220e+002	2.480000e+003					2.785720e+002	4.133333e+002		
7.001220e+002	1.356000e+004		6.780720e+002	2.523333e+003					2.785220e+002	3.666667e+002		
6.991220e+002	1.280000e+004								2.784720e+002	4.166667e+002		
6.981220e+002	1.132000e+004								2.784220e+002	4.066667e+002		
6.971220e+002	1.032000e+004								2.783720e+002	3.700000e+002		
6.961220e+002	9.240000e+003								2.783220e+002	4.100000e+002		
6.951220e+002	8.530000e+003								2.782720e+002	3.733333e+002		
6.941220e+002	8.940000e+003								2.782220e+002	3.833333e+002		
6.931220e+002	9.760000e+003								2.781720e+002	4.400000e+002		
6.921220e+002	1.110000e+004								2.781220e+002	3.566667e+002		
6.911220e+002	1.785000e+004								2.780720e+002	3.866667e+002		
6.901220e+002	4.763000e+004								2.780220e+002	4.200000e+002		
6.891220e+002	1.277600e+005								2.779720e+002	4.500000e+002		
6.881220e+002	1.587100e+005								2.779220e+002	3.900000e+002		
6.871220e+002	7.326000e+004								2.778720e+002	4.133333e+002		
6.861220e+002	2.110000e+004								2.778220e+002	3.633333e+002		
6.851220e+002	1.076000e+004								2.777720e+002	4.066667e+002		
6.841220e+002	7.770000e+003								2.777220e+002	3.366667e+002		
6.831220e+002	6.930000e+003								2.776720e+002	4.200000e+002		
6.821220e+002	6.710000e+003								2.776220e+002	4.166667e+002		
6.811220e+002	6.280000e+003								2.775720e+002	4.800000e+002		
6.801220e+002	6.510000e+003								2.775220e+002	3.700000e+002		
6.791220e+002	6.350000e+003								2.774720e+002	4.200000e+002		
6.781220e+002	6.230000e+003								2.774220e+002	4.000000e+002		
6.771220e+002	6.180000e+003								2.773720e+002	3.633333e+002		
6.761220e+002	6.360000e+003								2.773220e+002	4.200000e+002		
6.751220e+002	6.430000e+003								2.772720e+002	4.333333e+002		
6.741220e+002	6.430000e+003								2.772220e+002	4.533333e+002		
6.731220e+002	6.290000e+003								2.771720e+002	4.200000e+002		
6.721220e+002	6.040000e+003								2.771220e+002	3.933333e+002		
6.711220e+002	6.290000e+003								2.770720e+002	4.033333e+002		
6.701220e+002	6.690000e+003								2.770220e+002	4.100000e+002		
6.691220e+002	6.450000e+003								2.769720e+002	3.466667e+002		
6.681220e+002	6.150000e+003								2.769220e+002	4.033333e+002		
6.671220e+002	6.040000e+003								2.768720e+002	4.500000e+002		
6.661220e+002	5.890000e+003								2.768220e+002	3.166667e+002		
6.651220e+002	6.130000e+003								2.767720e+002	3.900000e+002		
6.641220e+002	6.400000e+003								2.767220e+002	3.733333e+002		
6.631220e+002	6.910000e+003								2.766720e+002	4.300000e+002		
6.621220e+002	6.430000e+003								2.766220e+002	3.966667e+002		
6.611220e+002	6.160000e+003								2.765720e+002	4.066667e+002		
6.601220e+002	6.490000e+003								2.765220e+002	4.100000e+002		
6.591220e+002	6.200000e+003								2.764720e+002	4.600000e+002		
6.581220e+002	6.110000e+003								2.764220e+002	4.700000e+002		
6.571220e+002	6.230000e+003								2.763720e+002	3.600000e+002		
6.561220e+002	6.010000e+003								2.763220e+002	4.000000e+002		
6.551220e+002	5.980000e+003								2.762720e+002	4.533333e+002		
6.541220e+002	6.130000e+003								2.762220e+002	4.233333e+002		
6.531220e+002	6.320000e+003								2.761720e+002	3.733333e+002		
6.521220e+002	6.170000e+003								2.761220e+002	3.533333e+002		
6.511220e+002	5.890000e+003								2.760720e+002	4.133333e+002		
6.501220e+002	6.260000e+003								2.760220e+002	4.433333e+002		
6.491220e+002	6.220000e+003								2.759720e+002	4.166667e+002		
6.481220e+002	6.180000e+003								2.759220e+002	4.433333e+002		
6.471220e+002	6.060000e+003								2.758720e+002	3.766667e+002		
6.461220e+002	6.350000e+003								2.758220e+002	4.200000e+002		
6.451220e+002	6.070000e+003								2.757720e+002	4.366667e+002		
6.441220e+002	6.430000e+003								2.757220e+002	4.366667e+002		
6.431220e+002	6.020000e+003								2.756720e+002	4.300000e+002		
6.421220e+002	5.800000e+003								2.756220e+002	4.200000e+002		
6.411220e+002	6.140000e+003											
6.401220e+002	6.150000e+003											
6.391220e+002	6.550000e+003											
6.381220e+002	6.500000e+003											
6.371220e+002	6.510000e+003											
6.361220e+002	6.570000e+003											
6.351220e+002	6.630000e+003											
6.341220e+002	6.050000e+003											
6.331220e+002	6.650000e+003											
6.321220e+002	6.250000e+003											
6.311220e+002	6.190000e+003											
6.301220e+002	6.380000e+003											
6.291220e+002	6.210000e+003											
6.281220e+002	6.360000e+003											
6.271220e+002	6.200000e+003											
6.261220e+002	6.220000e+003											
6.251220e+002	6.260000e+003											
6.241220e+002	5.990000e+003											
6.231220e+002	6.460000e+003											
6.221220e+002	6.360000e+003											
6.211220e+002	6.440000e+003											
6.201220e+002	6.040000e+003											
6.191220e+002	6.100000e+003											
6.181220e+002	6.430000e+003											
6.171220e+002	6.280000e+003											
6.161220e+002	6.320000e+003											
6.151220e+002	6.260000e+003											
6.141220e+002	6.460000e+003											
6.131220e+002	6.400000e+003											
6.121220e+002	6.270000e+003											
6.111220e+002	6.350000e+003											
6.101220e+002	6.460000e+003											
6.091220e+002	6.660000e+003											
6.081220e+002	6.450000e+003											
6.071220e+002	6.540000e+003											
6.061220e+002	6.760000e+003											
6.051220e+002	6.510000e+003											
6.041220e+002	6.370000e+003											
6.031220e+002	6.390000e+003											
6.021220e+002	6.050000e+003											
6.011220e+002	6.080000e+003											
6.001220e+002	6.420000e+003											
5.991220e+002	6.530000e+003											
5.981220e+002	6.600000e+003											
5.971220e+002	6.410000e+003											
5.961220e+002	6.360000e+003											
5.951220e+002	6.730000e+003											
5.941220e+002	6.430000e+003											
5.931220e+002	6.240000e+003											
5.921220e+002	6.320000e+003											
5.911220e+002	6.510000e+003											
5.901220e+002	6.460000e+003											
5.891220e+002	6.450000e+003											
5.881220e+002	6.360000e+003											
5.871220e+002	6.600000e+003											
5.861220e+002	6.820000e+003											
5.851220e+002	6.580000e+003											
5.841220e+002	6.620000e+003											
5.831220e+002	6.150000e+003											
5.821220e+002	6.500000e+003											
5.811220e+002	6.510000e+003											
5.801220e+002	6.340000e+003											
5.791220e+002	6.540000e+003											
5.781220e+002	6.440000e+003											
5.771220e+002	6.320000e+003											
5.761220e+002	6.540000e+003											
5.751220e+002	6.400000e+003											
5.741220e+002	6.800000e+003											
5.731220e+002	6.540000e+003											
5.721220e+002	6.670000e+003											
5.711220e+002	6.850000e+003											
5.701220e+002	6.480000e+003											
5.691220e+002	6.550000e+003											
5.681220e+002	6.640000e+003											
5.671220e+002	6.620000e+003											
5.661220e+002	6.770000e+003											
5.651220e+002	6.520000e+003											
5.641220e+002	6.520000e+003											
5.631220e+002	6.730000e+003											
5.621220e+002	6.800000e+003											
5.611220e+002	6.510000e+003											
5.601220e+002	6.540000e+003											
5.591220e+002	6.620000e+003											
5.581220e+002	6.880000e+003											
5.571220e+002	6.890000e+003											
5.561220e+002	6.820000e+003											
5.551220e+002	6.660000e+003											
5.541220e+002	6.790000e+003											
5.531220e+002	6.830000e+003											
5.521220e+002	6.740000e+003											
5.511220e+002	6.390000e+003											
5.501220e+002	6.930000e+003											
5.491220e+002	6.680000e+003											
5.481220e+002	6.630000e+003											
5.471220e+002	6.610000e+003											
5.461220e+002	6.880000e+003											
5.451220e+002	6.600000e+003											
5.441220e+002	6.550000e+003											
5.431220e+002	6.820000e+003											
5.421220e+002	6.270000e+003											
5.411220e+002	6.350000e+003											
5.401220e+002	6.750000e+003											
5.391220e+002	6.810000e+003											
5.381220e+002	6.770000e+003											
5.371220e+002	6.450000e+003											
5.361220e+002	6.410000e+003											
5.351220e+002	7.100000e+003											
5.341220e+002	7.290000e+003											
5.331220e+002	8.320000e+003											
5.321220e+002	8.750000e+003											
5.311220e+002	8.120000e+003											
5.301220e+002	7.200000e+003											
5.291220e+002	6.440000e+003											
5.281220e+002	6.330000e+003											
5.271220e+002	6.340000e+003											
5.261220e+002	6.440000e+003											
5.251220e+002	6.460000e+003											
5.241220e+002	6.540000e+003											
5.231220e+002	6.280000e+003											
5.221220e+002	6.380000e+003											
5.211220e+002	6.420000e+003											
5.201220e+002	6.630000e+003											
5.191220e+002	6.270000e+003											
5.181220e+002	6.110000e+003											
5.171220e+002	6.410000e+003											
5.161220e+002	6.480000e+003											
5.151220e+002	6.250000e+003											
5.141220e+002	6.680000e+003											
5.131220e+002	6.710000e+003											
5.121220e+002	6.650000e+003											
5.111220e+002	6.320000e+003											
5.101220e+002	6.540000e+003											
5.091220e+002	6.290000e+003											
5.081220e+002	6.170000e+003											
5.071220e+002	5.970000e+003											
5.061220e+002	6.300000e+003											
5.051220e+002	6.800000e+003											
5.041220e+002	6.680000e+003											
5.031220e+002	6.270000e+003											
5.021220e+002	6.480000e+003											
5.011220e+002	6.600000e+003											
5.001220e+002	6.870000e+003											
4.991220e+002	6.980000e+003											
4.981220e+002	6.530000e+003											
4.971220e+002	6.240000e+003											
4.961220e+002	6.340000e+003											
4.951220e+002	6.410000e+003											
4.941220e+002	6.850000e+003											
4.931220e+002	6.430000e+003											
4.921220e+002	6.690000e+003											
4.911220e+002	6.520000e+003											
4.901220e+002	6.280000e+003											
4.891220e+002	6.430000e+003											
4.881220e+002	6.570000e+003											
4.871220e+002	6.620000e+003											
4.861220e+002	6.440000e+003											
4.851220e+002	6.610000e+003											
4.841220e+002	6.460000e+003											
4.831220e+002	6.150000e+003											
4.821220e+002	6.660000e+003											
4.811220e+002	6.510000e+003											
4.801220e+002	6.040000e+003											
4.791220e+002	6.500000e+003											
4.781220e+002	6.700000e+003											
4.771220e+002	6.600000e+003											
4.761220e+002	6.660000e+003											
4.751220e+002	6.560000e+003											
4.741220e+002	6.550000e+003											
4.731220e+002	6.270000e+003											
4.721220e+002	6.430000e+003											
4.711220e+002	6.660000e+003											
4.701220e+002	6.940000e+003											
4.691220e+002	6.600000e+003											
4.681220e+002	6.680000e+003											
4.671220e+002	6.560000e+003											
4.661220e+002	6.850000e+003											
4.651220e+002	6.610000e+003											
4.641220e+002	6.810000e+003											
4.631220e+002	6.820000e+003											
4.621220e+002	6.460000e+003											
4.611220e+002	6.350000e+003											
4.601220e+002	6.740000e+003											
4.591220e+002	6.500000e+003											
4.581220e+002	6.450000e+003											
4.571220e+002	6.800000e+003											
4.561220e+002	6.540000e+003											
4.551220e+002	6.900000e+003											
4.541220e+002	7.030000e+003											
4.531220e+002	7.020000e+003											
4.521220e+002	7.230000e+003											
4.511220e+002	6.720000e+003											
4.501220e+002	6.650000e+003											
4.491220e+002	6.410000e+003											
4.481220e+002	7.170000e+003											
4.471220e+002	6.850000e+003											
4.461220e+002	6.840000e+003											
4.451220e+002	6.750000e+003											
4.441220e+002	6.700000e+003											
4.431220e+002	6.790000e+003											
4.421220e+002	6.920000e+003											
4.411220e+002	6.760000e+003											
4.401220e+002	6.860000e+003											
4.391220e+002	6.630000e+003											
4.381220e+002	6.670000e+003											
4.371220e+002	7.030000e+003											
4.361220e+002	6.910000e+003											
4.351220e+002	7.150000e+003											
4.341220e+002	7.180000e+003											
4.331220e+002	6.700000e+003											
4.321220e+002	6.840000e+003											
4.311220e+002	7.040000e+003											
4.301220e+002	6.830000e+003											
4.291220e+002	6.650000e+003											
4.281220e+002	6.920000e+003											
4.271220e+002	7.020000e+003											
4.261220e+002	6.890000e+003											
4.251220e+002	6.870000e+003											
4.241220e+002	7.380000e+003											
4.231220e+002	7.000000e+003											
4.221220e+002	7.110000e+003											
4.211220e+002	6.790000e+003											
4.201220e+002	7.100000e+003											
4.191220e+002	7.150000e+003											
4.181220e+002	7.160000e+003											
4.171220e+002	6.760000e+003											
4.161220e+002	7.010000e+003											
4.151220e+002	7.090000e+003											
4.141220e+002	7.400000e+003											
4.131220e+002	7.120000e+003											
4.121220e+002	6.940000e+003											
4.111220e+002	7.000000e+003											
4.101220e+002	7.000000e+003											
4.091220e+002	6.780000e+003											
4.081220e+002	7.070000e+003											
4.071220e+002	6.580000e+003											
4.061220e+002	7.130000e+003											
4.051220e+002	7.340000e+003											
4.041220e+002	6.950000e+003											
4.031220e+002	6.680000e+003											
4.021220e+002	7.230000e+003											
4.011220e+002	7.620000e+003											
4.001220e+002	7.410000e+003											
3.991220e+002	6.990000e+003											
3.981220e+002	7.310000e+003											
3.971220e+002	7.310000e+003											
3.961220e+002	7.320000e+003											
3.951220e+002	6.770000e+003											
3.941220e+002	7.000000e+003											
3.931220e+002	7.220000e+003											
3.921220e+002	6.670000e+003											
3.911220e+002	7.020000e+003											
3.901220e+002	6.920000e+003											
3.891220e+002	7.010000e+003											
3.881220e+002	6.790000e+003											
3.871220e+002	7.010000e+003											
3.861220e+002	6.860000e+003											
3.851220e+002	6.800000e+003											
3.841220e+002	6.970000e+003											
3.831220e+002	7.080000e+003											
3.821220e+002	7.410000e+003											
3.811220e+002	7.210000e+003											
3.801220e+002	7.420000e+003											
3.791220e+002	7.370000e+003											
3.781220e+002	7.170000e+003											
3.771220e+002	7.170000e+003											
3.761220e+002	7.170000e+003											
3.751220e+002	7.450000e+003											
3.741220e+002	6.810000e+003											
3.731220e+002	6.760000e+003											
3.721220e+002	7.280000e+003											
3.711220e+002	7.650000e+003											
3.701220e+002	7.460000e+003											
3.691220e+002	7.770000e+003											
3.681220e+002	7.270000e+003											
3.671220e+002	7.250000e+003											
3.661220e+002	7.270000e+003											
3.651220e+002	7.570000e+003											
3.641220e+002	7.380000e+003											
3.631220e+002	7.210000e+003											
3.621220e+002	7.530000e+003											
3.611220e+002	7.700000e+003											
3.601220e+002	7.770000e+003											
3.591220e+002	7.470000e+003											
3.581220e+002	7.510000e+003											
3.571220e+002	8.010000e+003											
3.561220e+002	7.680000e+003											
3.551220e+002	7.810000e+003											
3.541220e+002	7.650000e+003											
3.531220e+002	7.740000e+003											
3.521220e+002	7.410000e+003											
3.511220e+002	7.480000e+003											
3.501220e+002	7.600000e+003											
3.491220e+002	7.580000e+003											
3.481220e+002	7.880000e+003											
3.471220e+002	7.450000e+003											
3.461220e+002	7.580000e+003											
3.451220e+002	7.650000e+003											
3.441220e+002	7.700000e+003											
3.431220e+002	8.250000e+003											
3.421220e+002	7.960000e+003											
3.411220e+002	7.880000e+003											
3.401220e+002	7.520000e+003											
3.391220e+002	8.040000e+003											
3.381220e+002	8.160000e+003											
3.371220e+002	7.540000e+003											
3.361220e+002	7.710000e+003											
3.351220e+002	7.800000e+003											
3.341220e+002	8.030000e+003											
3.331220e+002	7.510000e+003											
3.321220e+002	7.520000e+003											
3.311220e+002	7.700000e+003											
3.301220e+002	7.860000e+003											
3.291220e+002	7.910000e+003											
3.281220e+002	7.490000e+003											
3.271220e+002	7.730000e+003											
3.261220e+002	7.780000e+003											
3.251220e+002	8.390000e+003											
3.241220e+002	8.380000e+003											
3.231220e+002	8.440000e+003											
3.221220e+002	8.940000e+003											
3.211220e+002	8.950000e+003											
3.201220e+002	8.620000e+003											
3.191220e+002	8.940000e+003											
3.181220e+002	8.660000e+003											
3.171220e+002	8.210000e+003											
3.161220e+002	8.620000e+003											
3.151220e+002	8.750000e+003											
3.141220e+002	8.600000e+003											
3.131220e+002	8.430000e+003											
3.121220e+002	8.280000e+003											
3.111220e+002	7.920000e+003											
3.101220e+002	8.030000e+003											
3.091220e+002	7.990000e+003											
3.081220e+002	7.250000e+003											
3.071220e+002	6.870000e+003											
3.061220e+002	7.200000e+003											
3.051220e+002	6.810000e+003											
3.041220e+002	6.850000e+003											
3.031220e+002	5.770000e+003											
3.021220e+002	5.920000e+003											
3.011220e+002	5.540000e+003											
3.001220e+002	5.350000e+003											
2.991220e+002	4.710000e+003											
2.981220e+002	3.910000e+003											
2.971220e+002	3.410000e+003											
2.961220e+002	3.320000e+003											
2.951220e+002	3.350000e+003											
2.941220e+002	3.590000e+003											
2.931220e+002	4.390000e+003											
2.921220e+002	8.150000e+003											
2.911220e+002	1.580000e+004											
2.901220e+002	3.788000e+004											
2.891220e+002	3.685000e+004											
2.881220e+002	1.328000e+004											
2.871220e+002	7.430000e+003											
2.861220e+002	1.007000e+004											
2.851220e+002	1.923000e+004											
2.841220e+002	2.242000e+004											
2.831220e+002	8.250000e+003											
2.821220e+002	1.950000e+003											
2.811220e+002	1.130000e+003											
2.801220e+002	1.320000e+003											
2.791220e+002	1.160000e+003											
2.781220e+002	1.240000e+003											
2.771220e+002	1.110000e+003											
2.761220e+002	8.200000e+002											
2.751220e+002	1.060000e+003											
2.741220e+002	1.090000e+003											
2.731220e+002	1.010000e+003											
2.721220e+002	1.040000e+003											
2.711220e+002	1.010000e+003											
2.701220e+002	1.190000e+003											
2.691220e+002	1.070000e+003											
2.681220e+002	9.600000e+002											
2.671220e+002	1.060000e+003											
2.661220e+002	8.600000e+002											
2.651220e+002	1.030000e+003											
2.641220e+002	1.100000e+003											
2.631220e+002	1.000000e+003											
2.621220e+002	1.280000e+003											
2.611220e+002	1.200000e+003											
2.601220e+002	1.080000e+003											
2.591220e+002	1.010000e+003											
2.581220e+002	1.190000e+003											
2.571220e+002	9.600000e+002											
2.561220e+002	1.070000e+003											
2.551220e+002	1.030000e+003											
2.541220e+002	1.070000e+003											
2.531220e+002	1.150000e+003											
2.521220e+002	1.010000e+003											
2.511220e+002	1.070000e+003											
2.501220e+002	9.400000e+002											
2.491220e+002	9.600000e+002											
2.481220e+002	1.000000e+003											
2.471220e+002	1.050000e+003											
2.461220e+002	1.030000e+003											
2.451220e+002	1.140000e+003											
2.441220e+002	9.800000e+002											
2.431220e+002	1.120000e+003											
2.421220e+002	1.020000e+003											
2.411220e+002	1.100000e+003											
2.401220e+002	1.120000e+003											
2.391220e+002	1.000000e+003											
2.381220e+002	1.170000e+003											
2.371220e+002	1.010000e+003											
2.361220e+002	1.230000e+003											
2.351220e+002	1.100000e+003											
2.341220e+002	1.230000e+003											
2.331220e+002	1.290000e+003											
2.321220e+002	1.160000e+003											
2.311220e+002	1.140000e+003											
2.301220e+002	1.170000e+003											
2.291220e+002	1.050000e+003											
2.281220e+002	1.030000e+003											
2.271220e+002	1.330000e+003											
2.261220e+002	1.100000e+003											
2.251220e+002	1.160000e+003											
2.241220e+002	9.300000e+002											
2.231220e+002	9.200000e+002											
2.221220e+002	1.230000e+003											
2.211220e+002	1.020000e+003											
2.201220e+002	9.800000e+002											
2.191220e+002	1.110000e+003											
2.181220e+002	1.020000e+003											
2.171220e+002	1.150000e+003											
2.161220e+002	1.200000e+003											
2.151220e+002	1.140000e+003											
2.141220e+002	1.020000e+003											
2.131220e+002	9.500000e+002											
2.121220e+002	1.150000e+003											
2.111220e+002	1.170000e+003											
2.101220e+002	1.150000e+003											
2.091220e+002	1.170000e+003											
2.081220e+002	1.100000e+003											
2.071220e+002	1.020000e+003											
2.061220e+002	1.310000e+003											
2.051220e+002	1.190000e+003											
2.041220e+002	1.190000e+003											
2.031220e+002	1.230000e+003											
2.021220e+002	1.240000e+003											
2.011220e+002	1.120000e+003											
2.001220e+002	1.130000e+003											
1.991220e+002	1.240000e+003											
1.981220e+002	1.210000e+003											
1.971220e+002	1.070000e+003											
1.961220e+002	1.200000e+003											
1.951220e+002	1.170000e+003											
1.941220e+002	1.250000e+003											
1.931220e+002	1.090000e+003											
1.921220e+002	1.130000e+003											
1.911220e+002	1.170000e+003											
1.901220e+002	1.090000e+003											
1.891220e+002	1.270000e+003											
1.881220e+002	1.210000e+003											
1.871220e+002	1.340000e+003											
1.861220e+002	1.140000e+003											
1.851220e+002	1.010000e+003											
1.841220e+002	1.150000e+003											
1.831220e+002	1.070000e+003											
1.821220e+002	1.000000e+003											
1.811220e+002	1.110000e+003											
1.801220e+002	1.250000e+003											
1.791220e+002	1.340000e+003											
1.781220e+002	1.030000e+003											
1.771220e+002	1.440000e+003											
1.761220e+002	1.120000e+003											
1.751220e+002	1.310000e+003											
1.741220e+002	1.310000e+003											
1.731220e+002	1.190000e+003											
1.721220e+002	1.310000e+003											
1.711220e+002	1.300000e+003											
1.701220e+002	1.400000e+003											
1.691220e+002	1.090000e+003											
1.681220e+002	1.270000e+003											
1.671220e+002	1.150000e+003											
1.661220e+002	1.160000e+003											
1.651220e+002	1.020000e+003											
1.641220e+002	1.160000e+003											
1.631220e+002	1.200000e+003											
1.621220e+002	1.330000e+003											
1.611220e+002	1.330000e+003											
1.601220e+002	1.430000e+003											
1.591220e+002	1.230000e+003											
1.581220e+002	1.240000e+003											
1.571220e+002	1.180000e+003											
1.561220e+002	1.090000e+003											
1.551220e+002	1.380000e+003											
1.541220e+002	1.520000e+003											
1.531220e+002	1.600000e+003											
1.521220e+002	1.630000e+003											
1.511220e+002	1.290000e+003											
1.501220e+002	1.220000e+003											
1.491220e+002	1.220000e+003											
1.481220e+002	1.100000e+003											
1.471220e+002	1.190000e+003											
1.461220e+002	1.230000e+003											
1.451220e+002	1.170000e+003											
1.441220e+002	1.230000e+003											
1.431220e+002	1.040000e+003											
1.421220e+002	1.170000e+003											
1.411220e+002	1.070000e+003											
1.401220e+002	1.100000e+003											
1.391220e+002	1.350000e+003											
1.381220e+002	1.260000e+003											
1.371220e+002	1.230000e+003											
1.361220e+002	1.400000e+003											
1.351220e+002	1.310000e+003											
1.341220e+002	1.110000e+003											
1.331220e+002	1.060000e+003											
1.321220e+002	1.150000e+003											
1.311220e+002	1.050000e+003											
1.301220e+002	1.200000e+003											
1.291220e+002	1.390000e+003											
1.281220e+002	1.090000e+003											
1.271220e+002	1.240000e+003											
1.261220e+002	1.190000e+003											
1.251220e+002	1.490000e+003											
1.241220e+002	1.360000e+003											
1.231220e+002	1.200000e+003											
1.221220e+002	1.320000e+003											
1.211220e+002	1.360000e+003											
1.201220e+002	1.380000e+003											
1.191220e+002	1.170000e+003											
1.181220e+002	1.190000e+003											
1.171220e+002	1.350000e+003											
1.161220e+002	1.210000e+003											
1.151220e+002	1.330000e+003											
1.141220e+002	1.300000e+003											
1.131220e+002	1.080000e+003											
1.121220e+002	1.160000e+003											
1.111220e+002	1.070000e+003											
1.101220e+002	1.350000e+003											
1.091220e+002	1.300000e+003											
1.081220e+002	1.400000e+003											
1.071220e+002	1.120000e+003											
1.061220e+002	1.260000e+003											
1.051220e+002	1.350000e+003											
1.041220e+002	1.450000e+003											
1.031220e+002	1.450000e+003											
1.021220e+002	1.700000e+003											
1.011220e+002	1.490000e+003											
1.001220e+002	1.370000e+003											
9.912200e+001	1.330000e+003											
9.812200e+001	1.220000e+003											
9.712200e+001	1.470000e+003											
9.612200e+001	1.350000e+003											
9.512200e+001	1.400000e+003											
9.412200e+001	1.460000e+003											
9.312200e+001	1.370000e+003											
9.212200e+001	1.470000e+003											
9.112200e+001	1.590000e+003											
9.012200e+001	1.280000e+003											
8.912200e+001	1.260000e+003											
8.812200e+001	1.050000e+003											
8.712200e+001	1.290000e+003											
8.612200e+001	1.290000e+003											
8.512200e+001	1.480000e+003											
8.412200e+001	1.300000e+003											
8.312200e+001	1.310000e+003											
8.212200e+001	1.470000e+003											
8.112200e+001	1.460000e+003											
8.012200e+001	1.430000e+003											
7.912200e+001	1.370000e+003											
7.812200e+001	1.470000e+003											
7.712200e+001	1.280000e+003											
7.612200e+001	1.420000e+003											
7.512200e+001	1.430000e+003											
7.412200e+001	1.510000e+003											
7.312200e+001	1.450000e+003											
7.212200e+001	1.440000e+003											
7.112200e+001	1.540000e+003											
7.012200e+001	1.530000e+003											
6.912200e+001	1.400000e+003											
6.812200e+001	1.390000e+003											
6.712200e+001	1.590000e+003											
6.612200e+001	1.290000e+003											
6.512200e+001	1.510000e+003											
6.412200e+001	1.440000e+003											
6.312200e+001	1.550000e+003											
6.212200e+001	1.440000e+003											
6.112200e+001	1.610000e+003											
6.012200e+001	1.390000e+003											
5.912200e+001	1.300000e+003											
5.812200e+001	1.400000e+003											
5.712200e+001	1.430000e+003											
5.612200e+001	1.590000e+003											
5.512200e+001	1.520000e+003											
5.412200e+001	1.490000e+003											
5.312200e+001	1.360000e+003											
5.212200e+001	1.440000e+003											
5.112200e+001	1.500000e+003											
5.012200e+001	1.330000e+003											
4.912200e+001	1.300000e+003											
4.812200e+001	1.340000e+003											
4.712200e+001	1.160000e+003											
4.612200e+001	1.180000e+003											
4.512200e+001	1.320000e+003											
4.412200e+001	1.220000e+003											
4.312200e+001	1.110000e+003											
4.212200e+001	1.010000e+003											
4.112200e+001	1.100000e+003											
4.012200e+001	1.130000e+003											
3.912200e+001	1.290000e+003											
3.812200e+001	1.610000e+003											
3.712200e+001	2.000000e+003											
3.612200e+001	3.120000e+003											
3.512200e+001	4.570000e+003											
3.412200e+001	5.760000e+003											
3.312200e+001	4.880000e+003											
3.212200e+001	2.910000e+003											
3.112200e+001	1.930000e+003											
3.012200e+001	1.360000e+003											
2.912200e+001	1.000000e+003											
2.812200e+001	7.200000e+002											
2.712200e+001	6.200000e+002											
2.612200e+001	5.900000e+002											
2.512200e+001	6.500000e+002											
2.412200e+001	6.800000e+002											
2.312200e+001	7.300000e+002											
2.212200e+001	9.300000e+002											
2.112200e+001	1.080000e+003											
2.012200e+001	1.230000e+003											
1.912200e+001	1.050000e+003											
1.812200e+001	8.600000e+002											
1.712200e+001	1.010000e+003											
1.612200e+001	1.200000e+003											
1.512200e+001	1.350000e+003											
1.412200e+001	1.330000e+003											
1.312200e+001	1.430000e+003											
1.212200e+001	1.130000e+003											
1.112200e+001	1.290000e+003											
1.012200e+001	1.630000e+003											
9.122000e+000	1.270000e+003											
8.122000e+000	7.500000e+002											
7.122000e+000	6.100000e+002											
6.122000e+000	3.300000e+002											
5.122000e+000	2.400000e+002											
4.122000e+000	7.000000e+001											
3.122000e+000	2.000000e+001											
2.122000e+000	0.000000e+000											