B.E.	wide/2:CPS		B.E.	O 1s/5:CPS		B.E.	C 1s/6:CPS		
1.101200e+003	1.342000e+004		5.412000e+002	2.310000e+003		2.977000e+002	1.060000e+003		
1.100200e+003	1.302000e+004		5.411500e+002	2.373333e+003		2.976500e+002	1.236667e+003		
1.099200e+003	1.328000e+004		5.411000e+002	2.430000e+003		2.976000e+002	1.260000e+003		
1.098200e+003	1.344000e+004		5.410500e+002	2.420000e+003		2.975500e+002	1.330000e+003		
1.097200e+003	1.292000e+004		5.410000e+002	2.320000e+003		2.975000e+002	1.293333e+003		
1.096200e+003	1.304000e+004		5.409500e+002	2.430000e+003		2.974500e+002	1.226667e+003		
1.095200e+003	1.368000e+004		5.409000e+002	2.383333e+003		2.974000e+002	1.183333e+003		
1.094200e+003	1.312000e+004		5.408500e+002	2.300000e+003		2.973500e+002	1.280000e+003		
1.093200e+003	1.302000e+004		5.408000e+002	2.326667e+003		2.973000e+002	1.126667e+003		
1.092200e+003	1.302000e+004		5.407500e+002	2.340000e+003		2.972500e+002	1.183333e+003		
1.091200e+003	1.347000e+004		5.407000e+002	2.160000e+003		2.972000e+002	1.156667e+003		
1.090200e+003	1.409000e+004		5.406500e+002	2.370000e+003		2.971500e+002	1.223333e+003		
1.089200e+003	1.388000e+004		5.406000e+002	2.403333e+003		2.971000e+002	1.193333e+003		
1.088200e+003	1.314000e+004		5.405500e+002	2.316667e+003		2.970500e+002	1.200000e+003		
1.087200e+003	1.348000e+004		5.405000e+002	2.253333e+003		2.970000e+002	1.120000e+003		
1.086200e+003	1.317000e+004		5.404500e+002	2.363333e+003		2.969500e+002	1.163333e+003		
1.085200e+003	1.331000e+004		5.404000e+002	2.373333e+003		2.969000e+002	1.163333e+003		
1.084200e+003	1.382000e+004		5.403500e+002	2.170000e+003		2.968500e+002	1.156667e+003		
1.083200e+003	1.382000e+004		5.403000e+002	2.123333e+003		2.968000e+002	1.166667e+003		
1.082200e+003	1.347000e+004		5.402500e+002	2.220000e+003		2.967500e+002	1.153333e+003		
1.081200e+003	1.378000e+004		5.402000e+002	2.310000e+003		2.967000e+002	1.080000e+003		
1.080200e+003	1.394000e+004		5.401500e+002	2.476667e+003		2.966500e+002	1.116667e+003		
1.079200e+003	1.350000e+004		5.401000e+002	2.276667e+003		2.966000e+002	1.066667e+003		
1.078200e+003	1.373000e+004		5.400500e+002	2.296667e+003		2.965500e+002	1.173333e+003		
1.077200e+003	1.392000e+004		5.400000e+002	2.360000e+003		2.965000e+002	1.150000e+003		
1.076200e+003	1.336000e+004		5.399500e+002	2.296667e+003		2.964500e+002	1.200000e+003		
1.075200e+003	1.379000e+004		5.399000e+002	2.150000e+003		2.964000e+002	1.226667e+003		
1.074200e+003	1.358000e+004		5.398500e+002	2.156667e+003		2.963500e+002	1.166667e+003		
1.073200e+003	1.375000e+004		5.398000e+002	2.280000e+003		2.963000e+002	1.060000e+003		
1.072200e+003	1.360000e+004		5.397500e+002	2.213333e+003		2.962500e+002	1.063333e+003		
1.071200e+003	1.313000e+004		5.397000e+002	2.100000e+003		2.962000e+002	1.096667e+003		
1.070200e+003	1.340000e+004		5.396500e+002	2.233333e+003		2.961500e+002	1.080000e+003		
1.069200e+003	1.354000e+004		5.396000e+002	2.273333e+003		2.961000e+002	1.040000e+003		
1.068200e+003	1.386000e+004		5.395500e+002	2.176667e+003		2.960500e+002	1.096667e+003		
1.067200e+003	1.403000e+004		5.395000e+002	2.173333e+003		2.960000e+002	1.106667e+003		
1.066200e+003	1.421000e+004		5.394500e+002	2.276667e+003		2.959500e+002	1.160000e+003		
1.065200e+003	1.385000e+004		5.394000e+002	2.173333e+003		2.959000e+002	1.026667e+003		
1.064200e+003	1.375000e+004		5.393500e+002	2.123333e+003		2.958500e+002	9.733333e+002		
1.063200e+003	1.335000e+004		5.393000e+002	2.200000e+003		2.958000e+002	1.040000e+003		
1.062200e+003	1.393000e+004		5.392500e+002	2.220000e+003		2.957500e+002	1.013333e+003		
1.061200e+003	1.422000e+004		5.392000e+002	2.163333e+003		2.957000e+002	1.016667e+003		
1.060200e+003	1.363000e+004		5.391500e+002	2.173333e+003		2.956500e+002	1.106667e+003		
1.059200e+003	1.406000e+004		5.391000e+002	2.093333e+003		2.956000e+002	1.006667e+003		
1.058200e+003	1.343000e+004		5.390500e+002	2.116667e+003		2.955500e+002	9.300000e+002		
1.057200e+003	1.374000e+004		5.390000e+002	2.196667e+003		2.955000e+002	9.533333e+002		
1.056200e+003	1.425000e+004		5.389500e+002	2.120000e+003		2.954500e+002	9.566667e+002		
1.055200e+003	1.381000e+004		5.389000e+002	2.210000e+003		2.954000e+002	1.043333e+003		
1.054200e+003	1.426000e+004		5.388500e+002	2.240000e+003		2.953500e+002	9.666667e+002		
1.053200e+003	1.422000e+004		5.388000e+002	2.250000e+003		2.953000e+002	9.133333e+002		
1.052200e+003	1.437000e+004		5.387500e+002	2.203333e+003		2.952500e+002	1.080000e+003		
1.051200e+003	1.424000e+004		5.387000e+002	2.143333e+003		2.952000e+002	1.003333e+003		
1.050200e+003	1.352000e+004		5.386500e+002	2.253333e+003		2.951500e+002	9.600000e+002		
1.049200e+003	1.372000e+004		5.386000e+002	2.160000e+003		2.951000e+002	9.166667e+002		
1.048200e+003	1.410000e+004		5.385500e+002	2.290000e+003		2.950500e+002	8.566667e+002		
1.047200e+003	1.421000e+004		5.385000e+002	2.423333e+003		2.950000e+002	9.500000e+002		
1.046200e+003	1.380000e+004		5.384500e+002	2.373333e+003		2.949500e+002	1.010000e+003		
1.045200e+003	1.373000e+004		5.384000e+002	2.170000e+003		2.949000e+002	9.366667e+002		
1.044200e+003	1.423000e+004		5.383500e+002	2.193333e+003		2.948500e+002	9.366667e+002		
1.043200e+003	1.478000e+004		5.383000e+002	2.233333e+003		2.948000e+002	9.166667e+002		
1.042200e+003	1.392000e+004		5.382500e+002	2.263333e+003		2.947500e+002	9.366667e+002		
1.041200e+003	1.428000e+004		5.382000e+002	2.266667e+003		2.947000e+002	9.533333e+002		
1.040200e+003	1.409000e+004		5.381500e+002	2.226667e+003		2.946500e+002	9.300000e+002		
1.039200e+003	1.394000e+004		5.381000e+002	2.250000e+003		2.946000e+002	9.966667e+002		
1.038200e+003	1.435000e+004		5.380500e+002	2.146667e+003		2.945500e+002	9.500000e+002		
1.037200e+003	1.427000e+004		5.380000e+002	2.156667e+003		2.945000e+002	9.833333e+002		
1.036200e+003	1.448000e+004		5.379500e+002	2.283333e+003		2.944500e+002	9.366667e+002		
1.035200e+003	1.423000e+004		5.379000e+002	2.256667e+003		2.944000e+002	9.700000e+002		
1.034200e+003	1.442000e+004		5.378500e+002	2.256667e+003		2.943500e+002	9.633333e+002		
1.033200e+003	1.386000e+004		5.378000e+002	2.276667e+003		2.943000e+002	9.700000e+002		
1.032200e+003	1.431000e+004		5.377500e+002	2.313333e+003		2.942500e+002	9.566667e+002		
1.031200e+003	1.418000e+004		5.377000e+002	2.280000e+003		2.942000e+002	9.933333e+002		
1.030200e+003	1.390000e+004		5.376500e+002	2.240000e+003		2.941500e+002	8.733333e+002		
1.029200e+003	1.397000e+004		5.376000e+002	2.206667e+003		2.941000e+002	8.433333e+002		
1.028200e+003	1.464000e+004		5.375500e+002	2.170000e+003		2.940500e+002	8.666667e+002		
1.027200e+003	1.436000e+004		5.375000e+002	2.140000e+003		2.940000e+002	8.366667e+002		
1.026200e+003	1.449000e+004		5.374500e+002	2.193333e+003		2.939500e+002	9.266667e+002		
1.025200e+003	1.448000e+004		5.374000e+002	2.326667e+003		2.939000e+002	9.533333e+002		
1.024200e+003	1.445000e+004		5.373500e+002	2.136667e+003		2.938500e+002	9.300000e+002		
1.023200e+003	1.459000e+004		5.373000e+002	2.266667e+003		2.938000e+002	9.433333e+002		
1.022200e+003	1.508000e+004		5.372500e+002	2.260000e+003		2.937500e+002	8.600000e+002		
1.021200e+003	1.521000e+004		5.372000e+002	2.226667e+003		2.937000e+002	8.766667e+002		
1.020200e+003	1.518000e+004		5.371500e+002	2.160000e+003		2.936500e+002	8.600000e+002		
1.019200e+003	1.434000e+004		5.371000e+002	2.220000e+003		2.936000e+002	9.633333e+002		
1.018200e+003	1.435000e+004		5.370500e+002	2.293333e+003		2.935500e+002	9.266667e+002		
1.017200e+003	1.484000e+004		5.370000e+002	2.360000e+003		2.935000e+002	8.300000e+002		
1.016200e+003	1.463000e+004		5.369500e+002	2.140000e+003		2.934500e+002	8.133333e+002		
1.015200e+003	1.416000e+004		5.369000e+002	2.356667e+003		2.934000e+002	8.333333e+002		
1.014200e+003	1.491000e+004		5.368500e+002	2.293333e+003		2.933500e+002	8.733333e+002		
1.013200e+003	1.452000e+004		5.368000e+002	2.373333e+003		2.933000e+002	8.633333e+002		
1.012200e+003	1.427000e+004		5.367500e+002	2.350000e+003		2.932500e+002	9.100000e+002		
1.011200e+003	1.450000e+004		5.367000e+002	2.316667e+003		2.932000e+002	9.466667e+002		
1.010200e+003	1.461000e+004		5.366500e+002	2.260000e+003		2.931500e+002	8.900000e+002		
1.009200e+003	1.509000e+004		5.366000e+002	2.416667e+003		2.931000e+002	8.366667e+002		
1.008200e+003	1.480000e+004		5.365500e+002	2.246667e+003		2.930500e+002	8.166667e+002		
1.007200e+003	1.418000e+004		5.365000e+002	2.170000e+003		2.930000e+002	8.666667e+002		
1.006200e+003	1.424000e+004		5.364500e+002	2.260000e+003		2.929500e+002	9.033333e+002		
1.005200e+003	1.490000e+004		5.364000e+002	2.226667e+003		2.929000e+002	9.133333e+002		
1.004200e+003	1.495000e+004		5.363500e+002	2.423333e+003		2.928500e+002	9.300000e+002		
1.003200e+003	1.505000e+004		5.363000e+002	2.370000e+003		2.928000e+002	8.933333e+002		
1.002200e+003	1.542000e+004		5.362500e+002	2.303333e+003		2.927500e+002	9.366667e+002		
1.001200e+003	1.565000e+004		5.362000e+002	2.323333e+003		2.927000e+002	9.300000e+002		
1.000200e+003	1.595000e+004		5.361500e+002	2.380000e+003		2.926500e+002	9.366667e+002		
9.992000e+002	1.587000e+004		5.361000e+002	2.356667e+003		2.926000e+002	8.700000e+002		
9.982000e+002	1.564000e+004		5.360500e+002	2.406667e+003		2.925500e+002	8.033333e+002		
9.972000e+002	1.527000e+004		5.360000e+002	2.503333e+003		2.925000e+002	9.500000e+002		
9.962000e+002	1.495000e+004		5.359500e+002	2.333333e+003		2.924500e+002	8.566667e+002		
9.952000e+002	1.463000e+004		5.359000e+002	2.290000e+003		2.924000e+002	9.066667e+002		
9.942000e+002	1.410000e+004		5.358500e+002	2.520000e+003		2.923500e+002	9.600000e+002		
9.932000e+002	1.422000e+004		5.358000e+002	2.540000e+003		2.923000e+002	1.006667e+003		
9.922000e+002	1.455000e+004		5.357500e+002	2.346667e+003		2.922500e+002	9.433333e+002		
9.912000e+002	1.423000e+004		5.357000e+002	2.350000e+003		2.922000e+002	8.700000e+002		
9.902000e+002	1.383000e+004		5.356500e+002	2.603333e+003		2.921500e+002	8.900000e+002		
9.892000e+002	1.400000e+004		5.356000e+002	2.630000e+003		2.921000e+002	9.466667e+002		
9.882000e+002	1.372000e+004		5.355500e+002	2.640000e+003		2.920500e+002	8.933333e+002		
9.872000e+002	1.273000e+004		5.355000e+002	2.603333e+003		2.920000e+002	9.000000e+002		
9.862000e+002	1.280000e+004		5.354500e+002	2.586667e+003		2.919500e+002	7.866667e+002		
9.852000e+002	1.332000e+004		5.354000e+002	2.630000e+003		2.919000e+002	8.733333e+002		
9.842000e+002	1.354000e+004		5.353500e+002	2.766667e+003		2.918500e+002	8.733333e+002		
9.832000e+002	1.371000e+004		5.353000e+002	2.780000e+003		2.918000e+002	9.266667e+002		
9.822000e+002	1.462000e+004		5.352500e+002	2.863333e+003		2.917500e+002	9.233333e+002		
9.812000e+002	1.516000e+004		5.352000e+002	2.816667e+003		2.917000e+002	9.466667e+002		
9.802000e+002	1.503000e+004		5.351500e+002	2.833333e+003		2.916500e+002	9.133333e+002		
9.792000e+002	1.536000e+004		5.351000e+002	2.970000e+003		2.916000e+002	8.833333e+002		
9.782000e+002	1.574000e+004		5.350500e+002	3.113333e+003		2.915500e+002	8.233333e+002		
9.772000e+002	1.646000e+004		5.350000e+002	3.203333e+003		2.915000e+002	9.200000e+002		
9.762000e+002	1.619000e+004		5.349500e+002	3.210000e+003		2.914500e+002	9.433333e+002		
9.752000e+002	1.642000e+004		5.349000e+002	3.420000e+003		2.914000e+002	8.733333e+002		
9.742000e+002	1.581000e+004		5.348500e+002	3.333333e+003		2.913500e+002	9.333333e+002		
9.732000e+002	1.571000e+004		5.348000e+002	3.520000e+003		2.913000e+002	9.166667e+002		
9.722000e+002	1.480000e+004		5.347500e+002	3.743333e+003		2.912500e+002	9.033333e+002		
9.712000e+002	1.384000e+004		5.347000e+002	3.883333e+003		2.912000e+002	9.700000e+002		
9.702000e+002	1.368000e+004		5.346500e+002	3.896667e+003		2.911500e+002	9.200000e+002		
9.692000e+002	1.284000e+004		5.346000e+002	4.053333e+003		2.911000e+002	9.500000e+002		
9.682000e+002	1.208000e+004		5.345500e+002	4.210000e+003		2.910500e+002	1.023333e+003		
9.672000e+002	1.125000e+004		5.345000e+002	4.520000e+003		2.910000e+002	1.010000e+003		
9.662000e+002	1.079000e+004		5.344500e+002	4.603333e+003		2.909500e+002	9.466667e+002		
9.652000e+002	1.026000e+004		5.344000e+002	4.750000e+003		2.909000e+002	9.733333e+002		
9.642000e+002	9.950000e+003		5.343500e+002	4.876667e+003		2.908500e+002	9.233333e+002		
9.632000e+002	9.990000e+003		5.343000e+002	5.286667e+003		2.908000e+002	1.026667e+003		
9.622000e+002	9.220000e+003		5.342500e+002	5.303333e+003		2.907500e+002	1.046667e+003		
9.612000e+002	9.420000e+003		5.342000e+002	5.756667e+003		2.907000e+002	1.043333e+003		
9.602000e+002	9.540000e+003		5.341500e+002	6.113333e+003		2.906500e+002	1.010000e+003		
9.592000e+002	9.570000e+003		5.341000e+002	6.186667e+003		2.906000e+002	1.070000e+003		
9.582000e+002	9.610000e+003		5.340500e+002	6.580000e+003		2.905500e+002	1.113333e+003		
9.572000e+002	9.680000e+003		5.340000e+002	6.923333e+003		2.905000e+002	1.060000e+003		
9.562000e+002	9.370000e+003		5.339500e+002	7.143333e+003		2.904500e+002	1.073333e+003		
9.552000e+002	9.270000e+003		5.339000e+002	7.473333e+003		2.904000e+002	1.163333e+003		
9.542000e+002	9.340000e+003		5.338500e+002	7.973333e+003		2.903500e+002	1.126667e+003		
9.532000e+002	9.490000e+003		5.338000e+002	8.186667e+003		2.903000e+002	1.133333e+003		
9.522000e+002	9.400000e+003		5.337500e+002	8.373333e+003		2.902500e+002	1.176667e+003		
9.512000e+002	9.610000e+003		5.337000e+002	9.010000e+003		2.902000e+002	1.260000e+003		
9.502000e+002	9.540000e+003		5.336500e+002	9.350000e+003		2.901500e+002	1.380000e+003		
9.492000e+002	9.070000e+003		5.336000e+002	9.863333e+003		2.901000e+002	1.253333e+003		
9.482000e+002	9.350000e+003		5.335500e+002	9.916667e+003		2.900500e+002	1.413333e+003		
9.472000e+002	9.460000e+003		5.335000e+002	1.057667e+004		2.900000e+002	1.423333e+003		
9.462000e+002	9.640000e+003		5.334500e+002	1.107333e+004		2.899500e+002	1.466667e+003		
9.452000e+002	9.300000e+003		5.334000e+002	1.116667e+004		2.899000e+002	1.520000e+003		
9.442000e+002	9.060000e+003		5.333500e+002	1.182000e+004		2.898500e+002	1.516667e+003		
9.432000e+002	9.100000e+003		5.333000e+002	1.210333e+004		2.898000e+002	1.633333e+003		
9.422000e+002	9.560000e+003		5.332500e+002	1.255667e+004		2.897500e+002	1.536667e+003		
9.412000e+002	9.160000e+003		5.332000e+002	1.323667e+004		2.897000e+002	1.673333e+003		
9.402000e+002	9.370000e+003		5.331500e+002	1.351333e+004		2.896500e+002	1.713333e+003		
9.392000e+002	9.540000e+003		5.331000e+002	1.368667e+004		2.896000e+002	1.816667e+003		
9.382000e+002	9.850000e+003		5.330500e+002	1.423667e+004		2.895500e+002	1.713333e+003		
9.372000e+002	8.820000e+003		5.330000e+002	1.435333e+004		2.895000e+002	1.863333e+003		
9.362000e+002	9.200000e+003		5.329500e+002	1.478667e+004		2.894500e+002	1.970000e+003		
9.352000e+002	9.710000e+003		5.329000e+002	1.522333e+004		2.894000e+002	2.190000e+003		
9.342000e+002	9.650000e+003		5.328500e+002	1.532667e+004		2.893500e+002	2.090000e+003		
9.332000e+002	9.320000e+003		5.328000e+002	1.554667e+004		2.893000e+002	2.246667e+003		
9.322000e+002	9.270000e+003		5.327500e+002	1.592000e+004		2.892500e+002	2.303333e+003		
9.312000e+002	9.270000e+003		5.327000e+002	1.585667e+004		2.892000e+002	2.243333e+003		
9.302000e+002	9.200000e+003		5.326500e+002	1.562333e+004		2.891500e+002	2.460000e+003		
9.292000e+002	9.610000e+003		5.326000e+002	1.605667e+004		2.891000e+002	2.536667e+003		
9.282000e+002	9.290000e+003		5.325500e+002	1.608333e+004		2.890500e+002	2.443333e+003		
9.272000e+002	9.270000e+003		5.325000e+002	1.593000e+004		2.890000e+002	2.393333e+003		
9.262000e+002	9.640000e+003		5.324500e+002	1.616667e+004		2.889500e+002	2.570000e+003		
9.252000e+002	9.050000e+003		5.324000e+002	1.638000e+004		2.889000e+002	2.686667e+003		
9.242000e+002	9.410000e+003		5.323500e+002	1.594667e+004		2.888500e+002	2.596667e+003		
9.232000e+002	9.540000e+003		5.323000e+002	1.625000e+004		2.888000e+002	2.803333e+003		
9.222000e+002	9.790000e+003		5.322500e+002	1.629667e+004		2.887500e+002	2.746667e+003		
9.212000e+002	9.450000e+003		5.322000e+002	1.568000e+004		2.887000e+002	2.700000e+003		
9.202000e+002	9.670000e+003		5.321500e+002	1.576000e+004		2.886500e+002	2.770000e+003		
9.192000e+002	9.800000e+003		5.321000e+002	1.522667e+004		2.886000e+002	2.910000e+003		
9.182000e+002	9.830000e+003		5.320500e+002	1.498667e+004		2.885500e+002	2.733333e+003		
9.172000e+002	9.710000e+003		5.320000e+002	1.525000e+004		2.885000e+002	2.883333e+003		
9.162000e+002	9.540000e+003		5.319500e+002	1.499333e+004		2.884500e+002	2.856667e+003		
9.152000e+002	9.360000e+003		5.319000e+002	1.478000e+004		2.884000e+002	2.900000e+003		
9.142000e+002	9.340000e+003		5.318500e+002	1.423000e+004		2.883500e+002	3.023333e+003		
9.132000e+002	9.220000e+003		5.318000e+002	1.404667e+004		2.883000e+002	2.906667e+003		
9.122000e+002	9.460000e+003		5.317500e+002	1.388667e+004		2.882500e+002	2.980000e+003		
9.112000e+002	9.830000e+003		5.317000e+002	1.359000e+004		2.882000e+002	2.936667e+003		
9.102000e+002	9.340000e+003		5.316500e+002	1.328667e+004		2.881500e+002	2.993333e+003		
9.092000e+002	9.600000e+003		5.316000e+002	1.317000e+004		2.881000e+002	3.136667e+003		
9.082000e+002	9.540000e+003		5.315500e+002	1.271333e+004		2.880500e+002	3.170000e+003		
9.072000e+002	9.450000e+003		5.315000e+002	1.230333e+004		2.880000e+002	3.173333e+003		
9.062000e+002	1.006000e+004		5.314500e+002	1.181000e+004		2.879500e+002	3.176667e+003		
9.052000e+002	9.090000e+003		5.314000e+002	1.152333e+004		2.879000e+002	3.363333e+003		
9.042000e+002	9.540000e+003		5.313500e+002	1.126000e+004		2.878500e+002	3.613333e+003		
9.032000e+002	9.680000e+003		5.313000e+002	1.064000e+004		2.878000e+002	3.630000e+003		
9.022000e+002	9.430000e+003		5.312500e+002	1.023000e+004		2.877500e+002	3.743333e+003		
9.012000e+002	9.600000e+003		5.312000e+002	9.906667e+003		2.877000e+002	3.743333e+003		
9.002000e+002	9.220000e+003		5.311500e+002	9.340000e+003		2.876500e+002	3.966667e+003		
8.992000e+002	9.460000e+003		5.311000e+002	9.180000e+003		2.876000e+002	3.986667e+003		
8.982000e+002	9.520000e+003		5.310500e+002	8.530000e+003		2.875500e+002	4.310000e+003		
8.972000e+002	9.940000e+003		5.310000e+002	8.613333e+003		2.875000e+002	4.523333e+003		
8.962000e+002	9.520000e+003		5.309500e+002	8.086667e+003		2.874500e+002	4.860000e+003		
8.952000e+002	9.830000e+003		5.309000e+002	7.436667e+003		2.874000e+002	4.983333e+003		
8.942000e+002	9.800000e+003		5.308500e+002	7.140000e+003		2.873500e+002	4.966667e+003		
8.932000e+002	9.780000e+003		5.308000e+002	6.386667e+003		2.873000e+002	5.200000e+003		
8.922000e+002	9.510000e+003		5.307500e+002	6.013333e+003		2.872500e+002	5.570000e+003		
8.912000e+002	9.490000e+003		5.307000e+002	5.913333e+003		2.872000e+002	5.576667e+003		
8.902000e+002	9.460000e+003		5.306500e+002	5.366667e+003		2.871500e+002	5.706667e+003		
8.892000e+002	9.300000e+003		5.306000e+002	4.983333e+003		2.871000e+002	5.946667e+003		
8.882000e+002	9.750000e+003		5.305500e+002	4.746667e+003		2.870500e+002	6.330000e+003		
8.872000e+002	9.850000e+003		5.305000e+002	4.196667e+003		2.870000e+002	6.430000e+003		
8.862000e+002	9.890000e+003		5.304500e+002	3.860000e+003		2.869500e+002	6.370000e+003		
8.852000e+002	1.007000e+004		5.304000e+002	3.690000e+003		2.869000e+002	6.483333e+003		
8.842000e+002	9.680000e+003		5.303500e+002	3.413333e+003		2.868500e+002	6.633333e+003		
8.832000e+002	9.530000e+003		5.303000e+002	3.310000e+003		2.868000e+002	6.883333e+003		
8.822000e+002	9.590000e+003		5.302500e+002	3.186667e+003		2.867500e+002	6.623333e+003		
8.812000e+002	1.033000e+004		5.302000e+002	2.980000e+003		2.867000e+002	6.676667e+003		
8.802000e+002	9.780000e+003		5.301500e+002	2.740000e+003		2.866500e+002	6.596667e+003		
8.792000e+002	9.460000e+003		5.301000e+002	2.620000e+003		2.866000e+002	6.753333e+003		
8.782000e+002	9.930000e+003		5.300500e+002	2.453333e+003		2.865500e+002	6.583333e+003		
8.772000e+002	1.000000e+004		5.300000e+002	2.396667e+003		2.865000e+002	6.546667e+003		
8.762000e+002	9.670000e+003		5.299500e+002	2.343333e+003		2.864500e+002	6.616667e+003		
8.752000e+002	9.350000e+003		5.299000e+002	2.253333e+003		2.864000e+002	6.343333e+003		
8.742000e+002	9.470000e+003		5.298500e+002	2.263333e+003		2.863500e+002	6.603333e+003		
8.732000e+002	9.580000e+003		5.298000e+002	2.110000e+003		2.863000e+002	6.153333e+003		
8.722000e+002	9.760000e+003		5.297500e+002	2.006667e+003		2.862500e+002	6.360000e+003		
8.712000e+002	1.004000e+004		5.297000e+002	2.013333e+003		2.862000e+002	6.216667e+003		
8.702000e+002	9.700000e+003		5.296500e+002	1.960000e+003		2.861500e+002	6.390000e+003		
8.692000e+002	9.670000e+003		5.296000e+002	2.146667e+003		2.861000e+002	6.350000e+003		
8.682000e+002	9.980000e+003		5.295500e+002	2.040000e+003		2.860500e+002	6.440000e+003		
8.672000e+002	9.930000e+003		5.295000e+002	2.003333e+003		2.860000e+002	6.380000e+003		
8.662000e+002	9.880000e+003		5.294500e+002	1.900000e+003		2.859500e+002	6.403333e+003		
8.652000e+002	9.530000e+003		5.294000e+002	1.950000e+003		2.859000e+002	6.526667e+003		
8.642000e+002	9.510000e+003		5.293500e+002	1.713333e+003		2.858500e+002	6.790000e+003		
8.632000e+002	9.500000e+003		5.293000e+002	1.813333e+003		2.858000e+002	6.930000e+003		
8.622000e+002	9.790000e+003		5.292500e+002	1.936667e+003		2.857500e+002	6.970000e+003		
8.612000e+002	9.310000e+003		5.292000e+002	1.780000e+003		2.857000e+002	7.176667e+003		
8.602000e+002	9.690000e+003		5.291500e+002	1.863333e+003		2.856500e+002	7.240000e+003		
8.592000e+002	9.230000e+003		5.291000e+002	1.866667e+003		2.856000e+002	7.236667e+003		
8.582000e+002	9.600000e+003		5.290500e+002	1.776667e+003		2.855500e+002	7.496667e+003		
8.572000e+002	9.750000e+003		5.290000e+002	1.863333e+003		2.855000e+002	7.713333e+003		
8.562000e+002	9.870000e+003		5.289500e+002	1.863333e+003		2.854500e+002	7.846667e+003		
8.552000e+002	9.480000e+003		5.289000e+002	1.806667e+003		2.854000e+002	7.950000e+003		
8.542000e+002	9.140000e+003		5.288500e+002	1.816667e+003		2.853500e+002	8.390000e+003		
8.532000e+002	9.610000e+003		5.288000e+002	1.936667e+003		2.853000e+002	8.640000e+003		
8.522000e+002	9.600000e+003		5.287500e+002	1.860000e+003		2.852500e+002	8.963333e+003		
8.512000e+002	9.880000e+003		5.287000e+002	1.773333e+003		2.852000e+002	8.906667e+003		
8.502000e+002	9.910000e+003		5.286500e+002	1.926667e+003		2.851500e+002	9.313333e+003		
8.492000e+002	9.800000e+003		5.286000e+002	1.836667e+003		2.851000e+002	9.476667e+003		
8.482000e+002	9.730000e+003		5.285500e+002	1.740000e+003		2.850500e+002	9.776667e+003		
8.472000e+002	1.002000e+004		5.285000e+002	1.826667e+003		2.850000e+002	9.966667e+003		
8.462000e+002	9.560000e+003		5.284500e+002	1.800000e+003		2.849500e+002	9.873333e+003		
8.452000e+002	9.780000e+003		5.284000e+002	1.840000e+003		2.849000e+002	1.007667e+004		
8.442000e+002	9.720000e+003		5.283500e+002	1.743333e+003		2.848500e+002	1.018000e+004		
8.432000e+002	9.690000e+003		5.283000e+002	1.820000e+003		2.848000e+002	1.046000e+004		
8.422000e+002	9.260000e+003		5.282500e+002	1.716667e+003		2.847500e+002	1.055333e+004		
8.412000e+002	9.830000e+003		5.282000e+002	1.810000e+003		2.847000e+002	1.046667e+004		
8.402000e+002	9.710000e+003		5.281500e+002	1.890000e+003		2.846500e+002	1.090000e+004		
8.392000e+002	9.700000e+003		5.281000e+002	1.743333e+003		2.846000e+002	1.081000e+004		
8.382000e+002	9.680000e+003		5.280500e+002	1.736667e+003		2.845500e+002	1.062667e+004		
8.372000e+002	9.910000e+003		5.280000e+002	1.796667e+003		2.845000e+002	1.065667e+004		
8.362000e+002	9.850000e+003		5.279500e+002	1.823333e+003		2.844500e+002	1.032333e+004		
8.352000e+002	9.360000e+003		5.279000e+002	1.736667e+003		2.844000e+002	1.002000e+004		
8.342000e+002	9.750000e+003		5.278500e+002	1.653333e+003		2.843500e+002	9.876667e+003		
8.332000e+002	9.670000e+003		5.278000e+002	1.850000e+003		2.843000e+002	9.503333e+003		
8.322000e+002	1.037000e+004		5.277500e+002	1.760000e+003		2.842500e+002	9.050000e+003		
8.312000e+002	9.940000e+003		5.277000e+002	1.736667e+003		2.842000e+002	8.556667e+003		
8.302000e+002	9.700000e+003		5.276500e+002	1.910000e+003		2.841500e+002	8.130000e+003		
8.292000e+002	1.020000e+004		5.276000e+002	1.713333e+003		2.841000e+002	7.596667e+003		
8.282000e+002	9.850000e+003		5.275500e+002	1.686667e+003		2.840500e+002	7.206667e+003		
8.272000e+002	9.660000e+003		5.275000e+002	1.650000e+003		2.840000e+002	6.626667e+003		
8.262000e+002	9.660000e+003		5.274500e+002	1.660000e+003		2.839500e+002	6.016667e+003		
8.252000e+002	9.590000e+003		5.274000e+002	1.786667e+003		2.839000e+002	5.523333e+003		
8.242000e+002	9.600000e+003		5.273500e+002	1.790000e+003		2.838500e+002	5.030000e+003		
8.232000e+002	9.870000e+003		5.273000e+002	1.703333e+003		2.838000e+002	4.750000e+003		
8.222000e+002	9.900000e+003		5.272500e+002	1.780000e+003		2.837500e+002	3.986667e+003		
8.212000e+002	1.030000e+004		5.272000e+002	1.770000e+003		2.837000e+002	3.740000e+003		
8.202000e+002	9.990000e+003		5.271500e+002	1.770000e+003		2.836500e+002	3.376667e+003		
8.192000e+002	9.650000e+003		5.271000e+002	1.843333e+003		2.836000e+002	3.220000e+003		
8.182000e+002	9.580000e+003		5.270500e+002	1.846667e+003		2.835500e+002	2.800000e+003		
8.172000e+002	9.460000e+003		5.270000e+002	1.796667e+003		2.835000e+002	2.456667e+003		
8.162000e+002	1.020000e+004		5.269500e+002	1.860000e+003		2.834500e+002	2.153333e+003		
8.152000e+002	1.006000e+004		5.269000e+002	1.656667e+003		2.834000e+002	1.976667e+003		
8.142000e+002	1.003000e+004		5.268500e+002	1.713333e+003		2.833500e+002	1.730000e+003		
8.132000e+002	9.690000e+003		5.268000e+002	1.693333e+003		2.833000e+002	1.473333e+003		
8.122000e+002	1.012000e+004		5.267500e+002	1.650000e+003		2.832500e+002	1.310000e+003		
8.112000e+002	1.008000e+004		5.267000e+002	1.770000e+003		2.832000e+002	1.293333e+003		
8.102000e+002	9.480000e+003		5.266500e+002	1.850000e+003		2.831500e+002	1.093333e+003		
8.092000e+002	9.450000e+003		5.266000e+002	1.773333e+003		2.831000e+002	1.053333e+003		
8.082000e+002	9.970000e+003		5.265500e+002	1.726667e+003		2.830500e+002	9.000000e+002		
8.072000e+002	9.800000e+003		5.265000e+002	1.683333e+003		2.830000e+002	8.233333e+002		
8.062000e+002	9.540000e+003		5.264500e+002	1.696667e+003		2.829500e+002	7.566667e+002		
8.052000e+002	9.840000e+003		5.264000e+002	1.750000e+003		2.829000e+002	6.866667e+002		
8.042000e+002	9.870000e+003		5.263500e+002	1.790000e+003		2.828500e+002	6.266667e+002		
8.032000e+002	9.880000e+003		5.263000e+002	1.770000e+003		2.828000e+002	6.866667e+002		
8.022000e+002	1.001000e+004		5.262500e+002	1.796667e+003		2.827500e+002	6.566667e+002		
8.012000e+002	9.860000e+003		5.262000e+002	1.743333e+003		2.827000e+002	6.033333e+002		
8.002000e+002	1.001000e+004		5.261500e+002	1.650000e+003		2.826500e+002	5.866667e+002		
7.992000e+002	9.600000e+003		5.261000e+002	1.566667e+003		2.826000e+002	4.966667e+002		
7.982000e+002	9.930000e+003		5.260500e+002	1.596667e+003		2.825500e+002	4.766667e+002		
7.972000e+002	9.980000e+003		5.260000e+002	1.723333e+003		2.825000e+002	4.800000e+002		
7.962000e+002	1.014000e+004		5.259500e+002	1.760000e+003		2.824500e+002	4.966667e+002		
7.952000e+002	9.450000e+003		5.259000e+002	1.770000e+003		2.824000e+002	4.666667e+002		
7.942000e+002	9.510000e+003		5.258500e+002	1.793333e+003		2.823500e+002	5.033333e+002		
7.932000e+002	1.004000e+004		5.258000e+002	1.850000e+003		2.823000e+002	4.966667e+002		
7.922000e+002	9.560000e+003		5.257500e+002	1.833333e+003		2.822500e+002	5.266667e+002		
7.912000e+002	9.960000e+003		5.257000e+002	1.713333e+003		2.822000e+002	4.933333e+002		
7.902000e+002	9.470000e+003		5.256500e+002	1.800000e+003		2.821500e+002	4.300000e+002		
7.892000e+002	9.500000e+003		5.256000e+002	1.740000e+003		2.821000e+002	4.600000e+002		
7.882000e+002	9.960000e+003		5.255500e+002	1.823333e+003		2.820500e+002	4.666667e+002		
7.872000e+002	1.029000e+004		5.255000e+002	1.793333e+003		2.820000e+002	4.566667e+002		
7.862000e+002	1.026000e+004		5.254500e+002	1.706667e+003		2.819500e+002	4.500000e+002		
7.852000e+002	1.003000e+004		5.254000e+002	1.786667e+003		2.819000e+002	4.100000e+002		
7.842000e+002	9.730000e+003		5.253500e+002	1.876667e+003		2.818500e+002	3.833333e+002		
7.832000e+002	9.630000e+003		5.253000e+002	1.773333e+003		2.818000e+002	4.166667e+002		
7.822000e+002	9.570000e+003		5.252500e+002	1.933333e+003		2.817500e+002	4.366667e+002		
7.812000e+002	1.034000e+004		5.252000e+002	1.763333e+003		2.817000e+002	4.533333e+002		
7.802000e+002	1.048000e+004		5.251500e+002	1.713333e+003		2.816500e+002	4.266667e+002		
7.792000e+002	1.002000e+004		5.251000e+002	1.716667e+003		2.816000e+002	4.500000e+002		
7.782000e+002	1.000000e+004		5.250500e+002	1.776667e+003		2.815500e+002	4.566667e+002		
7.772000e+002	1.039000e+004		5.250000e+002	1.736667e+003		2.815000e+002	4.400000e+002		
7.762000e+002	1.017000e+004		5.249500e+002	1.786667e+003		2.814500e+002	4.300000e+002		
7.752000e+002	1.046000e+004		5.249000e+002	1.843333e+003		2.814000e+002	4.266667e+002		
7.742000e+002	1.011000e+004		5.248500e+002	1.730000e+003		2.813500e+002	3.733333e+002		
7.732000e+002	9.900000e+003		5.248000e+002	1.746667e+003		2.813000e+002	4.333333e+002		
7.722000e+002	1.046000e+004		5.247500e+002	1.770000e+003		2.812500e+002	4.366667e+002		
7.712000e+002	1.041000e+004		5.247000e+002	1.676667e+003		2.812000e+002	4.466667e+002		
7.702000e+002	1.000000e+004		5.246500e+002	1.716667e+003		2.811500e+002	4.000000e+002		
7.692000e+002	1.018000e+004		5.246000e+002	1.650000e+003		2.811000e+002	3.833333e+002		
7.682000e+002	1.039000e+004		5.245500e+002	1.743333e+003		2.810500e+002	4.433333e+002		
7.672000e+002	1.013000e+004		5.245000e+002	1.810000e+003		2.810000e+002	4.333333e+002		
7.662000e+002	9.430000e+003		5.244500e+002	1.863333e+003		2.809500e+002	4.333333e+002		
7.652000e+002	9.780000e+003		5.244000e+002	1.830000e+003		2.809000e+002	3.800000e+002		
7.642000e+002	1.001000e+004		5.243500e+002	1.703333e+003		2.808500e+002	4.033333e+002		
7.632000e+002	1.038000e+004		5.243000e+002	1.706667e+003		2.808000e+002	4.000000e+002		
7.622000e+002	1.006000e+004		5.242500e+002	1.666667e+003		2.807500e+002	4.300000e+002		
7.612000e+002	1.002000e+004		5.242000e+002	1.896667e+003		2.807000e+002	4.133333e+002		
7.602000e+002	1.061000e+004		5.241500e+002	1.850000e+003		2.806500e+002	4.266667e+002		
7.592000e+002	1.000000e+004		5.241000e+002	1.650000e+003		2.806000e+002	3.966667e+002		
7.582000e+002	1.000000e+004		5.240500e+002	1.690000e+003		2.805500e+002	4.700000e+002		
7.572000e+002	1.006000e+004		5.240000e+002	1.803333e+003		2.805000e+002	4.200000e+002		
7.562000e+002	1.003000e+004		5.239500e+002	1.873333e+003		2.804500e+002	3.533333e+002		
7.552000e+002	1.013000e+004		5.239000e+002	1.773333e+003		2.804000e+002	4.000000e+002		
7.542000e+002	1.014000e+004		5.238500e+002	1.733333e+003		2.803500e+002	3.966667e+002		
7.532000e+002	1.019000e+004		5.238000e+002	1.710000e+003		2.803000e+002	3.733333e+002		
7.522000e+002	9.900000e+003		5.237500e+002	1.713333e+003		2.802500e+002	3.900000e+002		
7.512000e+002	1.022000e+004		5.237000e+002	1.753333e+003		2.802000e+002	4.000000e+002		
7.502000e+002	9.870000e+003		5.236500e+002	1.806667e+003		2.801500e+002	4.133333e+002		
7.492000e+002	9.970000e+003		5.236000e+002	1.806667e+003		2.801000e+002	4.533333e+002		
7.482000e+002	9.940000e+003		5.235500e+002	1.716667e+003		2.800500e+002	4.100000e+002		
7.472000e+002	1.041000e+004		5.235000e+002	1.746667e+003		2.800000e+002	4.300000e+002		
7.462000e+002	1.078000e+004		5.234500e+002	1.803333e+003		2.799500e+002	3.700000e+002		
7.452000e+002	9.960000e+003		5.234000e+002	1.756667e+003		2.799000e+002	4.433333e+002		
7.442000e+002	9.850000e+003		5.233500e+002	1.760000e+003		2.798500e+002	4.700000e+002		
7.432000e+002	1.008000e+004		5.233000e+002	1.726667e+003		2.798000e+002	4.433333e+002		
7.422000e+002	1.008000e+004		5.232500e+002	1.816667e+003		2.797500e+002	4.100000e+002		
7.412000e+002	1.014000e+004		5.232000e+002	1.676667e+003		2.797000e+002	4.100000e+002		
7.402000e+002	9.670000e+003					2.796500e+002	4.333333e+002		
7.392000e+002	9.890000e+003					2.796000e+002	3.966667e+002		
7.382000e+002	1.022000e+004					2.795500e+002	3.233333e+002		
7.372000e+002	1.056000e+004					2.795000e+002	4.166667e+002		
7.362000e+002	1.002000e+004					2.794500e+002	3.433333e+002		
7.352000e+002	1.036000e+004					2.794000e+002	3.666667e+002		
7.342000e+002	1.008000e+004					2.793500e+002	3.633333e+002		
7.332000e+002	9.700000e+003					2.793000e+002	4.000000e+002		
7.322000e+002	1.033000e+004					2.792500e+002	3.866667e+002		
7.312000e+002	1.042000e+004					2.792000e+002	4.200000e+002		
7.302000e+002	9.870000e+003					2.791500e+002	4.333333e+002		
7.292000e+002	1.014000e+004					2.791000e+002	3.533333e+002		
7.282000e+002	9.970000e+003					2.790500e+002	4.100000e+002		
7.272000e+002	1.007000e+004					2.790000e+002	3.900000e+002		
7.262000e+002	1.019000e+004					2.789500e+002	4.066667e+002		
7.252000e+002	1.087000e+004					2.789000e+002	3.733333e+002		
7.242000e+002	1.055000e+004					2.788500e+002	3.933333e+002		
7.232000e+002	1.005000e+004					2.788000e+002	3.666667e+002		
7.222000e+002	9.680000e+003					2.787500e+002	3.600000e+002		
7.212000e+002	9.940000e+003					2.787000e+002	4.100000e+002		
7.202000e+002	1.016000e+004					2.786500e+002	4.433333e+002		
7.192000e+002	9.930000e+003					2.786000e+002	3.833333e+002		
7.182000e+002	1.048000e+004					2.785500e+002	3.866667e+002		
7.172000e+002	1.059000e+004					2.785000e+002	3.600000e+002		
7.162000e+002	1.037000e+004					2.784500e+002	4.300000e+002		
7.152000e+002	1.061000e+004					2.784000e+002	3.966667e+002		
7.142000e+002	1.025000e+004					2.783500e+002	3.566667e+002		
7.132000e+002	1.007000e+004					2.783000e+002	3.733333e+002		
7.122000e+002	1.027000e+004					2.782500e+002	4.033333e+002		
7.112000e+002	1.028000e+004					2.782000e+002	3.733333e+002		
7.102000e+002	1.014000e+004					2.781500e+002	3.566667e+002		
7.092000e+002	1.003000e+004					2.781000e+002	3.766667e+002		
7.082000e+002	1.036000e+004					2.780500e+002	3.900000e+002		
7.072000e+002	1.048000e+004					2.780000e+002	3.933333e+002		
7.062000e+002	1.018000e+004					2.779500e+002	4.233333e+002		
7.052000e+002	1.040000e+004					2.779000e+002	4.033333e+002		
7.042000e+002	9.420000e+003					2.778500e+002	4.600000e+002		
7.032000e+002	9.770000e+003					2.778000e+002	4.133333e+002		
7.022000e+002	9.890000e+003					2.777500e+002	3.633333e+002		
7.012000e+002	1.010000e+004					2.777000e+002	4.000000e+002		
7.002000e+002	1.001000e+004					2.776500e+002	4.466667e+002		
6.992000e+002	1.021000e+004					2.776000e+002	4.733333e+002		
6.982000e+002	1.028000e+004					2.775500e+002	4.066667e+002		
6.972000e+002	1.050000e+004					2.775000e+002	4.400000e+002		
6.962000e+002	1.033000e+004					2.774500e+002	3.833333e+002		
6.952000e+002	1.021000e+004					2.774000e+002	4.633333e+002		
6.942000e+002	1.011000e+004					2.773500e+002	4.100000e+002		
6.932000e+002	1.064000e+004					2.773000e+002	3.766667e+002		
6.922000e+002	1.082000e+004					2.772500e+002	3.533333e+002		
6.912000e+002	1.025000e+004					2.772000e+002	3.566667e+002		
6.902000e+002	1.014000e+004					2.771500e+002	3.433333e+002		
6.892000e+002	1.063000e+004					2.771000e+002	3.433333e+002		
6.882000e+002	1.012000e+004					2.770500e+002	3.666667e+002		
6.872000e+002	1.027000e+004					2.770000e+002	3.233333e+002		
6.862000e+002	1.069000e+004					2.769500e+002	3.700000e+002		
6.852000e+002	1.023000e+004					2.769000e+002	3.966667e+002		
6.842000e+002	1.056000e+004					2.768500e+002	3.633333e+002		
6.832000e+002	1.045000e+004					2.768000e+002	3.666667e+002		
6.822000e+002	1.027000e+004					2.767500e+002	3.666667e+002		
6.812000e+002	9.930000e+003					2.767000e+002	3.800000e+002		
6.802000e+002	9.820000e+003					2.766500e+002	3.766667e+002		
6.792000e+002	1.005000e+004					2.766000e+002	3.600000e+002		
6.782000e+002	1.020000e+004					2.765500e+002	3.500000e+002		
6.772000e+002	1.027000e+004					2.765000e+002	3.166667e+002		
6.762000e+002	1.038000e+004					2.764500e+002	3.633333e+002		
6.752000e+002	1.021000e+004					2.764000e+002	4.133333e+002		
6.742000e+002	9.970000e+003					2.763500e+002	4.200000e+002		
6.732000e+002	1.007000e+004					2.763000e+002	3.900000e+002		
6.722000e+002	1.064000e+004					2.762500e+002	3.700000e+002		
6.712000e+002	1.077000e+004					2.762000e+002	4.066667e+002		
6.702000e+002	1.010000e+004					2.761500e+002	3.566667e+002		
6.692000e+002	1.035000e+004					2.761000e+002	3.733333e+002		
6.682000e+002	1.010000e+004					2.760500e+002	3.733333e+002		
6.672000e+002	9.830000e+003					2.760000e+002	4.333333e+002		
6.662000e+002	1.018000e+004					2.759500e+002	3.833333e+002		
6.652000e+002	1.024000e+004					2.759000e+002	3.966667e+002		
6.642000e+002	1.008000e+004					2.758500e+002	3.433333e+002		
6.632000e+002	1.036000e+004					2.758000e+002	3.766667e+002		
6.622000e+002	1.012000e+004					2.757500e+002	3.833333e+002		
6.612000e+002	1.061000e+004					2.757000e+002	4.100000e+002		
6.602000e+002	1.051000e+004					2.756500e+002	3.600000e+002		
6.592000e+002	1.052000e+004					2.756000e+002	3.600000e+002		
6.582000e+002	9.750000e+003					2.755500e+002	4.033333e+002		
6.572000e+002	1.022000e+004					2.755000e+002	4.066667e+002		
6.562000e+002	1.022000e+004					2.754500e+002	3.733333e+002		
6.552000e+002	1.021000e+004					2.754000e+002	4.266667e+002		
6.542000e+002	9.740000e+003					2.753500e+002	3.233333e+002		
6.532000e+002	1.006000e+004					2.753000e+002	4.033333e+002		
6.522000e+002	1.032000e+004					2.752500e+002	3.966667e+002		
6.512000e+002	1.032000e+004					2.752000e+002	3.566667e+002		
6.502000e+002	1.040000e+004					2.751500e+002	4.633333e+002		
6.492000e+002	9.790000e+003					2.751000e+002	3.700000e+002		
6.482000e+002	1.035000e+004					2.750500e+002	3.966667e+002		
6.472000e+002	1.033000e+004					2.750000e+002	4.000000e+002		
6.462000e+002	1.016000e+004					2.749500e+002	3.700000e+002		
6.452000e+002	1.043000e+004					2.749000e+002	3.100000e+002		
6.442000e+002	1.061000e+004					2.748500e+002	3.633333e+002		
6.432000e+002	1.056000e+004					2.748000e+002	3.800000e+002		
6.422000e+002	9.950000e+003					2.747500e+002	4.633333e+002		
6.412000e+002	1.030000e+004					2.747000e+002	3.933333e+002		
6.402000e+002	1.027000e+004								
6.392000e+002	9.970000e+003								
6.382000e+002	1.015000e+004								
6.372000e+002	1.033000e+004								
6.362000e+002	1.008000e+004								
6.352000e+002	1.018000e+004								
6.342000e+002	1.037000e+004								
6.332000e+002	1.071000e+004								
6.322000e+002	1.029000e+004								
6.312000e+002	1.051000e+004								
6.302000e+002	1.055000e+004								
6.292000e+002	1.046000e+004								
6.282000e+002	1.045000e+004								
6.272000e+002	1.044000e+004								
6.262000e+002	1.054000e+004								
6.252000e+002	1.054000e+004								
6.242000e+002	1.070000e+004								
6.232000e+002	1.032000e+004								
6.222000e+002	9.990000e+003								
6.212000e+002	9.820000e+003								
6.202000e+002	9.930000e+003								
6.192000e+002	9.830000e+003								
6.182000e+002	1.040000e+004								
6.172000e+002	1.069000e+004								
6.162000e+002	1.062000e+004								
6.152000e+002	1.009000e+004								
6.142000e+002	1.009000e+004								
6.132000e+002	1.049000e+004								
6.122000e+002	1.036000e+004								
6.112000e+002	9.960000e+003								
6.102000e+002	1.035000e+004								
6.092000e+002	1.041000e+004								
6.082000e+002	1.016000e+004								
6.072000e+002	1.060000e+004								
6.062000e+002	1.028000e+004								
6.052000e+002	1.026000e+004								
6.042000e+002	1.012000e+004								
6.032000e+002	1.048000e+004								
6.022000e+002	1.032000e+004								
6.012000e+002	1.030000e+004								
6.002000e+002	1.028000e+004								
5.992000e+002	1.024000e+004								
5.982000e+002	1.048000e+004								
5.972000e+002	1.003000e+004								
5.962000e+002	1.014000e+004								
5.952000e+002	1.033000e+004								
5.942000e+002	1.028000e+004								
5.932000e+002	1.048000e+004								
5.922000e+002	9.910000e+003								
5.912000e+002	1.030000e+004								
5.902000e+002	1.019000e+004								
5.892000e+002	1.002000e+004								
5.882000e+002	9.730000e+003								
5.872000e+002	9.940000e+003								
5.862000e+002	1.020000e+004								
5.852000e+002	1.046000e+004								
5.842000e+002	1.006000e+004								
5.832000e+002	1.054000e+004								
5.822000e+002	1.034000e+004								
5.812000e+002	1.027000e+004								
5.802000e+002	1.005000e+004								
5.792000e+002	1.043000e+004								
5.782000e+002	1.038000e+004								
5.772000e+002	1.045000e+004								
5.762000e+002	1.035000e+004								
5.752000e+002	9.570000e+003								
5.742000e+002	9.950000e+003								
5.732000e+002	1.029000e+004								
5.722000e+002	9.590000e+003								
5.712000e+002	1.016000e+004								
5.702000e+002	9.920000e+003								
5.692000e+002	9.740000e+003								
5.682000e+002	9.740000e+003								
5.672000e+002	1.051000e+004								
5.662000e+002	1.009000e+004								
5.652000e+002	9.820000e+003								
5.642000e+002	1.035000e+004								
5.632000e+002	9.630000e+003								
5.622000e+002	9.930000e+003								
5.612000e+002	1.004000e+004								
5.602000e+002	1.035000e+004								
5.592000e+002	1.031000e+004								
5.582000e+002	1.072000e+004								
5.572000e+002	1.068000e+004								
5.562000e+002	1.139000e+004								
5.552000e+002	1.061000e+004								
5.542000e+002	1.061000e+004								
5.532000e+002	1.062000e+004								
5.522000e+002	1.019000e+004								
5.512000e+002	9.510000e+003								
5.502000e+002	9.640000e+003								
5.492000e+002	8.960000e+003								
5.482000e+002	9.040000e+003								
5.472000e+002	8.550000e+003								
5.462000e+002	8.510000e+003								
5.452000e+002	8.190000e+003								
5.442000e+002	7.630000e+003								
5.432000e+002	7.400000e+003								
5.422000e+002	7.110000e+003								
5.412000e+002	6.420000e+003								
5.402000e+002	6.400000e+003								
5.392000e+002	6.360000e+003								
5.382000e+002	6.340000e+003								
5.372000e+002	5.980000e+003								
5.362000e+002	6.400000e+003								
5.352000e+002	8.070000e+003								
5.342000e+002	1.466000e+004								
5.332000e+002	2.843000e+004								
5.322000e+002	3.746000e+004								
5.312000e+002	2.950000e+004								
5.302000e+002	1.397000e+004								
5.292000e+002	6.340000e+003								
5.282000e+002	5.200000e+003								
5.272000e+002	4.610000e+003								
5.262000e+002	4.240000e+003								
5.252000e+002	4.600000e+003								
5.242000e+002	4.850000e+003								
5.232000e+002	4.940000e+003								
5.222000e+002	4.670000e+003								
5.212000e+002	4.520000e+003								
5.202000e+002	4.710000e+003								
5.192000e+002	4.530000e+003								
5.182000e+002	4.550000e+003								
5.172000e+002	4.240000e+003								
5.162000e+002	4.510000e+003								
5.152000e+002	4.860000e+003								
5.142000e+002	4.460000e+003								
5.132000e+002	4.700000e+003								
5.122000e+002	4.680000e+003								
5.112000e+002	4.220000e+003								
5.102000e+002	4.340000e+003								
5.092000e+002	4.920000e+003								
5.082000e+002	4.500000e+003								
5.072000e+002	4.440000e+003								
5.062000e+002	4.630000e+003								
5.052000e+002	4.660000e+003								
5.042000e+002	4.400000e+003								
5.032000e+002	4.380000e+003								
5.022000e+002	4.470000e+003								
5.012000e+002	4.510000e+003								
5.002000e+002	4.580000e+003								
4.992000e+002	4.710000e+003								
4.982000e+002	4.490000e+003								
4.972000e+002	4.760000e+003								
4.962000e+002	4.970000e+003								
4.952000e+002	5.110000e+003								
4.942000e+002	4.370000e+003								
4.932000e+002	4.590000e+003								
4.922000e+002	4.410000e+003								
4.912000e+002	4.540000e+003								
4.902000e+002	4.430000e+003								
4.892000e+002	4.470000e+003								
4.882000e+002	4.390000e+003								
4.872000e+002	4.690000e+003								
4.862000e+002	4.520000e+003								
4.852000e+002	4.510000e+003								
4.842000e+002	4.520000e+003								
4.832000e+002	4.520000e+003								
4.822000e+002	4.490000e+003								
4.812000e+002	4.660000e+003								
4.802000e+002	4.380000e+003								
4.792000e+002	4.490000e+003								
4.782000e+002	4.340000e+003								
4.772000e+002	4.710000e+003								
4.762000e+002	4.430000e+003								
4.752000e+002	4.750000e+003								
4.742000e+002	4.530000e+003								
4.732000e+002	4.940000e+003								
4.722000e+002	4.330000e+003								
4.712000e+002	4.500000e+003								
4.702000e+002	4.460000e+003								
4.692000e+002	4.670000e+003								
4.682000e+002	4.400000e+003								
4.672000e+002	4.640000e+003								
4.662000e+002	4.560000e+003								
4.652000e+002	4.630000e+003								
4.642000e+002	4.660000e+003								
4.632000e+002	4.650000e+003								
4.622000e+002	4.850000e+003								
4.612000e+002	4.700000e+003								
4.602000e+002	4.490000e+003								
4.592000e+002	4.600000e+003								
4.582000e+002	4.390000e+003								
4.572000e+002	4.840000e+003								
4.562000e+002	4.790000e+003								
4.552000e+002	4.650000e+003								
4.542000e+002	4.430000e+003								
4.532000e+002	4.260000e+003								
4.522000e+002	4.600000e+003								
4.512000e+002	5.070000e+003								
4.502000e+002	4.780000e+003								
4.492000e+002	4.530000e+003								
4.482000e+002	4.490000e+003								
4.472000e+002	4.930000e+003								
4.462000e+002	5.140000e+003								
4.452000e+002	4.790000e+003								
4.442000e+002	4.640000e+003								
4.432000e+002	4.780000e+003								
4.422000e+002	4.760000e+003								
4.412000e+002	4.630000e+003								
4.402000e+002	4.880000e+003								
4.392000e+002	4.950000e+003								
4.382000e+002	5.160000e+003								
4.372000e+002	4.820000e+003								
4.362000e+002	4.800000e+003								
4.352000e+002	4.940000e+003								
4.342000e+002	4.720000e+003								
4.332000e+002	4.840000e+003								
4.322000e+002	4.710000e+003								
4.312000e+002	5.370000e+003								
4.302000e+002	4.810000e+003								
4.292000e+002	4.670000e+003								
4.282000e+002	4.950000e+003								
4.272000e+002	4.930000e+003								
4.262000e+002	5.160000e+003								
4.252000e+002	4.970000e+003								
4.242000e+002	5.200000e+003								
4.232000e+002	4.880000e+003								
4.222000e+002	5.030000e+003								
4.212000e+002	4.850000e+003								
4.202000e+002	4.570000e+003								
4.192000e+002	4.600000e+003								
4.182000e+002	4.620000e+003								
4.172000e+002	4.500000e+003								
4.162000e+002	4.900000e+003								
4.152000e+002	5.010000e+003								
4.142000e+002	4.600000e+003								
4.132000e+002	4.960000e+003								
4.122000e+002	4.900000e+003								
4.112000e+002	4.830000e+003								
4.102000e+002	4.370000e+003								
4.092000e+002	4.740000e+003								
4.082000e+002	4.890000e+003								
4.072000e+002	4.830000e+003								
4.062000e+002	4.510000e+003								
4.052000e+002	4.370000e+003								
4.042000e+002	4.960000e+003								
4.032000e+002	5.520000e+003								
4.022000e+002	6.550000e+003								
4.012000e+002	6.490000e+003								
4.002000e+002	5.600000e+003								
3.992000e+002	5.000000e+003								
3.982000e+002	4.580000e+003								
3.972000e+002	4.580000e+003								
3.962000e+002	4.670000e+003								
3.952000e+002	5.020000e+003								
3.942000e+002	4.810000e+003								
3.932000e+002	4.620000e+003								
3.922000e+002	4.520000e+003								
3.912000e+002	5.080000e+003								
3.902000e+002	4.930000e+003								
3.892000e+002	4.570000e+003								
3.882000e+002	5.050000e+003								
3.872000e+002	4.810000e+003								
3.862000e+002	4.710000e+003								
3.852000e+002	4.690000e+003								
3.842000e+002	5.000000e+003								
3.832000e+002	4.880000e+003								
3.822000e+002	4.580000e+003								
3.812000e+002	4.920000e+003								
3.802000e+002	4.880000e+003								
3.792000e+002	4.810000e+003								
3.782000e+002	4.840000e+003								
3.772000e+002	4.910000e+003								
3.762000e+002	4.690000e+003								
3.752000e+002	5.240000e+003								
3.742000e+002	4.840000e+003								
3.732000e+002	4.740000e+003								
3.722000e+002	4.760000e+003								
3.712000e+002	4.750000e+003								
3.702000e+002	4.760000e+003								
3.692000e+002	4.770000e+003								
3.682000e+002	5.140000e+003								
3.672000e+002	4.660000e+003								
3.662000e+002	4.930000e+003								
3.652000e+002	5.030000e+003								
3.642000e+002	4.680000e+003								
3.632000e+002	5.050000e+003								
3.622000e+002	4.750000e+003								
3.612000e+002	5.010000e+003								
3.602000e+002	4.830000e+003								
3.592000e+002	4.760000e+003								
3.582000e+002	5.020000e+003								
3.572000e+002	5.050000e+003								
3.562000e+002	4.960000e+003								
3.552000e+002	5.090000e+003								
3.542000e+002	5.060000e+003								
3.532000e+002	5.050000e+003								
3.522000e+002	4.970000e+003								
3.512000e+002	4.710000e+003								
3.502000e+002	4.880000e+003								
3.492000e+002	5.130000e+003								
3.482000e+002	4.920000e+003								
3.472000e+002	5.210000e+003								
3.462000e+002	5.100000e+003								
3.452000e+002	5.170000e+003								
3.442000e+002	5.040000e+003								
3.432000e+002	4.690000e+003								
3.422000e+002	5.080000e+003								
3.412000e+002	5.390000e+003								
3.402000e+002	5.410000e+003								
3.392000e+002	4.840000e+003								
3.382000e+002	5.120000e+003								
3.372000e+002	4.680000e+003								
3.362000e+002	4.920000e+003								
3.352000e+002	4.930000e+003								
3.342000e+002	4.950000e+003								
3.332000e+002	4.910000e+003								
3.322000e+002	4.920000e+003								
3.312000e+002	4.840000e+003								
3.302000e+002	5.220000e+003								
3.292000e+002	5.440000e+003								
3.282000e+002	5.230000e+003								
3.272000e+002	5.100000e+003								
3.262000e+002	4.540000e+003								
3.252000e+002	4.990000e+003								
3.242000e+002	5.000000e+003								
3.232000e+002	4.900000e+003								
3.222000e+002	5.140000e+003								
3.212000e+002	5.170000e+003								
3.202000e+002	4.940000e+003								
3.192000e+002	5.400000e+003								
3.182000e+002	5.160000e+003								
3.172000e+002	5.300000e+003								
3.162000e+002	5.520000e+003								
3.152000e+002	5.500000e+003								
3.142000e+002	5.340000e+003								
3.132000e+002	5.210000e+003								
3.122000e+002	4.970000e+003								
3.112000e+002	5.430000e+003								
3.102000e+002	5.490000e+003								
3.092000e+002	5.540000e+003								
3.082000e+002	5.220000e+003								
3.072000e+002	5.640000e+003								
3.062000e+002	5.610000e+003								
3.052000e+002	5.260000e+003								
3.042000e+002	4.950000e+003								
3.032000e+002	4.770000e+003								
3.022000e+002	4.650000e+003								
3.012000e+002	4.090000e+003								
3.002000e+002	3.710000e+003								
2.992000e+002	3.560000e+003								
2.982000e+002	3.490000e+003								
2.972000e+002	3.330000e+003								
2.962000e+002	2.890000e+003								
2.952000e+002	2.690000e+003								
2.942000e+002	2.650000e+003								
2.932000e+002	2.350000e+003								
2.922000e+002	2.470000e+003								
2.912000e+002	2.850000e+003								
2.902000e+002	3.560000e+003								
2.892000e+002	5.360000e+003								
2.882000e+002	7.950000e+003								
2.872000e+002	1.194000e+004								
2.862000e+002	1.656000e+004								
2.852000e+002	2.116000e+004								
2.842000e+002	2.174000e+004								
2.832000e+002	9.260000e+003								
2.822000e+002	2.120000e+003								
2.812000e+002	1.290000e+003								
2.802000e+002	1.100000e+003								
2.792000e+002	1.100000e+003								
2.782000e+002	9.900000e+002								
2.772000e+002	9.800000e+002								
2.762000e+002	9.800000e+002								
2.752000e+002	9.800000e+002								
2.742000e+002	9.500000e+002								
2.732000e+002	9.900000e+002								
2.722000e+002	1.150000e+003								
2.712000e+002	1.340000e+003								
2.702000e+002	1.350000e+003								
2.692000e+002	1.170000e+003								
2.682000e+002	9.800000e+002								
2.672000e+002	1.140000e+003								
2.662000e+002	1.140000e+003								
2.652000e+002	1.110000e+003								
2.642000e+002	1.010000e+003								
2.632000e+002	9.700000e+002								
2.622000e+002	1.050000e+003								
2.612000e+002	9.300000e+002								
2.602000e+002	9.100000e+002								
2.592000e+002	1.010000e+003								
2.582000e+002	1.020000e+003								
2.572000e+002	1.170000e+003								
2.562000e+002	1.060000e+003								
2.552000e+002	1.090000e+003								
2.542000e+002	1.140000e+003								
2.532000e+002	1.180000e+003								
2.522000e+002	1.060000e+003								
2.512000e+002	1.010000e+003								
2.502000e+002	9.700000e+002								
2.492000e+002	9.500000e+002								
2.482000e+002	9.500000e+002								
2.472000e+002	1.080000e+003								
2.462000e+002	9.900000e+002								
2.452000e+002	1.150000e+003								
2.442000e+002	1.080000e+003								
2.432000e+002	9.700000e+002								
2.422000e+002	1.090000e+003								
2.412000e+002	9.400000e+002								
2.402000e+002	9.300000e+002								
2.392000e+002	9.300000e+002								
2.382000e+002	9.900000e+002								
2.372000e+002	9.700000e+002								
2.362000e+002	9.800000e+002								
2.352000e+002	1.120000e+003								
2.342000e+002	1.640000e+003								
2.332000e+002	2.260000e+003								
2.322000e+002	2.580000e+003								
2.312000e+002	1.890000e+003								
2.302000e+002	1.250000e+003								
2.292000e+002	1.110000e+003								
2.282000e+002	1.040000e+003								
2.272000e+002	8.000000e+002								
2.262000e+002	9.200000e+002								
2.252000e+002	8.200000e+002								
2.242000e+002	9.300000e+002								
2.232000e+002	1.020000e+003								
2.222000e+002	1.050000e+003								
2.212000e+002	8.200000e+002								
2.202000e+002	9.500000e+002								
2.192000e+002	9.000000e+002								
2.182000e+002	9.000000e+002								
2.172000e+002	8.000000e+002								
2.162000e+002	9.000000e+002								
2.152000e+002	8.400000e+002								
2.142000e+002	7.400000e+002								
2.132000e+002	7.800000e+002								
2.122000e+002	8.500000e+002								
2.112000e+002	9.600000e+002								
2.102000e+002	7.800000e+002								
2.092000e+002	7.200000e+002								
2.082000e+002	9.600000e+002								
2.072000e+002	9.000000e+002								
2.062000e+002	9.200000e+002								
2.052000e+002	1.010000e+003								
2.042000e+002	8.700000e+002								
2.032000e+002	9.900000e+002								
2.022000e+002	9.300000e+002								
2.012000e+002	1.020000e+003								
2.002000e+002	1.040000e+003								
1.992000e+002	1.060000e+003								
1.982000e+002	9.500000e+002								
1.972000e+002	9.100000e+002								
1.962000e+002	8.700000e+002								
1.952000e+002	8.800000e+002								
1.942000e+002	8.300000e+002								
1.932000e+002	9.100000e+002								
1.922000e+002	9.400000e+002								
1.912000e+002	1.060000e+003								
1.902000e+002	1.040000e+003								
1.892000e+002	9.900000e+002								
1.882000e+002	7.600000e+002								
1.872000e+002	8.700000e+002								
1.862000e+002	8.200000e+002								
1.852000e+002	9.100000e+002								
1.842000e+002	7.800000e+002								
1.832000e+002	7.200000e+002								
1.822000e+002	7.500000e+002								
1.812000e+002	7.000000e+002								
1.802000e+002	8.600000e+002								
1.792000e+002	8.500000e+002								
1.782000e+002	6.300000e+002								
1.772000e+002	6.300000e+002								
1.762000e+002	6.400000e+002								
1.752000e+002	6.400000e+002								
1.742000e+002	7.400000e+002								
1.732000e+002	7.800000e+002								
1.722000e+002	6.500000e+002								
1.712000e+002	9.800000e+002								
1.702000e+002	1.910000e+003								
1.692000e+002	3.040000e+003								
1.682000e+002	3.240000e+003								
1.672000e+002	1.680000e+003								
1.662000e+002	7.900000e+002								
1.652000e+002	6.700000e+002								
1.642000e+002	5.200000e+002								
1.632000e+002	4.900000e+002								
1.622000e+002	5.100000e+002								
1.612000e+002	4.900000e+002								
1.602000e+002	4.700000e+002								
1.592000e+002	6.000000e+002								
1.582000e+002	5.400000e+002								
1.572000e+002	5.300000e+002								
1.562000e+002	6.000000e+002								
1.552000e+002	5.500000e+002								
1.542000e+002	6.400000e+002								
1.532000e+002	7.100000e+002								
1.522000e+002	6.800000e+002								
1.512000e+002	6.300000e+002								
1.502000e+002	5.200000e+002								
1.492000e+002	5.500000e+002								
1.482000e+002	4.900000e+002								
1.472000e+002	4.600000e+002								
1.462000e+002	5.300000e+002								
1.452000e+002	4.900000e+002								
1.442000e+002	4.100000e+002								
1.432000e+002	4.500000e+002								
1.422000e+002	5.200000e+002								
1.412000e+002	5.800000e+002								
1.402000e+002	6.200000e+002								
1.392000e+002	4.100000e+002								
1.382000e+002	5.000000e+002								
1.372000e+002	5.500000e+002								
1.362000e+002	5.900000e+002								
1.352000e+002	6.200000e+002								
1.342000e+002	5.300000e+002								
1.332000e+002	6.000000e+002								
1.322000e+002	5.300000e+002								
1.312000e+002	4.300000e+002								
1.302000e+002	4.700000e+002								
1.292000e+002	5.000000e+002								
1.282000e+002	5.700000e+002								
1.272000e+002	5.000000e+002								
1.262000e+002	5.100000e+002								
1.252000e+002	5.200000e+002								
1.242000e+002	5.200000e+002								
1.232000e+002	4.400000e+002								
1.222000e+002	5.400000e+002								
1.212000e+002	5.100000e+002								
1.202000e+002	6.200000e+002								
1.192000e+002	5.400000e+002								
1.182000e+002	4.100000e+002								
1.172000e+002	4.800000e+002								
1.162000e+002	6.200000e+002								
1.152000e+002	5.700000e+002								
1.142000e+002	5.900000e+002								
1.132000e+002	6.100000e+002								
1.122000e+002	5.900000e+002								
1.112000e+002	5.100000e+002								
1.102000e+002	5.300000e+002								
1.092000e+002	6.500000e+002								
1.082000e+002	5.000000e+002								
1.072000e+002	6.600000e+002								
1.062000e+002	5.900000e+002								
1.052000e+002	5.500000e+002								
1.042000e+002	5.400000e+002								
1.032000e+002	5.400000e+002								
1.022000e+002	6.200000e+002								
1.012000e+002	6.000000e+002								
1.002000e+002	5.600000e+002								
9.920000e+001	5.200000e+002								
9.820000e+001	5.600000e+002								
9.720000e+001	6.200000e+002								
9.620000e+001	5.600000e+002								
9.520000e+001	5.300000e+002								
9.420000e+001	6.700000e+002								
9.320000e+001	5.200000e+002								
9.220000e+001	5.700000e+002								
9.120000e+001	5.300000e+002								
9.020000e+001	5.500000e+002								
8.920000e+001	6.200000e+002								
8.820000e+001	7.000000e+002								
8.720000e+001	5.600000e+002								
8.620000e+001	5.400000e+002								
8.520000e+001	5.000000e+002								
8.420000e+001	4.200000e+002								
8.320000e+001	5.900000e+002								
8.220000e+001	4.400000e+002								
8.120000e+001	5.300000e+002								
8.020000e+001	6.300000e+002								
7.920000e+001	6.300000e+002								
7.820000e+001	5.800000e+002								
7.720000e+001	6.100000e+002								
7.620000e+001	6.300000e+002								
7.520000e+001	6.000000e+002								
7.420000e+001	5.600000e+002								
7.320000e+001	6.100000e+002								
7.220000e+001	5.000000e+002								
7.120000e+001	5.100000e+002								
7.020000e+001	5.100000e+002								
6.920000e+001	7.000000e+002								
6.820000e+001	5.000000e+002								
6.720000e+001	5.100000e+002								
6.620000e+001	6.100000e+002								
6.520000e+001	6.200000e+002								
6.420000e+001	6.700000e+002								
6.320000e+001	4.000000e+002								
6.220000e+001	6.500000e+002								
6.120000e+001	5.200000e+002								
6.020000e+001	5.700000e+002								
5.920000e+001	6.900000e+002								
5.820000e+001	6.200000e+002								
5.720000e+001	5.800000e+002								
5.620000e+001	6.500000e+002								
5.520000e+001	5.600000e+002								
5.420000e+001	4.900000e+002								
5.320000e+001	5.000000e+002								
5.220000e+001	6.600000e+002								
5.120000e+001	7.100000e+002								
5.020000e+001	5.700000e+002								
4.920000e+001	5.600000e+002								
4.820000e+001	6.100000e+002								
4.720000e+001	6.100000e+002								
4.620000e+001	7.600000e+002								
4.520000e+001	5.300000e+002								
4.420000e+001	5.500000e+002								
4.320000e+001	5.600000e+002								
4.220000e+001	5.700000e+002								
4.120000e+001	5.800000e+002								
4.020000e+001	6.300000e+002								
3.920000e+001	4.900000e+002								
3.820000e+001	5.000000e+002								
3.720000e+001	4.000000e+002								
3.620000e+001	4.700000e+002								
3.520000e+001	5.000000e+002								
3.420000e+001	4.700000e+002								
3.320000e+001	4.800000e+002								
3.220000e+001	4.900000e+002								
3.120000e+001	4.700000e+002								
3.020000e+001	8.300000e+002								
2.920000e+001	9.100000e+002								
2.820000e+001	8.700000e+002								
2.720000e+001	1.050000e+003								
2.620000e+001	1.190000e+003								
2.520000e+001	1.280000e+003								
2.420000e+001	1.140000e+003								
2.320000e+001	6.400000e+002								
2.220000e+001	6.300000e+002								
2.120000e+001	4.600000e+002								
2.020000e+001	3.900000e+002								
1.920000e+001	4.700000e+002								
1.820000e+001	4.700000e+002								
1.720000e+001	5.000000e+002								
1.620000e+001	5.000000e+002								
1.520000e+001	5.700000e+002								
1.420000e+001	4.700000e+002								
1.320000e+001	6.500000e+002								
1.220000e+001	6.100000e+002								
1.120000e+001	5.400000e+002								
1.020000e+001	6.300000e+002								
9.200000e+000	4.800000e+002								
8.200000e+000	5.100000e+002								
7.200000e+000	3.600000e+002								
6.200000e+000	3.300000e+002								
5.200000e+000	2.700000e+002								
4.200000e+000	3.200000e+002								
3.200000e+000	1.200000e+002								
2.200000e+000	5.000000e+001								
1.200000e+000	1.000000e+001								