5.02      36
5.045     36
5.07      36
5.095     37
5.12      39
5.145     40
5.17      41
5.195     41
5.22      42
5.245     43
5.27      45
5.295     48
5.32      50
5.345     52
5.37      52
5.395     50
5.42      47
5.445     42
5.47      36
5.495     31
5.52      27
5.545     24
5.57      23
5.595     23
5.62      24
5.645     25
5.67      26
5.695     27
5.72      27
5.745     27
5.77      26
5.795     25
5.82      24
5.845     24
5.87      23
5.895     23
5.92      22
5.945     21
5.97      20
5.995     20
6.02      20
6.045     21
6.07      23
6.095     24
6.12      25
6.145     26
6.17      27
6.195     29
6.22      31
6.245     33
6.27      35
6.295     37
6.32      38
6.345     39
6.37      39
6.395     38
6.42      36
6.445     33
6.47      29
6.495     26
6.52      24
6.545     24
6.57      26
6.595     30
6.62      36
6.645     42
6.67      48
6.695     53
6.72      56
6.745     58
6.77      57
6.795     56
6.82      54
6.845     52
6.87      51
6.895     51
6.92      51
6.945     52
6.97      52
6.995     53
7.02      54
7.045     55
7.07      57
7.095     59
7.12      62
7.145     65
7.17      67
7.195     69
7.22      70
7.245     70
7.27      69
7.295     69
7.32      70
7.345     71
7.37      73
7.395     76
7.42      79
7.445     83
7.47      88
7.495     93
7.52      99
7.545     106
7.57      113
7.595     122
7.62      130
7.645     138
7.67      145
7.695     149
7.72      152
7.745     154
7.77      154
7.795     155
7.82      156
7.845     158
7.87      162
7.895     167
7.92      173
7.945     179
7.97      184
7.995     190
8.02      195
8.045     200
8.07      206
8.095     212
8.12      219
8.145     227
8.17      236
8.195     245
8.22      255
8.245     265
8.27      275
8.295     287
8.32      298
8.345     311
8.37      323
8.395     335
8.42      346
8.445     356
8.47      366
8.495     374
8.52      382
8.545     391
8.57      402
8.595     414
8.62      429
8.645     446
8.67      464
8.695     483
8.72      502
8.745     523
8.77      544
8.795     567
8.82      592
8.845     618
8.87      646
8.895     676
8.92      706
8.945     737
8.97      769
8.995     801
9.02      833
9.045     866
9.07      899
9.095     931
9.12      961
9.145     986
9.17      1007
9.195     1023
9.22      1032
9.245     1037
9.27      1036
9.295     1032
9.32      1025
9.345     1015
9.37      1002
9.395     987
9.42      970
9.445     949
9.47      926
9.495     900
9.52      873
9.545     845
9.57      818
9.595     790
9.62      764
9.645     738
9.67      713
9.695     689
9.72      665
9.745     642
9.77      619
9.795     595
9.82      570
9.845     545
9.87      519
9.895     494
9.92      470
9.945     448
9.97      429
9.995     412
10.02     398
10.045    385
10.07     374
10.095    363
10.12     352
10.145    339
10.17     325
10.195    310
10.22     295
10.245    281
10.27     268
10.295    257
10.32     247
10.345    239
10.37     232
10.395    225
10.42     218
10.445    210
10.47     201
10.495    192
10.52     183
10.545    175
10.57     167
10.595    161
10.62     156
10.645    151
10.67     146
10.695    141
10.72     137
10.745    133
10.77     129
10.795    126
10.82     123
10.845    120
10.87     117
10.895    113
10.92     109
10.945    106
10.97     102
10.995    98
11.02     94
11.045    90
11.07     86
11.095    83
11.12     81
11.145    80
11.17     80
11.195    81
11.22     81
11.245    80
11.27     77
11.295    74
11.32     70
11.345    65
11.37     61
11.395    59
11.42     59
11.445    60
11.47     62
11.495    64
11.52     65
11.545    63
11.57     59
11.595    53
11.62     46
11.645    41
11.67     37
11.695    36
11.72     37
11.745    40
11.77     42
11.795    43
11.82     42
11.845    39
11.87     35
11.895    30
11.92     24
11.945    19
11.97     15
11.995    13
12.02     11
12.045    10
12.07     9
12.095    8
12.12     8
12.145    8
12.17     9
12.195    9
12.22     10
12.245    11
12.27     12
12.295    14
12.32     16
12.345    19
12.37     21
12.395    24
12.42     27
12.445    29
12.47     30
12.495    31
12.52     31
12.545    30
12.57     29
12.595    27
12.62     24
12.645    22
12.67     20
12.695    19
12.72     19
12.745    19
12.77     19
12.795    19
12.82     19
12.845    19
12.87     18
12.895    18
12.92     17
12.945    16
12.97     15
12.995    13
13.02     12
13.045    12
13.07     13
13.095    15
13.12     19
13.145    24
13.17     30
13.195    36
13.22     42
13.245    47
13.27     50
13.295    51
13.32     50
13.345    47
13.37     42
13.395    37
13.42     32
13.445    27
13.47     24
13.495    21
13.52     19
13.545    18
13.57     17
13.595    16
13.62     15
13.645    15
13.67     15
13.695    16
13.72     17
13.745    17
13.77     18
13.795    19
13.82     20
13.845    22
13.87     25
13.895    28
13.92     31
13.945    33
13.97     34
13.995    34
14.02     33
14.045    31
14.07     29
14.095    27
14.12     26
14.145    25
14.17     25
14.195    25
14.22     25
14.245    26
14.27     26
14.295    26
14.32     27
14.345    29
14.37     31
14.395    34
14.42     37
14.445    39
14.47     41
14.495    41
14.52     41
14.545    39
14.57     36
14.595    34
14.62     32
14.645    30
14.67     29
14.695    29
14.72     29
14.745    29
14.77     28
14.795    26
14.82     23
14.845    20
14.87     17
14.895    15
14.92     13
14.945    12
14.97     11
14.995    10
15.02     9
15.045    8
15.07     7
15.095    6
15.12     6
15.145    7
15.17     9
15.195    12
15.22     15
15.245    18
15.27     20
15.295    22
15.32     23
15.345    23
15.37     22
15.395    20
15.42     18
15.445    15
15.47     13
15.495    12
15.52     11
15.545    11
15.57     13
15.595    15
15.62     18
15.645    21
15.67     23
15.695    24
15.72     25
15.745    25
15.77     25
15.795    24
15.82     23
15.845    21
15.87     20
15.895    18
15.92     17
15.945    17
15.97     16
15.995    16
16.02     16
16.045    15
16.07     15
16.095    14
16.12     14
16.145    14
16.17     14
16.195    15
16.22     15
16.245    15
16.27     15
16.295    14
16.32     14
16.345    13
16.37     13
16.395    13
16.42     13
16.445    12
16.47     12
16.495    12
16.52     12
16.545    13
16.57     13
16.595    13
16.62     13
16.645    12
16.67     12
16.695    12
16.72     12
16.745    12
16.77     12
16.795    13
16.82     14
16.845    15
16.87     17
16.895    19
16.92     21
16.945    24
16.97     26
16.995    29
17.02     32
17.045    35
17.07     38
17.095    40
17.12     40
17.145    39
17.17     36
17.195    32
17.22     27
17.245    23
17.27     20
17.295    18
17.32     17
17.345    17
17.37     19
17.395    21
17.42     24
17.445    27
17.47     29
17.495    30
17.52     31
17.545    30
17.57     28
17.595    25
17.62     21
17.645    18
17.67     15
17.695    13
17.72     12
17.745    12
17.77     13
17.795    14
17.82     15
17.845    15
17.87     16
17.895    16
17.92     17
17.945    19
17.97     20
17.995    21
18.02     22
18.045    23
18.07     24
18.095    26
18.12     28
18.145    30
18.17     31
18.195    31
18.22     30
18.245    29
18.27     27
18.295    24
18.32     22
18.345    20
18.37     19
18.395    20
18.42     21
18.445    23
18.47     26
18.495    28
18.52     29
18.545    30
18.57     30
18.595    29
18.62     28
18.645    28
18.67     28
18.695    29
18.72     31
18.745    34
18.77     37
18.795    40
18.82     42
18.845    43
18.87     43
18.895    42
18.92     40
18.945    37
18.97     34
18.995    32
19.02     31
19.045    31
19.07     31
19.095    32
19.12     32
19.145    31
19.17     30
19.195    28
19.22     27
19.245    27
19.27     28
19.295    30
19.32     32
19.345    35
19.37     36
19.395    37
19.42     36
19.445    33
19.47     29
19.495    25
19.52     22
19.545    20
19.57     20
19.595    22
19.62     26
19.645    32
19.67     38
19.695    43
19.72     47
19.745    48
19.77     48
19.795    46
19.82     42
19.845    38
19.87     35
19.895    33
19.92     31
19.945    30
19.97     31
19.995    31
20.02     32
20.045    32
20.07     32
20.095    31
20.12     30
20.145    30
20.17     30
20.195    30
20.22     31
20.245    31
20.27     30
20.295    28
20.32     26
20.345    23
20.37     20
20.395    18
20.42     16
20.445    16
20.47     17
20.495    18
20.52     21
20.545    23
20.57     25
20.595    27
20.62     27
20.645    27
20.67     27
20.695    27
20.72     27
20.745    27
20.77     27
20.795    26
20.82     25
20.845    24
20.87     22
20.895    20
20.92     19
20.945    18
20.97     19
20.995    21
21.02     23
21.045    26
21.07     28
21.095    29
21.12     28
21.145    26
21.17     23
21.195    19
21.22     16
21.245    13
21.27     11
21.295    11
21.32     12
21.345    14
21.37     16
21.395    18
21.42     20
21.445    22
21.47     24
21.495    26
21.52     27
21.545    28
21.57     27
21.595    25
21.62     22
21.645    18
21.67     14
21.695    11
21.72     9
21.745    8
21.77     8
21.795    8
21.82     8
21.845    8
21.87     9
21.895    8
21.92     8
21.945    8
21.97     8
21.995    9
22.02     10
22.045    11
22.07     11
22.095    11
22.12     10
22.145    10
22.17     9
22.195    10
22.22     11
22.245    12
22.27     13
22.295    14
22.32     14
22.345    14
22.37     13
22.395    12
22.42     12
22.445    13
22.47     14
22.495    15
22.52     15
22.545    15
22.57     15
22.595    14
22.62     12
22.645    11
22.67     11
22.695    12
22.72     15
22.745    17
22.77     20
22.795    23
22.82     25
22.845    26
22.87     27
22.895    28
22.92     29
22.945    30
22.97     31
22.995    31
23.02     31
23.045    29
23.07     27
23.095    24
23.12     20
23.145    17
23.17     15
23.195    13
23.22     12
23.245    12
23.27     13
23.295    16
23.32     19
23.345    23
23.37     27
23.395    30
23.42     32
23.445    32
23.47     30
23.495    28
23.52     25
23.545    22
23.57     20
23.595    19
23.62     19
23.645    20
23.67     20
23.695    20
23.72     19
23.745    18
23.77     16
23.795    14
23.82     13
23.845    13
23.87     13
23.895    14
23.92     16
23.945    18
23.97     21
23.995    23
24.02     25
24.045    26
24.07     27
24.095    28
24.12     28
24.145    27
24.17     26
24.195    24
24.22     21
24.245    18
24.27     16
24.295    14
24.32     13
24.345    13
24.37     13
24.395    13
24.42     12
24.445    11
24.47     10
24.495    9
24.52     8
24.545    7
24.57     7
24.595    7
24.62     8
24.645    9
24.67     10
24.695    12
24.72     13
24.745    14
24.77     14
24.795    13
24.82     12
24.845    11
24.87     10
24.895    9
24.92     9
24.945    10
24.97     12
24.995    14
25.02     17
25.045    20
25.07     23
25.095    24
25.12     25
25.145    24
25.17     23
25.195    21
25.22     20
25.245    20
25.27     22
25.295    26
25.32     30
25.345    36
25.37     42
25.395    47
25.42     50
25.445    52
25.47     52
25.495    50
25.52     46
25.545    41
25.57     35
25.595    28
25.62     22
25.645    16
25.67     12
25.695    10
25.72     10
25.745    12
25.77     16
25.795    21
25.82     26
25.845    30
25.87     34
25.895    36
25.92     36
25.945    35
25.97     32
25.995    29
26.02     25
26.045    21
26.07     18
26.095    16
26.12     15
26.145    15
26.17     15
26.195    14
26.22     14
26.245    14
26.27     14
26.295    15
26.32     16
26.345    17
26.37     19
26.395    20
26.42     21
26.445    21
26.47     21
26.495    21
26.52     20
26.545    20
26.57     20
26.595    21
26.62     21
26.645    22
26.67     23
26.695    24
26.72     25
26.745    26
26.77     27
26.795    28
26.82     28
26.845    27
26.87     26
26.895    24
26.92     21
26.945    19
26.97     18
26.995    17
27.02     17
27.045    18
27.07     20
27.095    21
27.12     22
27.145    23
27.17     23
27.195    23
27.22     23
27.245    23
27.27     23
27.295    24
27.32     25
27.345    26
27.37     26
27.395    26
27.42     25
27.445    23
27.47     21
27.495    19
27.52     17
27.545    15
27.57     13
27.595    12
27.62     12
27.645    13
27.67     16
27.695    20
27.72     25
27.745    30
27.77     35
27.795    39
27.82     41
27.845    42
27.87     41
27.895    39
27.92     36
27.945    33
27.97     30
27.995    27
28.02     25
28.045    23
28.07     23
28.095    23
28.12     24
28.145    26
28.17     28
28.195    30
28.22     30
28.245    30
28.27     28
28.295    26
28.32     23
28.345    21
28.37     19
28.395    18
28.42     18
28.445    19
28.47     21
28.495    22
28.52     24
28.545    25
28.57     25
28.595    24
28.62     23
28.645    22
28.67     22
28.695    22
28.72     23
28.745    23
28.77     22
28.795    21
28.82     19
28.845    17
28.87     15
28.895    13
28.92     12
28.945    12
28.97     14
28.995    16
29.02     19
29.045    23
29.07     26
29.095    29
29.12     32
29.145    34
29.17     36
29.195    38
29.22     39
29.245    39
29.27     39
29.295    38
29.32     36
29.345    34
29.37     32
29.395    31
29.42     31
29.445    32
29.47     34
29.495    35
29.52     36
29.545    36
29.57     36
29.595    36
29.62     36
29.645    37
29.67     38
29.695    40
29.72     41
29.745    41
29.77     40
29.795    38
29.82     35
29.845    33
29.87     31
29.895    30
29.92     29
29.945    29
29.97     28
29.995    26
30.02     23
30.045    19
30.07     15
30.095    11
30.12     8
30.145    6
30.17     4
30.195    3
30.22     3
30.245    3
30.27     4
30.295    6
30.32     9
30.345    13
30.37     18
30.395    24
30.42     32
30.445    39
30.47     45
30.495    49
30.52     51
30.545    51
30.57     49
30.595    46
30.62     41
30.645    37
30.67     32
30.695    28
30.72     25
30.745    22
30.77     20
30.795    18
30.82     16
30.845    16
30.87     16
30.895    17
30.92     19
30.945    21
30.97     24
30.995    26
31.02     28
31.045    30
31.07     31
31.095    33
31.12     34
31.145    35
31.17     35
31.195    34
31.22     33
31.245    33
31.27     32
31.295    32
31.32     31
31.345    30
31.37     28
31.395    26
31.42     23
31.445    20
31.47     18
31.495    17
31.52     17
31.545    17
31.57     18
31.595    19
31.62     20
31.645    21
31.67     21
31.695    20
31.72     18
31.745    16
31.77     14
31.795    13
31.82     12
31.845    12
31.87     14
31.895    16
31.92     20
31.945    25
31.97     30
31.995    35
32.02     39
32.045    42
32.07     43
32.095    43
32.12     41
32.145    38
32.17     34
32.195    29
32.22     24
32.245    20
32.27     16
32.295    14
32.32     14
32.345    14
32.37     16
32.395    18
32.42     20
32.445    22
32.47     23
32.495    23
32.52     23
32.545    23
32.57     24
32.595    26
32.62     29
32.645    32
32.67     36
32.695    39
32.72     41
32.745    41
32.77     40
32.795    37
32.82     33
32.845    29
32.87     25
32.895    22
32.92     20
32.945    20
32.97     21
32.995    23
33.02     26
33.045    29
33.07     31
33.095    33
33.12     33
33.145    33
33.17     32
33.195    30
33.22     29
33.245    29
33.27     30
33.295    32
33.32     35
33.345    38
33.37     40
33.395    41
33.42     42
33.445    41
33.47     39
33.495    37
33.52     35
33.545    34
33.57     33
33.595    33
33.62     34
33.645    35
33.67     36
33.695    37
33.72     37
33.745    37
33.77     38
33.795    38
33.82     39
33.845    39
33.87     39
33.895    38
33.92     36
33.945    35
33.97     34
33.995    33
34.02     33
34.045    34
34.07     35
34.095    36
34.12     37
34.145    37
34.17     36
34.195    35
34.22     33
34.245    31
34.27     30
34.295    29
34.32     30
34.345    31
34.37     33
34.395    36
34.42     39
34.445    41
34.47     43
34.495    43
34.52     42
34.545    40
34.57     37
34.595    34
34.62     32
34.645    30
34.67     30
34.695    31
34.72     32
34.745    34
34.77     36
34.795    37
34.82     38
34.845    38
34.87     37
34.895    37
34.92     36
34.945    36
34.97     36
34.995    35
35.02     34
35.045    32
35.07     30
35.095    28
35.12     26
35.145    24
35.17     21
35.195    18
35.22     15
35.245    14
35.27     13
35.295    14
35.32     17
35.345    20
35.37     24
35.395    29
35.42     32
35.445    35
35.47     36
35.495    36
35.52     35
35.545    33
35.57     32
35.595    30
35.62     29
35.645    28
35.67     27
35.695    27
35.72     26
35.745    24
35.77     23
35.795    21
35.82     19
35.845    17
35.87     16
35.895    16
35.92     17
35.945    18
35.97     20
35.995    21
36.02     23
36.045    24
36.07     25
36.095    27
36.12     28
36.145    29
36.17     30
36.195    29
36.22     28
36.245    26
36.27     24
36.295    22
36.32     20
36.345    19
36.37     18
36.395    18
36.42     18
36.445    18
36.47     17
36.495    15
36.52     14
36.545    14
36.57     14
36.595    15
36.62     17
36.645    20
36.67     22
36.695    25
36.72     26
36.745    27
36.77     26
36.795    25
36.82     22
36.845    19
36.87     17
36.895    14
36.92     13
36.945    12
36.97     12
36.995    13
37.02     13
37.045    13
37.07     13
37.095    13
37.12     13
37.145    13
37.17     12
37.195    11
37.22     9
37.245    7
37.27     5
37.295    4
37.32     5
37.345    6
37.37     9
37.395    13
37.42     17
37.445    20
37.47     23
37.495    23
37.52     23
37.545    21
37.57     19
37.595    16
37.62     15
37.645    15
37.67     16
37.695    17
37.72     18
37.745    19
37.77     20
37.795    19
37.82     18
37.845    17
37.87     16
37.895    16
37.92     16
37.945    17
37.97     18
37.995    19
38.02     19
38.045    18
38.07     16
38.095    15
38.12     16
38.145    17
38.17     21
38.195    26
38.22     32
38.245    38
38.27     43
38.295    46
38.32     47
38.345    45
38.37     43
38.395    40
38.42     37
38.445    35
38.47     35
38.495    35
38.52     34
38.545    34
38.57     33
38.595    30
38.62     28
38.645    26
38.67     26
38.695    26
38.72     28
38.745    31
38.77     35
38.795    38
38.82     41
38.845    42
38.87     42
38.895    42
38.92     41
38.945    40
38.97     41
38.995    42
39.02     45
39.045    47
39.07     49
39.095    50
39.12     49
39.145    46
39.17     43
39.195    39
39.22     36
39.245    35
39.27     36
39.295    38
39.32     42
39.345    46
39.37     48
39.395    50
39.42     49
39.445    46
39.47     42
39.495    38
39.52     34
39.545    31
39.57     30
39.595    31
39.62     34
39.645    38
39.67     43
39.695    48
39.72     52
39.745    55
39.77     55
39.795    55
39.82     53
39.845    50
39.87     48
39.895    46
39.92     46
39.945    46
39.97     47
39.995    49
40.02     50
40.045    51
40.07     52
40.095    53
40.12     53
40.145    54
40.17     55
40.195    56
40.22     57
40.245    58
40.27     57
40.295    55
40.32     52
40.345    49
40.37     46
40.395    44
40.42     45
40.445    47
40.47     51
40.495    56
40.52     62
40.545    67
40.57     71
40.595    73
40.62     73
40.645    71
40.67     68
40.695    64
40.72     61
40.745    57
40.77     55
40.795    53
40.82     52
40.845    51
40.87     49
40.895    48
40.92     46
40.945    44
40.97     43
40.995    43
41.02     43
41.045    44
41.07     45
41.095    46
41.12     47
41.145    47
41.17     46
41.195    44
41.22     42
41.245    40
41.27     38
41.295    35
41.32     33
41.345    30
41.37     28
41.395    26
41.42     25
41.445    24
41.47     23
41.495    23
41.52     22
41.545    21
41.57     21
41.595    20
41.62     20
41.645    19
41.67     19
41.695    19
41.72     20
41.745    22
41.77     23
41.795    24
41.82     24
41.845    23
41.87     21
41.895    19
41.92     16
41.945    12
41.97     9
41.995    7
42.02     5
42.045    4
42.07     4
42.095    5
42.12     6
42.145    7
42.17     8
42.195    9
42.22     9
42.245    9
42.27     8
42.295    7
42.32     7
42.345    7
42.37     8
42.395    8
42.42     8
42.445    7
42.47     6
42.495    6
42.52     6
42.545    7
42.57     7
42.595    7
42.62     6
42.645    5
42.67     3
42.695    2
42.72     1
42.745    1
42.77     1
42.795    1
42.82     2
42.845    2
42.87     3
42.895    5
42.92     7
42.945    10
42.97     12
42.995    13
43.02     13
43.045    12
43.07     11
43.095    10
43.12     9
43.145    7
43.17     6
43.195    4
43.22     3
43.245    3
43.27     4
43.295    6
43.32     8
43.345    11
43.37     13
43.395    14
43.42     15
43.445    14
43.47     13
43.495    11
43.52     9
43.545    8
43.57     8
43.595    9
43.62     10
43.645    12
43.67     14
43.695    16
43.72     17
43.745    18
43.77     18
43.795    17
43.82     16
43.845    14
43.87     11
43.895    9
43.92     7
43.945    6
43.97     6
43.995    6
44.02     7
44.045    7
44.07     7
44.095    7
44.12     7
44.145    7
44.17     7
44.195    8
44.22     9
44.245    10
44.27     11
44.295    12
44.32     13
44.345    14
44.37     15
44.395    16
44.42     17
44.445    18
44.47     18
44.495    17
44.52     15
44.545    13
44.57     10
44.595    7
44.62     5
44.645    4
44.67     3
44.695    3
44.72     3
44.745    4
44.77     6
44.795    9
44.82     12
44.845    14
44.87     15
44.895    15
44.92     14
44.945    12
44.97     9
44.995    6
45.02     4
45.045    3
45.07     3
45.095    3
45.12     4
45.145    5
45.17     5
45.195    6
45.22     7
45.245    8
45.27     10
45.295    12
45.32     15
45.345    18
45.37     21
45.395    23
45.42     24
45.445    23
45.47     22
45.495    19
45.52     16
45.545    12
45.57     9
45.595    6
45.62     5
45.645    5
45.67     7
45.695    9
45.72     13
45.745    15
45.77     17
45.795    18
45.82     17
45.845    16
45.87     14
45.895    13
45.92     13
45.945    13
45.97     15
45.995    17
46.02     18
46.045    19
46.07     19
46.095    17
46.12     15
46.145    11
46.17     9
46.195    6
46.22     5
46.245    5
46.27     6
46.295    8
46.32     10
46.345    11
46.37     12
46.395    12
46.42     12
46.445    13
46.47     13
46.495    13
46.52     14
46.545    14
46.57     14
46.595    14
46.62     14
46.645    14
46.67     15
46.695    16
46.72     18
46.745    20
46.77     21
46.795    21
46.82     21
46.845    20
46.87     19
46.895    19
46.92     19
46.945    20
46.97     20
46.995    19
47.02     18
47.045    16
47.07     14
47.095    12
47.12     11
47.145    11
47.17     11
47.195    12
47.22     14
47.245    16
47.27     18
47.295    21
47.32     24
47.345    26
47.37     29
47.395    31
47.42     33
47.445    33
47.47     33
47.495    31
47.52     28
47.545    25
47.57     23
47.595    21
47.62     21
47.645    21
47.67     23
47.695    26
47.72     29
47.745    32
47.77     34
47.795    35
47.82     35
47.845    34
47.87     33
47.895    32
47.92     31
47.945    30
47.97     29
47.995    28
48.02     28
48.045    28
48.07     29
48.095    30
48.12     30
48.145    29
48.17     27
48.195    24
48.22     20
48.245    16
48.27     13
48.295    11
48.32     11
48.345    12
48.37     14
48.395    17
48.42     19
48.445    21
48.47     23
48.495    24
48.52     24
48.545    24
48.57     25
48.595    25
48.62     26
48.645    27
48.67     27
48.695    28
48.72     28
48.745    27
48.77     25
48.795    23
48.82     20
48.845    18
48.87     17
48.895    16
48.92     17
48.945    19
48.97     22
48.995    26
49.02     30
49.045    33
49.07     35
49.095    35
49.12     35
49.145    34
49.17     32
49.195    31
49.22     30
49.245    30
49.27     30
49.295    30
49.32     29
49.345    27
49.37     24
49.395    21
49.42     17
49.445    14
49.47     12
49.495    10
49.52     10
49.545    11
49.57     13
49.595    15
49.62     16
49.645    17
49.67     17
49.695    16
49.72     15
49.745    15
49.77     15
49.795    17
49.82     19
49.845    23
49.87     27
49.895    31
49.92     34
49.945    37
49.97     38
49.995    37
50.02     35
50.045    31
50.07     27
50.095    22
50.12     17
50.145    13
50.17     11
50.195    10
50.22     11
50.245    14
50.27     18
50.295    22
50.32     26
50.345    28
50.37     29
50.395    29
50.42     28
50.445    27
50.47     26
50.495    25
50.52     26
50.545    27
50.57     28
50.595    28
50.62     29
50.645    28
50.67     27
50.695    25
50.72     23
50.745    21
50.77     19
50.795    17
50.82     15
50.845    14
50.87     13
50.895    12
50.92     11
50.945    11
50.97     11
50.995    12
51.02     13
51.045    15
51.07     17
51.095    20
51.12     24
51.145    28
51.17     32
51.195    36
51.22     38
51.245    38
51.27     37
51.295    33
51.32     29
51.345    23
51.37     18
51.395    14
51.42     12
51.445    10
51.47     10
51.495    10
51.52     11
51.545    12
51.57     12
51.595    12
51.62     11
51.645    11
51.67     11
51.695    13
51.72     14
51.745    16
51.77     17
51.795    17
51.82     16
51.845    15
51.87     13
51.895    11
51.92     9
51.945    8
51.97     8
51.995    10
52.02     11
52.045    13
52.07     16
52.095    17
52.12     18
52.145    18
52.17     18
52.195    17
52.22     17
52.245    16
52.27     16
52.295    15
52.32     14
52.345    14
52.37     13
52.395    13
52.42     13
52.445    13
52.47     12
52.495    12
52.52     12
52.545    12
52.57     12
52.595    13
52.62     14
52.645    15
52.67     16
52.695    17
52.72     17
52.745    17
52.77     17
52.795    17
52.82     17
52.845    18
52.87     19
52.895    21
52.92     23
52.945    24
52.97     24
52.995    23
53.02     21
53.045    18
53.07     15
53.095    11
53.12     8
53.145    6
53.17     5
53.195    5
53.22     5
53.245    6
53.27     8
53.295    9
53.32     10
53.345    10
53.37     10
53.395    9
53.42     8
53.445    8
53.47     8
53.495    9
53.52     11
53.545    14
53.57     18
53.595    21
53.62     23
53.645    24
53.67     24
53.695    22
53.72     20
53.745    16
53.77     13
53.795    10
53.82     8
53.845    8
53.87     8
53.895    10
53.92     13
53.945    16
53.97     18
53.995    20
54.02     21
54.045    20
54.07     18
54.095    15
54.12     13
54.145    11
54.17     10
54.195    12
54.22     14
54.245    18
54.27     22
54.295    25
54.32     28
54.345    29
54.37     28
54.395    26
54.42     23
54.445    20
54.47     18
54.495    17
54.52     16
54.545    16
54.57     17
54.595    17
54.62     17
54.645    17
54.67     16
54.695    16
54.72     15
54.745    15
54.77     15
54.795    15
54.82     14
54.845    13
54.87     12
54.895    11
54.92     11
54.945    11
54.97     13
54.995    16
55.02     19
55.045    23
55.07     27
55.095    31
55.12     33
55.145    34
55.17     33
55.195    29
55.22     25
55.245    20
55.27     16
55.295    13
55.32     12
55.345    12
55.37     14
55.395    17
55.42     21
55.445    24
55.47     27
55.495    28
55.52     28
55.545    26
55.57     24
55.595    22
55.62     20
55.645    19
55.67     19
55.695    18
55.72     18
55.745    17
55.77     16
55.795    15
55.82     14
55.845    14
55.87     14
55.895    15
55.92     16
55.945    17
55.97     18
55.995    19
56.02     19
56.045    18
56.07     17
56.095    15
56.12     13
56.145    12
56.17     12
56.195    13
56.22     15
56.245    18
56.27     20
56.295    21
56.32     21
56.345    20
56.37     18
56.395    16
56.42     14
56.445    12
56.47     11
56.495    11
56.52     12
56.545    13
56.57     14
56.595    14
56.62     14
56.645    14
56.67     14
56.695    14
56.72     14
56.745    14
56.77     14
56.795    13
56.82     12
56.845    11
56.87     10
56.895    9
56.92     9
56.945    10
56.97     12
56.995    14
57.02     18
57.045    21
57.07     24
57.095    26
57.12     27
57.145    27
57.17     26
57.195    24
57.22     22
57.245    19
57.27     16
57.295    13
57.32     11
57.345    10
57.37     9
57.395    10
57.42     11
57.445    13
57.47     14
57.495    14
57.52     13
57.545    11
57.57     8
57.595    5
57.62     3
57.645    1
57.67     1
57.695    2
57.72     4
57.745    7
57.77     10
57.795    12
57.82     13
57.845    13
57.87     12
57.895    10
57.92     9
57.945    8
57.97     7
57.995    7
58.02     8
58.045    9
58.07     10
58.095    10
58.12     10
58.145    10
58.17     10
58.195    11
58.22     12
58.245    14
58.27     16
58.295    18
58.32     19
58.345    19
58.37     18
58.395    16
58.42     14
58.445    12
58.47     11
58.495    11
58.52     11
58.545    12
58.57     14
58.595    16
58.62     18
58.645    20
58.67     21
58.695    21
58.72     21
58.745    21
58.77     22
58.795    22
58.82     23
58.845    23
58.87     22
58.895    20
58.92     18
58.945    15
58.97     12
58.995    9
59.02     7
59.045    6
59.07     6
59.095    6
59.12     7
59.145    10
59.17     13
59.195    17
59.22     22
59.245    27
59.27     31
59.295    34
59.32     34
59.345    33
59.37     30
59.395    25
59.42     19
59.445    13
59.47     8
59.495    5
59.52     3
59.545    3
59.57     5
59.595    8
59.62     12
59.645    16
59.67     19
59.695    22
59.72     24
59.745    25
59.77     25
59.795    25
59.82     24
59.845    22
59.87     20
59.895    17
59.92     14
59.945    12
59.97     11
59.995    11
60.02     12
60.045    13
60.07     14
60.095    15
60.12     15
60.145    14
60.17     12
60.195    11
60.22     9
60.245    9
60.27     9
60.295    10
60.32     12
60.345    14
60.37     15
60.395    16
60.42     16
60.445    16
60.47     16
60.495    17
60.52     17
60.545    18
60.57     19
60.595    19
60.62     19
60.645    18
60.67     17
60.695    15
60.72     13
60.745    11
60.77     10
60.795    10
60.82     11
60.845    12
60.87     13
60.895    15
60.92     16
60.945    17
60.97     19
60.995    20
61.02     22
61.045    23
61.07     23
61.095    22
61.12     21
61.145    19
61.17     16
61.195    14
61.22     12
61.245    11
61.27     11
61.295    11
61.32     10
61.345    10
61.37     9
61.395    8
61.42     8
61.445    9
61.47     11
61.495    13
61.52     16
61.545    18
61.57     19
61.595    19
61.62     18
61.645    17
61.67     15
61.695    13
61.72     11
61.745    10
61.77     10
61.795    11
61.82     11
61.845    12
61.87     12
61.895    12
61.92     12
61.945    11
61.97     10
61.995    10
62.02     9
62.045    8
62.07     8
62.095    8
62.12     9
62.145    9
62.17     10
62.195    10
62.22     10
62.245    10
62.27     11
62.295    11
62.32     11
62.345    11
62.37     11
62.395    11
62.42     12
62.445    14
62.47     16
62.495    18
62.52     19
62.545    19
62.57     18
62.595    16
62.62     14
62.645    11
62.67     8
62.695    5
62.72     3
62.745    2
62.77     2
62.795    2
62.82     3
62.845    4
62.87     6
62.895    8
62.92     11
62.945    13
62.97     14
62.995    14
63.02     13
63.045    11
63.07     9
63.095    7
63.12     5
63.145    4
63.17     4
63.195    4
63.22     5
63.245    7
63.27     10
63.295    13
63.32     15
63.345    16
63.37     17
63.395    16
63.42     14
63.445    12
63.47     9
63.495    7
63.52     6
63.545    6
63.57     7
63.595    9
63.62     10
63.645    12
63.67     12
63.695    12
63.72     11
63.745    9
63.77     7
63.795    5
63.82     4
63.845    4
63.87     4
63.895    5
63.92     6
63.945    7
63.97     8
63.995    8
64.02     7
64.045    6
64.07     5
64.095    4
64.12     4
64.145    4
64.17     5
64.195    5
64.22     5
64.245    5
64.27     5
64.295    6
64.32     7
64.345    8
64.37     9
64.395    10
64.42     11
64.445    11
64.47     10
64.495    9
64.52     8
64.545    8
64.57     8
64.595    9
64.62     11
64.645    12
64.67     13
64.695    13
64.72     12
64.745    11
64.77     10
64.795    9
64.82     8
64.845    7
64.87     7
64.895    6
64.92     5
64.945    5
64.97     4
64.995    3
65.02     2
65.045    2
65.07     2
65.095    2
65.12     2
65.145    3
65.17     3
65.195    3
65.22     3
65.245    3
65.27     2
65.295    2
65.32     2
65.345    3
65.37     5
65.395    7
65.42     8
65.445    9
65.47     9
65.495    8
65.52     6
65.545    5
65.57     4
65.595    3
65.62     3
65.645    4
65.67     5
65.695    6
65.72     6
65.745    6
65.77     6
65.795    6
65.82     7
65.845    9
65.87     11
65.895    13
65.92     15
65.945    16
65.97     17
65.995    17
66.02     17
66.045    16
66.07     14
66.095    12
66.12     9
66.145    7
66.17     6
66.195    5
66.22     6
66.245    8
66.27     10
66.295    13
66.32     15
66.345    16
66.37     16
66.395    14
66.42     12
66.445    9
66.47     6
66.495    3
66.52     1
66.545    0
66.57     0
66.595    0
66.62     0
66.645    0
66.67     1
66.695    2
66.72     3
66.745    3
66.77     3
66.795    3
66.82     3
66.845    3
66.87     4
66.895    6
66.92     8
66.945    11
66.97     13
66.995    14
67.02     14
67.045    13
67.07     12
67.095    11
67.12     11
67.145    10
67.17     9
67.195    9
67.22     8
67.245    7
67.27     6
67.295    5
67.32     5
67.345    5
67.37     6
67.395    8
67.42     10
67.445    13
67.47     15
67.495    17
67.52     17
67.545    17
67.57     15
67.595    13
67.62     11
67.645    9
67.67     9
67.695    9
67.72     11
67.745    14
67.77     17
67.795    20
67.82     21
67.845    22
67.87     21
67.895    19
67.92     16
67.945    13
67.97     10
67.995    8
68.02     7
68.045    7
68.07     8
68.095    8
68.12     8
68.145    7
68.17     6
68.195    4
68.22     3
68.245    3
68.27     4
68.295    6
68.32     8
68.345    9
68.37     11
68.395    12
68.42     13
68.445    14
68.47     16
68.495    18
68.52     21
68.545    24
68.57     26
68.595    27
68.62     28
68.645    27
68.67     26
68.695    25
68.72     23
68.745    23
68.77     22
68.795    22
68.82     22
68.845    22
68.87     21
68.895    20
68.92     18
68.945    16
68.97     15
68.995    15
69.02     16
69.045    18
69.07     21
69.095    23
69.12     24
69.145    25
69.17     24
69.195    22
69.22     19
69.245    16
69.27     13
69.295    10
69.32     8
69.345    7
69.37     7
69.395    9
69.42     11
69.445    14
69.47     18
69.495    21
69.52     24
69.545    26
69.57     26
69.595    26
69.62     25
69.645    23
69.67     21
69.695    20
69.72     20
69.745    20
69.77     22
69.795    24
69.82     27
69.845    30
69.87     32
69.895    34
69.92     34
69.945    34
69.97     32
69.995    30
70.02     28
70.045    25
70.07     23
70.095    21
70.12     20
70.145    20
70.17     20
70.195    21
70.22     22
70.245    23
70.27     24
70.295    24
70.32     23
70.345    22
70.37     20
70.395    19
70.42     19
70.445    19
70.47     20
70.495    22
70.52     24
70.545    26
70.57     27
70.595    27
70.62     27
70.645    25
70.67     22
70.695    19
70.72     16
70.745    14
70.77     13
70.795    13
70.82     14
70.845    15
70.87     16
70.895    16
70.92     16
70.945    15
70.97     14
70.995    13
71.02     12
71.045    12
71.07     13
71.095    13
71.12     13
71.145    14
71.17     15
71.195    17
71.22     19
71.245    21
71.27     24
71.295    26
71.32     27
71.345    27
71.37     26
71.395    24
71.42     21
71.445    18
71.47     15
71.495    13
71.52     12
71.545    12
71.57     13
71.595    14
71.62     16
71.645    17
71.67     18
71.695    19
71.72     20
71.745    21
71.77     23
71.795    24
71.82     24
71.845    24
71.87     22
71.895    20
71.92     17
71.945    14
71.97     12
71.995    10
72.02     8
72.045    7
72.07     7
72.095    7
72.12     8
72.145    9
72.17     11
72.195    12
72.22     13
72.245    13
72.27     13
72.295    12
72.32     11
72.345    10
72.37     10
72.395    11
72.42     12
72.445    13
72.47     15
72.495    16
72.52     16
72.545    15
72.57     13
72.595    10
72.62     7
72.645    5
72.67     4
72.695    4
72.72     6
72.745    8
72.77     11
72.795    14
72.82     17
72.845    19
72.87     20
72.895    20
72.92     19
72.945    17
72.97     14
72.995    11
73.02     8
73.045    6
73.07     5
73.095    4
73.12     4
73.145    5
73.17     6
73.195    8
73.22     10
73.245    12
73.27     13
73.295    13
73.32     12
73.345    11
73.37     10
73.395    9
73.42     9
73.445    9
73.47     9
73.495    10
73.52     11
73.545    13
73.57     15
73.595    17
73.62     18
73.645    19
73.67     19
73.695    17
73.72     15
73.745    12
73.77     8
73.795    5
73.82     3
73.845    2
73.87     3
73.895    5
73.92     9
73.945    13
73.97     17
73.995    21
74.02     23
74.045    24
74.07     23
74.095    21
74.12     19
74.145    16
74.17     14
74.195    12
74.22     10
74.245    8
74.27     6
74.295    4
74.32     3
74.345    3
74.37     5
74.395    7
74.42     10
74.445    14
74.47     17
74.495    19
74.52     20
74.545    19
74.57     17
74.595    14
74.62     10
74.645    7
74.67     4
74.695    3
74.72     2
74.745    3
74.77     5
74.795    7
74.82     10
74.845    12
74.87     13
74.895    13
74.92     12
74.945    11
74.97     9
74.995    7
75.02     5
75.045    4
75.07     3
75.095    3
75.12     4
75.145    6
75.17     8
75.195    11
75.22     13
75.245    15
75.27     16
75.295    16
75.32     15
75.345    14
75.37     12
75.395    10
75.42     9
75.445    7
75.47     6
75.495    4
75.52     2
75.545    1
75.57     0
75.595    0
75.62     1
75.645    2
75.67     4
75.695    6
75.72     9
75.745    11
75.77     12
75.795    13
75.82     12
75.845    11
75.87     9
75.895    7
75.92     5
75.945    4
75.97     4
75.995    5
76.02     6
76.045    8
76.07     9
76.095    9
76.12     9
76.145    8
76.17     7
76.195    7
76.22     8
76.245    10
76.27     12
76.295    15
76.32     17
76.345    18
76.37     19
76.395    18
76.42     16
76.445    13
76.47     10
76.495    7
76.52     5
76.545    4
76.57     3
76.595    3
76.62     3
76.645    3
76.67     4
76.695    4
76.72     5
76.745    6
76.77     7
76.795    8
76.82     8
76.845    7
76.87     6
76.895    5
76.92     5
76.945    5
76.97     5
76.995    5
77.02     5
77.045    5
77.07     4
77.095    3
77.12     2
77.145    2
77.17     2
77.195    4
77.22     6
77.245    9
77.27     13
77.295    16
77.32     19
77.345    20
77.37     21
77.395    20
77.42     18
77.445    15
77.47     12
77.495    10
77.52     8
77.545    7
77.57     7
77.595    8
77.62     10
77.645    12
77.67     14
77.695    15
77.72     15
77.745    15
77.77     14
77.795    13
77.82     12
77.845    12
77.87     12
77.895    13
77.92     14
77.945    14
77.97     14
77.995    13
78.02     12
78.045    11
78.07     9
78.095    7
78.12     6
78.145    5
78.17     4
78.195    4
78.22     4
78.245    5
78.27     7
78.295    8
78.32     9
78.345    9
78.37     8
78.395    7
78.42     6
78.445    5
78.47     5
78.495    6
78.52     8
78.545    11
78.57     14
78.595    16
78.62     17
78.645    17
78.67     16
78.695    15
78.72     14
78.745    12
78.77     11
78.795    11
78.82     11
78.845    12
78.87     13
78.895    14
78.92     15
78.945    15
78.97     14
78.995    12
79.02     10
79.045    8
79.07     7
79.095    6
79.12     5
79.145    5
79.17     6
79.195    7
79.22     9
79.245    10
79.27     12
79.295    13
79.32     14
79.345    15
79.37     16
79.395    17
79.42     18
79.445    19
79.47     19
79.495    18
79.52     17
79.545    15
79.57     12
79.595    10
79.62     7
79.645    5
79.67     4
79.695    4
79.72     4
79.745    5
79.77     6
79.795    6
79.82     7
79.845    8
79.87     9
79.895    9
79.92     9
79.945    8
79.97     8
79.995    9
80.02     10
80.045    12
80.07     13
80.095    14
80.12     14
80.145    14
80.17     13
80.195    12
80.22     12
80.245    12
80.27     13
80.295    13
80.32     13
80.345    12
80.37     11
80.395    9
80.42     7
80.445    6
80.47     4
80.495    4
80.52     4
80.545    5
80.57     7
80.595    8
80.62     9
80.645    9
80.67     9
80.695    8
80.72     8
80.745    8
80.77     8
80.795    9
80.82     10
80.845    12
80.87     13
80.895    13
80.92     13
80.945    12
80.97     11
80.995    10
81.02     10
81.045    11
81.07     13
81.095    15
81.12     17
81.145    19
81.17     20
81.195    20
81.22     19
81.245    17
81.27     14
81.295    12
81.32     10
81.345    8
81.37     8
81.395    8
81.42     8
81.445    9
81.47     9
81.495    9
81.52     8
81.545    7
81.57     5
81.595    4
81.62     3
81.645    3
81.67     5
81.695    7
81.72     10
81.745    14
81.77     18
81.795    21
81.82     24
81.845    25
81.87     26
81.895    25
81.92     23
81.945    20
81.97     16
81.995    12
82.02     9
82.045    6
82.07     4
82.095    3
82.12     4
82.145    5
82.17     7
82.195    10
82.22     13
82.245    15
82.27     17
82.295    18
82.32     17
82.345    16
82.37     14
82.395    11
82.42     8
82.445    6
82.47     5
82.495    6
82.52     7
82.545    9
82.57     12
82.595    14
82.62     16
82.645    17
82.67     17
82.695    17
82.72     16
82.745    15
82.77     13
82.795    12
82.82     10
82.845    9
82.87     9
82.895    9
82.92     11
82.945    12
82.97     13
82.995    15
83.02     15
83.045    15
83.07     14
83.095    12
83.12     10
83.145    9
83.17     8
83.195    8
83.22     9
83.245    11
83.27     13
83.295    16
83.32     18
83.345    21
83.37     23
83.395    25
83.42     26
83.445    26
83.47     25
83.495    23
83.52     20
83.545    17
83.57     14
83.595    11
83.62     9
83.645    7
83.67     6
83.695    6
83.72     7
83.745    9
83.77     11
83.795    13
83.82     15
83.845    16
83.87     17
83.895    17
83.92     18
83.945    19
83.97     19
83.995    20
84.02     20
84.045    20
84.07     19
84.095    17
84.12     15
84.145    13
84.17     11
84.195    10
84.22     10
84.245    11
84.27     13
84.295    15
84.32     17
84.345    19
84.37     21
84.395    22
84.42     23
84.445    24
84.47     26
84.495    28
84.52     31
84.545    33
84.57     35
84.595    37
84.62     39
84.645    40
84.67     41
84.695    41
84.72     39
84.745    37
84.77     33
84.795    28
84.82     23
84.845    18
84.87     14
84.895    12
84.92     11
84.945    12
84.97     14
84.995    17
85.02     20
85.045    23
85.07     27
85.095    31
85.12     36
85.145    40
85.17     44
85.195    46
85.22     46
85.245    44
85.27     40
85.295    35
85.32     29
85.345    23
85.37     17
85.395    13
85.42     11
85.445    11
85.47     13
85.495    17
85.52     21
85.545    26
85.57     31
85.595    36
85.62     40
85.645    43
85.67     45
85.695    46
85.72     46
85.745    45
85.77     44
85.795    42
85.82     40
85.845    38
85.87     37
85.895    37
85.92     37
